10000 17 40 93 55 31 98 61 72 37 80 24 44 95 22 68 47 78 69 91 
17 10000 94 82 31 76 72 48 52 16 70 25 95 83 75 37 10 56 55 81 
40 94 10000 67 76 95 55 11 70 10 79 57 93 45 88 21 85 70 78 38 
93 82 67 10000 88 41 61 61 27 34 75 68 54 76 28 88 50 79 44 22 
55 31 76 88 10000 42 48 47 92 84 24 63 18 28 34 70 59 78 24 55 
31 76 95 41 42 10000 78 71 41 96 37 21 32 20 45 68 43 47 94 53 
98 72 55 61 48 78 10000 84 57 21 49 80 62 81 86 53 86 89 49 58 
61 48 11 61 47 71 84 10000 70 53 62 43 40 76 30 23 83 63 68 15 
72 52 70 27 92 41 57 70 10000 57 52 65 41 34 70 99 57 29 51 89 
37 16 10 34 84 96 21 53 57 10000 37 64 44 33 77 10 91 88 15 53 
80 70 79 75 24 37 49 62 52 37 10000 51 52 92 24 43 63 67 77 31 
24 25 57 68 63 21 80 43 65 64 51 10000 84 64 20 56 38 72 76 72 
44 95 93 54 18 32 62 40 41 44 52 84 10000 75 32 36 74 28 73 42 
95 83 45 76 28 20 81 76 34 33 92 64 75 10000 15 35 20 68 68 32 
22 75 88 28 34 45 86 30 70 77 24 20 32 15 10000 26 79 84 57 93 
68 37 21 88 70 68 53 23 99 10 43 56 36 35 26 10000 51 42 78 12 
47 10 85 50 59 43 86 83 57 91 63 38 74 20 79 51 10000 94 21 58 
78 56 70 79 78 47 89 63 29 88 67 72 28 68 84 42 94 10000 94 68 
69 55 78 44 24 94 49 68 51 15 77 76 73 68 57 78 21 94 10000 74 
91 81 38 22 55 53 58 15 89 53 31 72 42 32 93 12 58 68 74 10000 

10000 39 61 40 30 32 51 43 10 59 57 91 10 16 15 27 91 70 46 57 
39 10000 84 25 35 85 55 49 44 11 53 51 17 73 34 63 84 53 36 28 
61 84 10000 26 10 17 55 63 71 91 43 75 70 99 56 79 23 98 18 93 
40 25 26 10000 60 38 66 90 26 43 37 52 17 81 17 38 18 94 16 43 
30 35 10 60 10000 14 93 80 65 20 15 61 92 23 44 11 46 87 75 95 
32 85 17 38 14 10000 88 61 14 86 97 41 55 80 92 74 98 56 19 30 
51 55 55 66 93 88 10000 87 84 99 51 38 18 86 38 58 46 85 69 16 
43 49 63 90 80 61 87 10000 81 33 99 13 29 22 72 67 19 11 83 44 
10 44 71 26 65 14 84 81 10000 98 53 93 14 61 58 45 19 93 24 45 
59 11 91 43 20 86 99 33 98 10000 18 70 13 60 20 62 92 84 47 63 
57 53 43 37 15 97 51 99 53 18 10000 93 98 34 80 10 44 93 17 92 
91 51 75 52 61 41 38 13 93 70 93 10000 83 41 90 22 27 28 60 10 
10 17 70 17 92 55 18 29 14 13 98 83 10000 40 74 60 96 96 68 65 
16 73 99 81 23 80 86 22 61 60 34 41 40 10000 74 12 60 22 33 99 
15 34 56 17 44 92 38 72 58 20 80 90 74 74 10000 37 39 87 25 29 
27 63 79 38 11 74 58 67 45 62 10 22 60 12 37 10000 32 96 56 88 
91 84 23 18 46 98 46 19 19 92 44 27 96 60 39 32 10000 89 75 86 
70 53 98 94 87 56 85 11 93 84 93 28 96 22 87 96 89 10000 12 92 
46 36 18 16 75 19 69 83 24 47 17 60 68 33 25 56 75 12 10000 33 
57 28 93 43 95 30 16 44 45 63 92 10 65 99 29 88 86 92 33 10000 

