1 2 1 72
1 3 1 58
1 4 1 52
1 5 1 47
1 6 1 71
2 3 1 10
2 4 1 47
2 5 1 13
2 6 1 27
2 7 1 63
2 8 1 48
2 9 1 91
2 10 1 50
2 11 1 80
3 4 1 41
3 5 1 47
3 6 1 27
3 7 1 73
3 8 1 47
3 9 1 31
3 10 1 97
3 11 1 98
4 5 1 43
4 6 1 12
4 7 1 30
4 8 1 38
4 9 1 88
4 10 1 40
4 11 1 60
5 6 1 10
5 7 1 71
5 8 1 68
5 9 1 94
5 10 1 53
5 11 1 77
6 7 1 55
6 8 1 73
6 9 1 68
6 10 1 32
6 11 1 94
7 8 1 46
7 9 1 27
7 10 1 48
7 11 1 29
7 12 1 30
7 13 1 40
7 14 1 90
7 15 1 76
7 16 1 93
8 9 1 32
8 10 1 19
8 11 1 37
8 12 1 89
8 13 1 49
8 14 1 99
8 15 1 61
8 16 1 87
9 10 1 31
9 11 1 17
9 12 1 50
9 13 1 51
9 14 1 56
9 15 1 32
9 16 1 51
10 11 1 43
10 12 1 33
10 13 1 73
10 14 1 70
10 15 1 99
10 16 1 78
11 12 1 88
11 13 1 89
11 14 1 32
11 15 1 39
11 16 1 66
12 13 1 22
12 14 1 17
12 15 1 28
12 16 1 24
12 17 1 55
12 18 1 86
12 19 1 37
12 20 1 82
12 21 1 72
13 14 1 35
13 15 1 46
13 16 1 20
13 17 1 63
13 18 1 49
13 19 1 30
13 20 1 63
13 21 1 34
14 15 1 27
14 16 1 31
14 17 1 46
14 18 1 69
14 19 1 85
14 20 1 98
14 21 1 71
15 16 1 18
15 17 1 87
15 18 1 93
15 19 1 67
15 20 1 56
15 21 1 98
16 17 1 54
16 18 1 32
16 19 1 93
16 20 1 90
16 21 1 88
17 18 1 13
17 19 1 15
17 20 1 34
17 21 1 27
17 22 1 46
17 23 1 60
17 24 1 63
17 25 1 75
17 26 1 40
17 27 1 40
18 19 1 45
18 20 1 47
18 21 1 40
18 22 1 43
18 23 1 42
18 24 1 84
18 25 1 49
18 26 1 97
18 27 1 45
19 20 1 21
19 21 1 20
19 22 1 36
19 23 1 67
19 24 1 96
19 25 1 81
19 26 1 43
19 27 1 48
20 21 1 24
20 22 1 32
20 23 1 41
20 24 1 50
20 25 1 35
20 26 1 64
20 27 1 65
21 22 1 36
21 23 1 52
21 24 1 48
21 25 1 53
21 26 1 64
21 27 1 68
22 23 1 28
22 24 1 27
22 25 1 16
22 26 1 45
22 27 1 44
22 28 1 96
22 29 1 94
22 30 1 57
22 31 1 38
22 32 1 87
23 24 1 48
23 25 1 22
23 26 1 18
23 27 1 12
23 28 1 67
23 29 1 57
23 30 1 78
23 31 1 65
23 32 1 58
24 25 1 41
24 26 1 38
24 27 1 50
24 28 1 97
24 29 1 34
24 30 1 42
24 31 1 79
24 32 1 62
25 26 1 28
25 27 1 38
25 28 1 56
25 29 1 63
25 30 1 89
25 31 1 71
25 32 1 99
26 27 1 19
26 28 1 40
26 29 1 58
26 30 1 31
26 31 1 89
26 32 1 62
27 28 1 61
27 29 1 67
27 30 1 58
27 31 1 60
27 32 1 74
28 29 1 40
28 30 1 12
28 31 1 24
28 32 1 27
28 33 1 50
28 34 1 78
28 35 1 56
28 36 1 44
29 30 1 38
29 31 1 43
29 32 1 41
29 33 1 37
29 34 1 31
29 35 1 63
29 36 1 73
30 31 1 46
30 32 1 11
30 33 1 67
30 34 1 31
30 35 1 36
30 36 1 66
31 32 1 12
31 33 1 84
31 34 1 80
31 35 1 34
31 36 1 30
32 33 1 84
32 34 1 58
32 35 1 58
32 36 1 48
33 34 1 23
33 35 1 14
33 36 1 21
33 37 1 59
33 38 1 68
33 39 1 93
33 40 1 98
34 35 1 47
34 36 1 14
34 37 1 97
34 38 1 81
34 39 1 52
34 40 1 49
35 36 1 26
35 37 1 42
35 38 1 98
35 39 1 40
35 40 1 47
36 37 1 33
36 38 1 48
36 39 1 66
36 40 1 86
37 38 1 32
37 39 1 46
37 40 1 13
37 41 1 77
37 42 1 53
37 43 1 62
37 44 1 57
37 45 1 30
38 39 1 20
38 40 1 25
38 41 1 100
38 42 1 96
38 43 1 84
38 44 1 42
38 45 1 88
39 40 1 12
39 41 1 33
39 42 1 50
39 43 1 61
39 44 1 95
39 45 1 94
40 41 1 56
40 42 1 64
40 43 1 37
40 44 1 85
40 45 1 74
41 42 1 32
41 43 1 19
41 44 1 27
41 45 1 39
41 46 1 76
41 47 1 41
41 48 1 75
41 49 1 75
42 43 1 48
42 44 1 22
42 45 1 29
42 46 1 52
42 47 1 76
42 48 1 81
42 49 1 50
43 44 1 14
43 45 1 45
43 46 1 56
43 47 1 89
43 48 1 95
43 49 1 84
44 45 1 10
44 46 1 90
44 47 1 97
44 48 1 32
44 49 1 61
45 46 1 39
45 47 1 86
45 48 1 87
45 49 1 38
46 47 1 34
46 48 1 14
46 49 1 32
46 50 1 99
47 48 1 17
47 49 1 35
47 50 1 52
48 49 1 21
48 50 1 64
49 50 1 71

1 2 2 68
1 3 2 89
1 4 2 70
1 5 2 57
1 6 2 83
2 3 2 16
2 4 2 19
2 5 2 35
2 6 2 42
2 7 2 73
2 8 2 32
2 9 2 99
2 10 2 69
2 11 2 48
3 4 2 50
3 5 2 29
3 6 2 14
3 7 2 33
3 8 2 97
3 9 2 44
3 10 2 36
3 11 2 67
4 5 2 37
4 6 2 46
4 7 2 61
4 8 2 95
4 9 2 33
4 10 2 93
4 11 2 84
5 6 2 11
5 7 2 49
5 8 2 76
5 9 2 77
5 10 2 62
5 11 2 82
6 7 2 83
6 8 2 36
6 9 2 92
6 10 2 53
6 11 2 41
7 8 2 20
7 9 2 30
7 10 2 46
7 11 2 41
7 12 2 97
7 13 2 68
7 14 2 80
7 15 2 45
7 16 2 96
8 9 2 30
8 10 2 39
8 11 2 21
8 12 2 75
8 13 2 97
8 14 2 58
8 15 2 71
8 16 2 35
9 10 2 10
9 11 2 49
9 12 2 51
9 13 2 83
9 14 2 79
9 15 2 62
9 16 2 79
10 11 2 19
10 12 2 78
10 13 2 49
10 14 2 33
10 15 2 60
10 16 2 70
11 12 2 56
11 13 2 46
11 14 2 60
11 15 2 86
11 16 2 67
12 13 2 35
12 14 2 45
12 15 2 20
12 16 2 32
12 17 2 85
12 18 2 67
12 19 2 98
12 20 2 68
12 21 2 35
13 14 2 34
13 15 2 30
13 16 2 12
13 17 2 97
13 18 2 60
13 19 2 52
13 20 2 100
13 21 2 56
14 15 2 31
14 16 2 42
14 17 2 69
14 18 2 51
14 19 2 78
14 20 2 59
14 21 2 80
15 16 2 29
15 17 2 81
15 18 2 94
15 19 2 67
15 20 2 34
15 21 2 40
16 17 2 61
16 18 2 44
16 19 2 84
16 20 2 34
16 21 2 79
17 18 2 33
17 19 2 46
17 20 2 33
17 21 2 16
17 22 2 91
17 23 2 82
17 24 2 80
17 25 2 52
17 26 2 88
17 27 2 76
18 19 2 10
18 20 2 35
18 21 2 49
18 22 2 99
18 23 2 51
18 24 2 54
18 25 2 70
18 26 2 89
18 27 2 30
19 20 2 30
19 21 2 29
19 22 2 81
19 23 2 83
19 24 2 70
19 25 2 65
19 26 2 70
19 27 2 46
20 21 2 20
20 22 2 86
20 23 2 61
20 24 2 100
20 25 2 96
20 26 2 70
20 27 2 78
21 22 2 32
21 23 2 95
21 24 2 80
21 25 2 90
21 26 2 77
21 27 2 31
22 23 2 36
22 24 2 14
22 25 2 26
22 26 2 12
22 27 2 31
22 28 2 84
22 29 2 47
22 30 2 59
22 31 2 30
22 32 2 36
23 24 2 45
23 25 2 40
23 26 2 35
23 27 2 12
23 28 2 71
23 29 2 47
23 30 2 75
23 31 2 67
23 32 2 91
24 25 2 17
24 26 2 46
24 27 2 45
24 28 2 48
24 29 2 87
24 30 2 33
24 31 2 51
24 32 2 100
25 26 2 26
25 27 2 30
25 28 2 53
25 29 2 63
25 30 2 89
25 31 2 98
25 32 2 55
26 27 2 40
26 28 2 99
26 29 2 33
26 30 2 61
26 31 2 72
26 32 2 97
27 28 2 64
27 29 2 78
27 30 2 100
27 31 2 42
27 32 2 98
28 29 2 18
28 30 2 50
28 31 2 45
28 32 2 44
28 33 2 43
28 34 2 92
28 35 2 73
28 36 2 54
29 30 2 21
29 31 2 10
29 32 2 48
29 33 2 32
29 34 2 45
29 35 2 45
29 36 2 60
30 31 2 28
30 32 2 28
30 33 2 45
30 34 2 85
30 35 2 76
30 36 2 94
31 32 2 50
31 33 2 50
31 34 2 41
31 35 2 68
31 36 2 48
32 33 2 99
32 34 2 51
32 35 2 45
32 36 2 85
33 34 2 38
33 35 2 13
33 36 2 21
33 37 2 100
33 38 2 97
33 39 2 78
33 40 2 36
34 35 2 10
34 36 2 49
34 37 2 40
34 38 2 99
34 39 2 49
34 40 2 34
35 36 2 22
35 37 2 79
35 38 2 80
35 39 2 93
35 40 2 56
36 37 2 75
36 38 2 66
36 39 2 30
36 40 2 55
37 38 2 41
37 39 2 21
37 40 2 48
37 41 2 76
37 42 2 31
37 43 2 94
37 44 2 82
37 45 2 85
38 39 2 42
38 40 2 16
38 41 2 60
38 42 2 42
38 43 2 78
38 44 2 87
38 45 2 55
39 40 2 15
39 41 2 62
39 42 2 70
39 43 2 78
39 44 2 59
39 45 2 92
40 41 2 33
40 42 2 65
40 43 2 77
40 44 2 70
40 45 2 91
41 42 2 43
41 43 2 43
41 44 2 13
41 45 2 32
41 46 2 36
41 47 2 64
41 48 2 97
41 49 2 57
42 43 2 46
42 44 2 45
42 45 2 18
42 46 2 92
42 47 2 34
42 48 2 95
42 49 2 97
43 44 2 31
43 45 2 43
43 46 2 87
43 47 2 86
43 48 2 89
43 49 2 56
44 45 2 18
44 46 2 81
44 47 2 33
44 48 2 30
44 49 2 60
45 46 2 69
45 47 2 78
45 48 2 66
45 49 2 53
46 47 2 25
46 48 2 47
46 49 2 38
46 50 2 75
47 48 2 14
47 49 2 35
47 50 2 74
48 49 2 19
48 50 2 59
49 50 2 100

1 2 3 79
1 3 3 94
1 4 3 92
1 5 3 77
1 6 3 89
2 3 3 24
2 4 3 14
2 5 3 23
2 6 3 32
2 7 3 35
2 8 3 76
2 9 3 92
2 10 3 64
2 11 3 92
3 4 3 25
3 5 3 29
3 6 3 11
3 7 3 35
3 8 3 46
3 9 3 40
3 10 3 39
3 11 3 41
4 5 3 45
4 6 3 10
4 7 3 39
4 8 3 47
4 9 3 36
4 10 3 84
4 11 3 41
5 6 3 12
5 7 3 89
5 8 3 46
5 9 3 37
5 10 3 52
5 11 3 51
6 7 3 36
6 8 3 95
6 9 3 45
6 10 3 76
6 11 3 55
7 8 3 44
7 9 3 16
7 10 3 25
7 11 3 39
7 12 3 91
7 13 3 70
7 14 3 93
7 15 3 37
7 16 3 60
8 9 3 26
8 10 3 49
8 11 3 22
8 12 3 71
8 13 3 83
8 14 3 34
8 15 3 92
8 16 3 96
9 10 3 11
9 11 3 24
9 12 3 86
9 13 3 36
9 14 3 98
9 15 3 54
9 16 3 61
10 11 3 49
10 12 3 95
10 13 3 96
10 14 3 45
10 15 3 80
10 16 3 55
11 12 3 71
11 13 3 59
11 14 3 68
11 15 3 77
11 16 3 88
12 13 3 47
12 14 3 45
12 15 3 45
12 16 3 14
12 17 3 50
12 18 3 50
12 19 3 60
12 20 3 76
12 21 3 92
13 14 3 30
13 15 3 30
13 16 3 42
13 17 3 86
13 18 3 44
13 19 3 42
13 20 3 82
13 21 3 76
14 15 3 48
14 16 3 48
14 17 3 86
14 18 3 87
14 19 3 42
14 20 3 76
14 21 3 49
15 16 3 35
15 17 3 87
15 18 3 40
15 19 3 79
15 20 3 32
15 21 3 69
16 17 3 33
16 18 3 94
16 19 3 52
16 20 3 66
16 21 3 53
17 18 3 28
17 19 3 48
17 20 3 18
17 21 3 18
17 22 3 39
17 23 3 88
17 24 3 86
17 25 3 39
17 26 3 77
17 27 3 43
18 19 3 43
18 20 3 44
18 21 3 37
18 22 3 68
18 23 3 55
18 24 3 42
18 25 3 34
18 26 3 70
18 27 3 89
19 20 3 26
19 21 3 49
19 22 3 66
19 23 3 73
19 24 3 36
19 25 3 66
19 26 3 41
19 27 3 55
20 21 3 20
20 22 3 61
20 23 3 63
20 24 3 50
20 25 3 51
20 26 3 91
20 27 3 79
21 22 3 56
21 23 3 32
21 24 3 47
21 25 3 97
21 26 3 78
21 27 3 40
22 23 3 20
22 24 3 33
22 25 3 36
22 26 3 33
22 27 3 42
22 28 3 64
22 29 3 53
22 30 3 57
22 31 3 37
22 32 3 52
23 24 3 14
23 25 3 17
23 26 3 24
23 27 3 44
23 28 3 44
23 29 3 79
23 30 3 91
23 31 3 48
23 32 3 34
24 25 3 40
24 26 3 14
24 27 3 45
24 28 3 33
24 29 3 91
24 30 3 83
24 31 3 51
24 32 3 62
25 26 3 38
25 27 3 15
25 28 3 67
25 29 3 81
25 30 3 74
25 31 3 36
25 32 3 43
26 27 3 29
26 28 3 59
26 29 3 39
26 30 3 85
26 31 3 46
26 32 3 35
27 28 3 45
27 29 3 80
27 30 3 45
27 31 3 56
27 32 3 53
28 29 3 21
28 30 3 13
28 31 3 48
28 32 3 19
28 33 3 92
28 34 3 65
28 35 3 90
28 36 3 59
29 30 3 33
29 31 3 23
29 32 3 38
29 33 3 46
29 34 3 63
29 35 3 100
29 36 3 69
30 31 3 25
30 32 3 25
30 33 3 38
30 34 3 60
30 35 3 72
30 36 3 70
31 32 3 49
31 33 3 51
31 34 3 91
31 35 3 59
31 36 3 95
32 33 3 51
32 34 3 57
32 35 3 80
32 36 3 38
33 34 3 25
33 35 3 22
33 36 3 32
33 37 3 70
33 38 3 51
33 39 3 62
33 40 3 47
34 35 3 28
34 36 3 47
34 37 3 71
34 38 3 32
34 39 3 30
34 40 3 86
35 36 3 35
35 37 3 60
35 38 3 73
35 39 3 78
35 40 3 79
36 37 3 87
36 38 3 71
36 39 3 63
36 40 3 73
37 38 3 34
37 39 3 26
37 40 3 50
37 41 3 59
37 42 3 64
37 43 3 86
37 44 3 44
37 45 3 55
38 39 3 27
38 40 3 17
38 41 3 54
38 42 3 86
38 43 3 58
38 44 3 100
38 45 3 59
39 40 3 24
39 41 3 54
39 42 3 33
39 43 3 31
39 44 3 76
39 45 3 58
40 41 3 88
40 42 3 83
40 43 3 69
40 44 3 41
40 45 3 31
41 42 3 41
41 43 3 23
41 44 3 30
41 45 3 18
41 46 3 73
41 47 3 87
41 48 3 92
41 49 3 84
42 43 3 34
42 44 3 40
42 45 3 48
42 46 3 58
42 47 3 55
42 48 3 30
42 49 3 89
43 44 3 32
43 45 3 22
43 46 3 91
43 47 3 100
43 48 3 59
43 49 3 86
44 45 3 11
44 46 3 70
44 47 3 52
44 48 3 90
44 49 3 37
45 46 3 75
45 47 3 74
45 48 3 87
45 49 3 49
46 47 3 33
46 48 3 19
46 49 3 49
46 50 3 76
47 48 3 49
47 49 3 38
47 50 3 73
48 49 3 40
48 50 3 67
49 50 3 92

