1 2 1 100
1 3 1 99
1 4 1 78
1 5 1 97
1 6 1 32
2 3 1 32
2 4 1 21
2 5 1 24
2 6 1 11
2 7 1 52
2 8 1 49
2 9 1 47
2 10 1 54
2 11 1 96
3 4 1 21
3 5 1 40
3 6 1 27
3 7 1 67
3 8 1 90
3 9 1 72
3 10 1 45
3 11 1 68
4 5 1 16
4 6 1 15
4 7 1 47
4 8 1 41
4 9 1 47
4 10 1 54
4 11 1 93
5 6 1 32
5 7 1 81
5 8 1 79
5 9 1 47
5 10 1 63
5 11 1 98
6 7 1 74
6 8 1 30
6 9 1 41
6 10 1 47
6 11 1 56
7 8 1 18
7 9 1 47
7 10 1 18
7 11 1 48
7 12 1 93
7 13 1 73
7 14 1 35
7 15 1 49
7 16 1 32
8 9 1 35
8 10 1 43
8 11 1 39
8 12 1 76
8 13 1 88
8 14 1 70
8 15 1 39
8 16 1 54
9 10 1 21
9 11 1 44
9 12 1 41
9 13 1 33
9 14 1 39
9 15 1 56
9 16 1 79
10 11 1 33
10 12 1 53
10 13 1 75
10 14 1 74
10 15 1 63
10 16 1 41
11 12 1 81
11 13 1 78
11 14 1 45
11 15 1 66
11 16 1 51
12 13 1 20
12 14 1 39
12 15 1 23
12 16 1 45
12 17 1 89
12 18 1 47
12 19 1 56
12 20 1 35
12 21 1 50
13 14 1 46
13 15 1 33
13 16 1 18
13 17 1 42
13 18 1 70
13 19 1 80
13 20 1 55
13 21 1 35
14 15 1 34
14 16 1 16
14 17 1 63
14 18 1 34
14 19 1 65
14 20 1 64
14 21 1 39
15 16 1 20
15 17 1 31
15 18 1 52
15 19 1 100
15 20 1 78
15 21 1 58
16 17 1 64
16 18 1 97
16 19 1 68
16 20 1 75
16 21 1 67
17 18 1 43
17 19 1 10
17 20 1 46
17 21 1 42
17 22 1 60
17 23 1 64
17 24 1 62
17 25 1 36
17 26 1 64
18 19 1 16
18 20 1 17
18 21 1 47
18 22 1 83
18 23 1 93
18 24 1 52
18 25 1 98
18 26 1 61
19 20 1 38
19 21 1 38
19 22 1 56
19 23 1 57
19 24 1 50
19 25 1 39
19 26 1 67
20 21 1 45
20 22 1 68
20 23 1 43
20 24 1 58
20 25 1 79
20 26 1 82
21 22 1 33
21 23 1 68
21 24 1 63
21 25 1 61
21 26 1 87
22 23 1 25
22 24 1 22
22 25 1 24
22 26 1 36
22 27 1 61
22 28 1 43
22 29 1 65
22 30 1 70
22 31 1 71
23 24 1 34
23 25 1 30
23 26 1 40
23 27 1 32
23 28 1 95
23 29 1 43
23 30 1 68
23 31 1 86
24 25 1 18
24 26 1 16
24 27 1 98
24 28 1 58
24 29 1 92
24 30 1 43
24 31 1 38
25 26 1 38
25 27 1 32
25 28 1 70
25 29 1 84
25 30 1 63
25 31 1 85
26 27 1 98
26 28 1 47
26 29 1 43
26 30 1 38
26 31 1 30
27 28 1 33
27 29 1 36
27 30 1 24
27 31 1 34
27 32 1 96
27 33 1 36
27 34 1 52
27 35 1 62
27 36 1 69
28 29 1 29
28 30 1 46
28 31 1 18
28 32 1 45
28 33 1 52
28 34 1 74
28 35 1 94
28 36 1 40
29 30 1 26
29 31 1 39
29 32 1 56
29 33 1 64
29 34 1 90
29 35 1 99
29 36 1 41
30 31 1 14
30 32 1 97
30 33 1 65
30 34 1 51
30 35 1 48
30 36 1 79
31 32 1 81
31 33 1 74
31 34 1 38
31 35 1 38
31 36 1 81
32 33 1 35
32 34 1 15
32 35 1 44
32 36 1 28
32 37 1 64
32 38 1 43
32 39 1 63
32 40 1 36
32 41 1 42
32 42 1 39
33 34 1 48
33 35 1 39
33 36 1 49
33 37 1 43
33 38 1 91
33 39 1 92
33 40 1 53
33 41 1 46
33 42 1 47
34 35 1 29
34 36 1 47
34 37 1 96
34 38 1 97
34 39 1 79
34 40 1 88
34 41 1 83
34 42 1 35
35 36 1 25
35 37 1 97
35 38 1 87
35 39 1 67
35 40 1 89
35 41 1 82
35 42 1 55
36 37 1 73
36 38 1 38
36 39 1 76
36 40 1 62
36 41 1 65
36 42 1 80
37 38 1 41
37 39 1 20
37 40 1 46
37 41 1 28
37 42 1 28
37 43 1 62
37 44 1 83
37 45 1 76
37 46 1 96
37 47 1 94
38 39 1 41
38 40 1 28
38 41 1 45
38 42 1 49
38 43 1 92
38 44 1 58
38 45 1 49
38 46 1 40
38 47 1 58
39 40 1 32
39 41 1 26
39 42 1 14
39 43 1 74
39 44 1 97
39 45 1 35
39 46 1 64
39 47 1 81
40 41 1 14
40 42 1 42
40 43 1 77
40 44 1 54
40 45 1 73
40 46 1 99
40 47 1 95
41 42 1 30
41 43 1 89
41 44 1 86
41 45 1 62
41 46 1 71
41 47 1 30
42 43 1 62
42 44 1 79
42 45 1 55
42 46 1 58
42 47 1 87
43 44 1 28
43 45 1 33
43 46 1 46
43 47 1 26
43 48 1 41
43 49 1 48
44 45 1 29
44 46 1 31
44 47 1 47
44 48 1 80
44 49 1 95
45 46 1 45
45 47 1 40
45 48 1 39
45 49 1 49
46 47 1 17
46 48 1 73
46 49 1 62
47 48 1 89
47 49 1 56
48 49 1 21
48 50 1 34
49 50 1 84

1 2 2 34
1 3 2 78
1 4 2 65
1 5 2 51
1 6 2 44
2 3 2 44
2 4 2 18
2 5 2 40
2 6 2 47
2 7 2 80
2 8 2 91
2 9 2 77
2 10 2 69
2 11 2 57
3 4 2 38
3 5 2 39
3 6 2 40
3 7 2 65
3 8 2 43
3 9 2 36
3 10 2 72
3 11 2 85
4 5 2 34
4 6 2 48
4 7 2 39
4 8 2 47
4 9 2 90
4 10 2 31
4 11 2 84
5 6 2 38
5 7 2 63
5 8 2 40
5 9 2 86
5 10 2 66
5 11 2 99
6 7 2 50
6 8 2 48
6 9 2 76
6 10 2 100
6 11 2 50
7 8 2 29
7 9 2 23
7 10 2 40
7 11 2 47
7 12 2 62
7 13 2 89
7 14 2 43
7 15 2 30
7 16 2 55
8 9 2 26
8 10 2 32
8 11 2 14
8 12 2 34
8 13 2 56
8 14 2 64
8 15 2 80
8 16 2 99
9 10 2 24
9 11 2 32
9 12 2 77
9 13 2 71
9 14 2 65
9 15 2 55
9 16 2 49
10 11 2 23
10 12 2 95
10 13 2 66
10 14 2 84
10 15 2 48
10 16 2 53
11 12 2 33
11 13 2 95
11 14 2 47
11 15 2 79
11 16 2 78
12 13 2 29
12 14 2 13
12 15 2 31
12 16 2 43
12 17 2 54
12 18 2 97
12 19 2 86
12 20 2 89
12 21 2 30
13 14 2 24
13 15 2 34
13 16 2 28
13 17 2 97
13 18 2 73
13 19 2 46
13 20 2 73
13 21 2 99
14 15 2 18
14 16 2 46
14 17 2 98
14 18 2 71
14 19 2 98
14 20 2 37
14 21 2 49
15 16 2 35
15 17 2 83
15 18 2 45
15 19 2 32
15 20 2 30
15 21 2 89
16 17 2 41
16 18 2 76
16 19 2 84
16 20 2 39
16 21 2 50
17 18 2 41
17 19 2 26
17 20 2 22
17 21 2 28
17 22 2 34
17 23 2 67
17 24 2 58
17 25 2 95
17 26 2 43
18 19 2 37
18 20 2 38
18 21 2 20
18 22 2 31
18 23 2 86
18 24 2 56
18 25 2 42
18 26 2 51
19 20 2 29
19 21 2 17
19 22 2 48
19 23 2 45
19 24 2 36
19 25 2 39
19 26 2 40
20 21 2 25
20 22 2 80
20 23 2 41
20 24 2 98
20 25 2 60
20 26 2 49
21 22 2 67
21 23 2 57
21 24 2 61
21 25 2 75
21 26 2 93
22 23 2 35
22 24 2 18
22 25 2 23
22 26 2 25
22 27 2 47
22 28 2 84
22 29 2 92
22 30 2 41
22 31 2 65
23 24 2 22
23 25 2 12
23 26 2 39
23 27 2 79
23 28 2 43
23 29 2 40
23 30 2 62
23 31 2 59
24 25 2 44
24 26 2 26
24 27 2 66
24 28 2 34
24 29 2 73
24 30 2 91
24 31 2 72
25 26 2 11
25 27 2 70
25 28 2 79
25 29 2 73
25 30 2 56
25 31 2 38
26 27 2 43
26 28 2 74
26 29 2 48
26 30 2 86
26 31 2 49
27 28 2 36
27 29 2 19
27 30 2 50
27 31 2 11
27 32 2 76
27 33 2 53
27 34 2 93
27 35 2 67
27 36 2 37
28 29 2 41
28 30 2 33
28 31 2 40
28 32 2 90
28 33 2 60
28 34 2 80
28 35 2 67
28 36 2 62
29 30 2 37
29 31 2 24
29 32 2 44
29 33 2 46
29 34 2 75
29 35 2 63
29 36 2 87
30 31 2 10
30 32 2 93
30 33 2 95
30 34 2 52
30 35 2 96
30 36 2 78
31 32 2 48
31 33 2 62
31 34 2 56
31 35 2 66
31 36 2 94
32 33 2 13
32 34 2 42
32 35 2 17
32 36 2 47
32 37 2 91
32 38 2 34
32 39 2 71
32 40 2 72
32 41 2 66
32 42 2 66
33 34 2 27
33 35 2 13
33 36 2 47
33 37 2 48
33 38 2 73
33 39 2 62
33 40 2 45
33 41 2 93
33 42 2 47
34 35 2 38
34 36 2 35
34 37 2 43
34 38 2 51
34 39 2 54
34 40 2 36
34 41 2 89
34 42 2 37
35 36 2 45
35 37 2 69
35 38 2 59
35 39 2 40
35 40 2 38
35 41 2 57
35 42 2 81
36 37 2 52
36 38 2 62
36 39 2 95
36 40 2 88
36 41 2 47
36 42 2 100
37 38 2 29
37 39 2 48
37 40 2 44
37 41 2 12
37 42 2 24
37 43 2 85
37 44 2 74
37 45 2 53
37 46 2 83
37 47 2 51
38 39 2 25
38 40 2 40
38 41 2 30
38 42 2 35
38 43 2 83
38 44 2 69
38 45 2 39
38 46 2 41
38 47 2 49
39 40 2 33
39 41 2 36
39 42 2 42
39 43 2 44
39 44 2 91
39 45 2 89
39 46 2 89
39 47 2 54
40 41 2 17
40 42 2 44
40 43 2 73
40 44 2 37
40 45 2 52
40 46 2 39
40 47 2 82
41 42 2 39
41 43 2 31
41 44 2 38
41 45 2 37
41 46 2 88
41 47 2 53
42 43 2 53
42 44 2 36
42 45 2 79
42 46 2 42
42 47 2 88
43 44 2 33
43 45 2 10
43 46 2 12
43 47 2 49
43 48 2 37
43 49 2 30
44 45 2 12
44 46 2 23
44 47 2 23
44 48 2 78
44 49 2 80
45 46 2 19
45 47 2 49
45 48 2 68
45 49 2 75
46 47 2 35
46 48 2 98
46 49 2 76
47 48 2 75
47 49 2 85
48 49 2 10
48 50 2 33
49 50 2 41

1 2 3 38
1 3 3 81
1 4 3 90
1 5 3 61
1 6 3 99
2 3 3 46
2 4 3 45
2 5 3 41
2 6 3 44
2 7 3 54
2 8 3 74
2 9 3 36
2 10 3 42
2 11 3 48
3 4 3 17
3 5 3 14
3 6 3 12
3 7 3 69
3 8 3 65
3 9 3 60
3 10 3 99
3 11 3 93
4 5 3 36
4 6 3 35
4 7 3 80
4 8 3 45
4 9 3 98
4 10 3 44
4 11 3 79
5 6 3 48
5 7 3 72
5 8 3 73
5 9 3 53
5 10 3 38
5 11 3 82
6 7 3 38
6 8 3 74
6 9 3 62
6 10 3 100
6 11 3 70
7 8 3 23
7 9 3 16
7 10 3 35
7 11 3 34
7 12 3 49
7 13 3 58
7 14 3 53
7 15 3 71
7 16 3 48
8 9 3 41
8 10 3 39
8 11 3 38
8 12 3 54
8 13 3 37
8 14 3 52
8 15 3 65
8 16 3 88
9 10 3 41
9 11 3 27
9 12 3 99
9 13 3 39
9 14 3 61
9 15 3 87
9 16 3 70
10 11 3 50
10 12 3 65
10 13 3 47
10 14 3 97
10 15 3 93
10 16 3 95
11 12 3 80
11 13 3 31
11 14 3 87
11 15 3 62
11 16 3 41
12 13 3 42
12 14 3 23
12 15 3 49
12 16 3 17
12 17 3 43
12 18 3 67
12 19 3 76
12 20 3 98
12 21 3 44
13 14 3 23
13 15 3 47
13 16 3 27
13 17 3 30
13 18 3 61
13 19 3 69
13 20 3 99
13 21 3 72
14 15 3 12
14 16 3 27
14 17 3 62
14 18 3 94
14 19 3 40
14 20 3 41
14 21 3 33
15 16 3 31
15 17 3 65
15 18 3 97
15 19 3 56
15 20 3 57
15 21 3 90
16 17 3 90
16 18 3 58
16 19 3 55
16 20 3 49
16 21 3 62
17 18 3 35
17 19 3 32
17 20 3 15
17 21 3 29
17 22 3 66
17 23 3 84
17 24 3 75
17 25 3 62
17 26 3 85
18 19 3 22
18 20 3 20
18 21 3 16
18 22 3 75
18 23 3 89
18 24 3 86
18 25 3 76
18 26 3 71
19 20 3 16
19 21 3 27
19 22 3 54
19 23 3 69
19 24 3 73
19 25 3 56
19 26 3 88
20 21 3 35
20 22 3 95
20 23 3 46
20 24 3 86
20 25 3 93
20 26 3 32
21 22 3 35
21 23 3 52
21 24 3 42
21 25 3 91
21 26 3 42
22 23 3 46
22 24 3 31
22 25 3 23
22 26 3 33
22 27 3 39
22 28 3 74
22 29 3 42
22 30 3 61
22 31 3 67
23 24 3 33
23 25 3 11
23 26 3 22
23 27 3 81
23 28 3 88
23 29 3 68
23 30 3 79
23 31 3 78
24 25 3 27
24 26 3 40
24 27 3 45
24 28 3 70
24 29 3 49
24 30 3 81
24 31 3 92
25 26 3 15
25 27 3 68
25 28 3 37
25 29 3 95
25 30 3 35
25 31 3 55
26 27 3 42
26 28 3 32
26 29 3 48
26 30 3 62
26 31 3 59
27 28 3 12
27 29 3 31
27 30 3 43
27 31 3 40
27 32 3 42
27 33 3 79
27 34 3 35
27 35 3 96
27 36 3 35
28 29 3 40
28 30 3 45
28 31 3 10
28 32 3 98
28 33 3 90
28 34 3 64
28 35 3 32
28 36 3 39
29 30 3 35
29 31 3 11
29 32 3 97
29 33 3 63
29 34 3 100
29 35 3 92
29 36 3 57
30 31 3 47
30 32 3 74
30 33 3 99
30 34 3 96
30 35 3 78
30 36 3 49
31 32 3 39
31 33 3 91
31 34 3 80
31 35 3 96
31 36 3 61
32 33 3 40
32 34 3 33
32 35 3 22
32 36 3 20
32 37 3 78
32 38 3 70
32 39 3 48
32 40 3 77
32 41 3 30
32 42 3 77
33 34 3 10
33 35 3 27
33 36 3 42
33 37 3 68
33 38 3 91
33 39 3 91
33 40 3 80
33 41 3 35
33 42 3 49
34 35 3 23
34 36 3 37
34 37 3 78
34 38 3 90
34 39 3 48
34 40 3 83
34 41 3 35
34 42 3 77
35 36 3 43
35 37 3 78
35 38 3 80
35 39 3 71
35 40 3 42
35 41 3 98
35 42 3 64
36 37 3 93
36 38 3 73
36 39 3 42
36 40 3 88
36 41 3 49
36 42 3 81
37 38 3 38
37 39 3 28
37 40 3 38
37 41 3 34
37 42 3 44
37 43 3 35
37 44 3 74
37 45 3 62
37 46 3 53
37 47 3 65
38 39 3 27
38 40 3 45
38 41 3 43
38 42 3 20
38 43 3 57
38 44 3 81
38 45 3 37
38 46 3 66
38 47 3 99
39 40 3 46
39 41 3 37
39 42 3 15
39 43 3 44
39 44 3 37
39 45 3 89
39 46 3 62
39 47 3 91
40 41 3 40
40 42 3 10
40 43 3 72
40 44 3 37
40 45 3 78
40 46 3 64
40 47 3 85
41 42 3 46
41 43 3 83
41 44 3 75
41 45 3 35
41 46 3 86
41 47 3 54
42 43 3 100
42 44 3 98
42 45 3 56
42 46 3 67
42 47 3 88
43 44 3 18
43 45 3 37
43 46 3 41
43 47 3 35
43 48 3 42
43 49 3 40
44 45 3 12
44 46 3 24
44 47 3 29
44 48 3 94
44 49 3 60
45 46 3 19
45 47 3 39
45 48 3 35
45 49 3 57
46 47 3 48
46 48 3 31
46 49 3 63
47 48 3 43
47 49 3 51
48 49 3 48
48 50 3 93
49 50 3 98

