1 2 1 88
1 3 1 32
1 4 1 79
1 5 1 55
1 6 1 78
2 3 1 43
2 4 1 26
2 5 1 32
2 6 1 30
2 7 1 38
2 8 1 89
2 9 1 94
2 10 1 33
2 11 1 43
3 4 1 27
3 5 1 49
3 6 1 12
3 7 1 83
3 8 1 58
3 9 1 37
3 10 1 49
3 11 1 55
4 5 1 41
4 6 1 42
4 7 1 63
4 8 1 97
4 9 1 79
4 10 1 59
4 11 1 74
5 6 1 11
5 7 1 39
5 8 1 33
5 9 1 53
5 10 1 57
5 11 1 30
6 7 1 31
6 8 1 92
6 9 1 89
6 10 1 64
6 11 1 68
7 8 1 30
7 9 1 48
7 10 1 35
7 11 1 46
7 12 1 95
7 13 1 43
7 14 1 53
7 15 1 80
7 16 1 63
8 9 1 26
8 10 1 34
8 11 1 16
8 12 1 88
8 13 1 35
8 14 1 81
8 15 1 91
8 16 1 39
9 10 1 50
9 11 1 38
9 12 1 60
9 13 1 78
9 14 1 49
9 15 1 92
9 16 1 36
10 11 1 34
10 12 1 49
10 13 1 72
10 14 1 46
10 15 1 58
10 16 1 33
11 12 1 78
11 13 1 77
11 14 1 61
11 15 1 40
11 16 1 78
12 13 1 11
12 14 1 10
12 15 1 41
12 16 1 45
12 17 1 70
12 18 1 96
12 19 1 52
12 20 1 30
12 21 1 72
13 14 1 30
13 15 1 16
13 16 1 22
13 17 1 50
13 18 1 57
13 19 1 70
13 20 1 70
13 21 1 38
14 15 1 35
14 16 1 49
14 17 1 43
14 18 1 69
14 19 1 100
14 20 1 99
14 21 1 47
15 16 1 26
15 17 1 63
15 18 1 100
15 19 1 65
15 20 1 39
15 21 1 72
16 17 1 35
16 18 1 50
16 19 1 94
16 20 1 47
16 21 1 32
17 18 1 14
17 19 1 11
17 20 1 41
17 21 1 44
17 22 1 52
17 23 1 89
17 24 1 35
17 25 1 37
17 26 1 63
18 19 1 25
18 20 1 41
18 21 1 11
18 22 1 95
18 23 1 94
18 24 1 50
18 25 1 48
18 26 1 87
19 20 1 32
19 21 1 43
19 22 1 80
19 23 1 58
19 24 1 33
19 25 1 37
19 26 1 45
20 21 1 26
20 22 1 61
20 23 1 50
20 24 1 43
20 25 1 56
20 26 1 68
21 22 1 89
21 23 1 49
21 24 1 56
21 25 1 85
21 26 1 57
22 23 1 24
22 24 1 45
22 25 1 46
22 26 1 27
22 27 1 86
22 28 1 38
22 29 1 46
22 30 1 46
22 31 1 30
22 32 1 44
23 24 1 43
23 25 1 23
23 26 1 26
23 27 1 33
23 28 1 97
23 29 1 33
23 30 1 73
23 31 1 46
23 32 1 38
24 25 1 50
24 26 1 28
24 27 1 49
24 28 1 76
24 29 1 94
24 30 1 66
24 31 1 70
24 32 1 55
25 26 1 15
25 27 1 80
25 28 1 78
25 29 1 57
25 30 1 41
25 31 1 63
25 32 1 70
26 27 1 46
26 28 1 100
26 29 1 89
26 30 1 40
26 31 1 35
26 32 1 58
27 28 1 25
27 29 1 43
27 30 1 43
27 31 1 39
27 32 1 26
27 33 1 34
27 34 1 89
27 35 1 64
27 36 1 75
27 37 1 50
28 29 1 14
28 30 1 41
28 31 1 33
28 32 1 28
28 33 1 34
28 34 1 89
28 35 1 95
28 36 1 70
28 37 1 38
29 30 1 39
29 31 1 50
29 32 1 26
29 33 1 47
29 34 1 89
29 35 1 62
29 36 1 90
29 37 1 85
30 31 1 47
30 32 1 10
30 33 1 37
30 34 1 67
30 35 1 81
30 36 1 70
30 37 1 36
31 32 1 12
31 33 1 46
31 34 1 68
31 35 1 97
31 36 1 63
31 37 1 61
32 33 1 83
32 34 1 50
32 35 1 49
32 36 1 93
32 37 1 54
33 34 1 42
33 35 1 47
33 36 1 46
33 37 1 30
33 38 1 81
33 39 1 88
33 40 1 75
33 41 1 96
34 35 1 12
34 36 1 44
34 37 1 10
34 38 1 46
34 39 1 54
34 40 1 59
34 41 1 66
35 36 1 24
35 37 1 37
35 38 1 84
35 39 1 54
35 40 1 89
35 41 1 99
36 37 1 42
36 38 1 53
36 39 1 38
36 40 1 100
36 41 1 61
37 38 1 59
37 39 1 56
37 40 1 64
37 41 1 43
38 39 1 23
38 40 1 23
38 41 1 39
38 42 1 63
38 43 1 75
38 44 1 38
38 45 1 35
39 40 1 39
39 41 1 15
39 42 1 68
39 43 1 37
39 44 1 63
39 45 1 58
40 41 1 11
40 42 1 75
40 43 1 62
40 44 1 58
40 45 1 79
41 42 1 57
41 43 1 42
41 44 1 45
41 45 1 38
42 43 1 47
42 44 1 50
42 45 1 32
42 46 1 94
42 47 1 86
42 48 1 61
42 49 1 45
43 44 1 29
43 45 1 17
43 46 1 55
43 47 1 32
43 48 1 63
43 49 1 85
44 45 1 37
44 46 1 69
44 47 1 75
44 48 1 54
44 49 1 44
45 46 1 58
45 47 1 48
45 48 1 60
45 49 1 45
46 47 1 15
46 48 1 18
46 49 1 49
46 50 1 56
47 48 1 43
47 49 1 33
47 50 1 68
48 49 1 33
48 50 1 61
49 50 1 65

1 2 2 33
1 3 2 36
1 4 2 83
1 5 2 53
1 6 2 66
2 3 2 26
2 4 2 38
2 5 2 35
2 6 2 33
2 7 2 94
2 8 2 36
2 9 2 33
2 10 2 90
2 11 2 46
3 4 2 45
3 5 2 24
3 6 2 48
3 7 2 40
3 8 2 39
3 9 2 61
3 10 2 51
3 11 2 44
4 5 2 41
4 6 2 16
4 7 2 53
4 8 2 83
4 9 2 81
4 10 2 31
4 11 2 82
5 6 2 15
5 7 2 37
5 8 2 96
5 9 2 65
5 10 2 91
5 11 2 38
6 7 2 73
6 8 2 58
6 9 2 65
6 10 2 82
6 11 2 74
7 8 2 36
7 9 2 45
7 10 2 49
7 11 2 47
7 12 2 85
7 13 2 53
7 14 2 73
7 15 2 85
7 16 2 65
8 9 2 15
8 10 2 27
8 11 2 14
8 12 2 71
8 13 2 69
8 14 2 79
8 15 2 39
8 16 2 48
9 10 2 18
9 11 2 11
9 12 2 45
9 13 2 59
9 14 2 39
9 15 2 35
9 16 2 35
10 11 2 39
10 12 2 77
10 13 2 75
10 14 2 78
10 15 2 65
10 16 2 74
11 12 2 75
11 13 2 87
11 14 2 72
11 15 2 92
11 16 2 43
12 13 2 50
12 14 2 48
12 15 2 28
12 16 2 24
12 17 2 68
12 18 2 70
12 19 2 62
12 20 2 58
12 21 2 70
13 14 2 11
13 15 2 25
13 16 2 30
13 17 2 32
13 18 2 98
13 19 2 66
13 20 2 53
13 21 2 76
14 15 2 40
14 16 2 46
14 17 2 86
14 18 2 32
14 19 2 86
14 20 2 45
14 21 2 52
15 16 2 18
15 17 2 96
15 18 2 84
15 19 2 61
15 20 2 96
15 21 2 98
16 17 2 73
16 18 2 88
16 19 2 94
16 20 2 63
16 21 2 74
17 18 2 42
17 19 2 18
17 20 2 29
17 21 2 14
17 22 2 44
17 23 2 84
17 24 2 51
17 25 2 39
17 26 2 40
18 19 2 44
18 20 2 27
18 21 2 21
18 22 2 43
18 23 2 54
18 24 2 100
18 25 2 98
18 26 2 89
19 20 2 41
19 21 2 49
19 22 2 48
19 23 2 98
19 24 2 59
19 25 2 58
19 26 2 62
20 21 2 37
20 22 2 53
20 23 2 62
20 24 2 62
20 25 2 66
20 26 2 60
21 22 2 50
21 23 2 47
21 24 2 93
21 25 2 52
21 26 2 35
22 23 2 33
22 24 2 45
22 25 2 24
22 26 2 45
22 27 2 46
22 28 2 41
22 29 2 51
22 30 2 56
22 31 2 79
22 32 2 49
23 24 2 14
23 25 2 32
23 26 2 27
23 27 2 73
23 28 2 55
23 29 2 43
23 30 2 32
23 31 2 81
23 32 2 42
24 25 2 31
24 26 2 37
24 27 2 87
24 28 2 91
24 29 2 31
24 30 2 64
24 31 2 78
24 32 2 75
25 26 2 43
25 27 2 89
25 28 2 69
25 29 2 42
25 30 2 40
25 31 2 34
25 32 2 86
26 27 2 50
26 28 2 42
26 29 2 50
26 30 2 71
26 31 2 31
26 32 2 43
27 28 2 26
27 29 2 38
27 30 2 33
27 31 2 32
27 32 2 31
27 33 2 70
27 34 2 88
27 35 2 42
27 36 2 68
27 37 2 94
28 29 2 49
28 30 2 12
28 31 2 41
28 32 2 25
28 33 2 66
28 34 2 57
28 35 2 58
28 36 2 36
28 37 2 83
29 30 2 36
29 31 2 13
29 32 2 48
29 33 2 65
29 34 2 61
29 35 2 79
29 36 2 32
29 37 2 89
30 31 2 41
30 32 2 37
30 33 2 48
30 34 2 57
30 35 2 32
30 36 2 96
30 37 2 55
31 32 2 21
31 33 2 43
31 34 2 54
31 35 2 36
31 36 2 73
31 37 2 41
32 33 2 62
32 34 2 36
32 35 2 79
32 36 2 50
32 37 2 30
33 34 2 17
33 35 2 22
33 36 2 25
33 37 2 46
33 38 2 96
33 39 2 38
33 40 2 48
33 41 2 38
34 35 2 30
34 36 2 27
34 37 2 38
34 38 2 30
34 39 2 54
34 40 2 88
34 41 2 76
35 36 2 18
35 37 2 35
35 38 2 100
35 39 2 57
35 40 2 54
35 41 2 96
36 37 2 45
36 38 2 52
36 39 2 54
36 40 2 59
36 41 2 62
37 38 2 32
37 39 2 63
37 40 2 93
37 41 2 73
38 39 2 50
38 40 2 42
38 41 2 25
38 42 2 79
38 43 2 89
38 44 2 63
38 45 2 50
39 40 2 11
39 41 2 41
39 42 2 86
39 43 2 31
39 44 2 59
39 45 2 73
40 41 2 20
40 42 2 51
40 43 2 32
40 44 2 40
40 45 2 95
41 42 2 86
41 43 2 52
41 44 2 62
41 45 2 46
42 43 2 19
42 44 2 21
42 45 2 35
42 46 2 30
42 47 2 30
42 48 2 49
42 49 2 57
43 44 2 46
43 45 2 39
43 46 2 64
43 47 2 42
43 48 2 40
43 49 2 84
44 45 2 16
44 46 2 88
44 47 2 51
44 48 2 32
44 49 2 67
45 46 2 41
45 47 2 63
45 48 2 92
45 49 2 81
46 47 2 35
46 48 2 27
46 49 2 10
46 50 2 63
47 48 2 39
47 49 2 18
47 50 2 49
48 49 2 28
48 50 2 86
49 50 2 89

1 2 3 77
1 3 3 48
1 4 3 66
1 5 3 34
1 6 3 85
2 3 3 22
2 4 3 38
2 5 3 15
2 6 3 41
2 7 3 88
2 8 3 96
2 9 3 42
2 10 3 75
2 11 3 80
3 4 3 42
3 5 3 37
3 6 3 45
3 7 3 56
3 8 3 96
3 9 3 49
3 10 3 54
3 11 3 58
4 5 3 37
4 6 3 48
4 7 3 67
4 8 3 75
4 9 3 75
4 10 3 30
4 11 3 77
5 6 3 37
5 7 3 76
5 8 3 51
5 9 3 76
5 10 3 49
5 11 3 79
6 7 3 95
6 8 3 47
6 9 3 69
6 10 3 51
6 11 3 55
7 8 3 36
7 9 3 36
7 10 3 10
7 11 3 36
7 12 3 53
7 13 3 37
7 14 3 44
7 15 3 67
7 16 3 48
8 9 3 13
8 10 3 31
8 11 3 36
8 12 3 84
8 13 3 80
8 14 3 39
8 15 3 44
8 16 3 86
9 10 3 36
9 11 3 31
9 12 3 41
9 13 3 78
9 14 3 69
9 15 3 88
9 16 3 89
10 11 3 25
10 12 3 42
10 13 3 45
10 14 3 39
10 15 3 98
10 16 3 64
11 12 3 31
11 13 3 81
11 14 3 32
11 15 3 61
11 16 3 79
12 13 3 35
12 14 3 17
12 15 3 38
12 16 3 23
12 17 3 32
12 18 3 36
12 19 3 68
12 20 3 41
12 21 3 76
13 14 3 15
13 15 3 39
13 16 3 45
13 17 3 89
13 18 3 69
13 19 3 51
13 20 3 59
13 21 3 30
14 15 3 38
14 16 3 24
14 17 3 41
14 18 3 61
14 19 3 80
14 20 3 66
14 21 3 62
15 16 3 47
15 17 3 44
15 18 3 71
15 19 3 93
15 20 3 43
15 21 3 46
16 17 3 95
16 18 3 54
16 19 3 75
16 20 3 67
16 21 3 44
17 18 3 27
17 19 3 40
17 20 3 50
17 21 3 11
17 22 3 83
17 23 3 61
17 24 3 31
17 25 3 60
17 26 3 93
18 19 3 28
18 20 3 45
18 21 3 34
18 22 3 52
18 23 3 97
18 24 3 74
18 25 3 59
18 26 3 100
19 20 3 33
19 21 3 29
19 22 3 100
19 23 3 69
19 24 3 93
19 25 3 31
19 26 3 30
20 21 3 33
20 22 3 65
20 23 3 88
20 24 3 96
20 25 3 74
20 26 3 57
21 22 3 88
21 23 3 75
21 24 3 44
21 25 3 30
21 26 3 39
22 23 3 21
22 24 3 38
22 25 3 47
22 26 3 27
22 27 3 50
22 28 3 63
22 29 3 63
22 30 3 99
22 31 3 73
22 32 3 40
23 24 3 32
23 25 3 10
23 26 3 15
23 27 3 99
23 28 3 73
23 29 3 54
23 30 3 94
23 31 3 61
23 32 3 84
24 25 3 37
24 26 3 47
24 27 3 74
24 28 3 100
24 29 3 65
24 30 3 34
24 31 3 98
24 32 3 46
25 26 3 50
25 27 3 93
25 28 3 83
25 29 3 83
25 30 3 55
25 31 3 75
25 32 3 34
26 27 3 32
26 28 3 82
26 29 3 37
26 30 3 86
26 31 3 63
26 32 3 64
27 28 3 12
27 29 3 29
27 30 3 34
27 31 3 16
27 32 3 46
27 33 3 59
27 34 3 85
27 35 3 55
27 36 3 49
27 37 3 94
28 29 3 18
28 30 3 39
28 31 3 44
28 32 3 26
28 33 3 38
28 34 3 30
28 35 3 70
28 36 3 89
28 37 3 68
29 30 3 31
29 31 3 13
29 32 3 29
29 33 3 67
29 34 3 53
29 35 3 92
29 36 3 99
29 37 3 57
30 31 3 43
30 32 3 23
30 33 3 41
30 34 3 90
30 35 3 83
30 36 3 37
30 37 3 96
31 32 3 12
31 33 3 38
31 34 3 44
31 35 3 32
31 36 3 52
31 37 3 44
32 33 3 41
32 34 3 60
32 35 3 89
32 36 3 97
32 37 3 82
33 34 3 43
33 35 3 29
33 36 3 30
33 37 3 39
33 38 3 99
33 39 3 57
33 40 3 76
33 41 3 35
34 35 3 13
34 36 3 16
34 37 3 24
34 38 3 41
34 39 3 94
34 40 3 39
34 41 3 75
35 36 3 45
35 37 3 32
35 38 3 69
35 39 3 70
35 40 3 68
35 41 3 91
36 37 3 40
36 38 3 95
36 39 3 88
36 40 3 32
36 41 3 73
37 38 3 89
37 39 3 95
37 40 3 66
37 41 3 65
38 39 3 24
38 40 3 47
38 41 3 31
38 42 3 77
38 43 3 63
38 44 3 71
38 45 3 66
39 40 3 34
39 41 3 20
39 42 3 64
39 43 3 55
39 44 3 49
39 45 3 95
40 41 3 17
40 42 3 57
40 43 3 34
40 44 3 88
40 45 3 75
41 42 3 90
41 43 3 93
41 44 3 63
41 45 3 74
42 43 3 50
42 44 3 19
42 45 3 47
42 46 3 94
42 47 3 47
42 48 3 48
42 49 3 96
43 44 3 46
43 45 3 44
43 46 3 37
43 47 3 84
43 48 3 60
43 49 3 82
44 45 3 26
44 46 3 45
44 47 3 35
44 48 3 76
44 49 3 38
45 46 3 65
45 47 3 68
45 48 3 42
45 49 3 68
46 47 3 18
46 48 3 17
46 49 3 22
46 50 3 79
47 48 3 44
47 49 3 15
47 50 3 78
48 49 3 23
48 50 3 43
49 50 3 99

