1 2 1 73
1 3 1 68
1 4 1 72
1 5 1 58
1 6 1 74
2 3 1 48
2 4 1 20
2 5 1 16
2 6 1 32
2 7 1 78
2 8 1 97
2 9 1 55
2 10 1 45
2 11 1 80
3 4 1 18
3 5 1 47
3 6 1 27
3 7 1 51
3 8 1 83
3 9 1 50
3 10 1 59
3 11 1 41
4 5 1 43
4 6 1 21
4 7 1 85
4 8 1 86
4 9 1 90
4 10 1 71
4 11 1 54
5 6 1 41
5 7 1 54
5 8 1 65
5 9 1 54
5 10 1 83
5 11 1 80
6 7 1 51
6 8 1 75
6 9 1 98
6 10 1 72
6 11 1 39
7 8 1 12
7 9 1 35
7 10 1 45
7 11 1 24
7 12 1 90
7 13 1 83
7 14 1 77
7 15 1 47
7 16 1 41
8 9 1 40
8 10 1 27
8 11 1 49
8 12 1 97
8 13 1 34
8 14 1 53
8 15 1 48
8 16 1 87
9 10 1 15
9 11 1 38
9 12 1 35
9 13 1 64
9 14 1 47
9 15 1 40
9 16 1 76
10 11 1 21
10 12 1 90
10 13 1 58
10 14 1 65
10 15 1 64
10 16 1 66
11 12 1 55
11 13 1 34
11 14 1 75
11 15 1 98
11 16 1 40
12 13 1 21
12 14 1 46
12 15 1 50
12 16 1 38
12 17 1 75
12 18 1 48
12 19 1 77
12 20 1 50
12 21 1 30
12 22 1 56
13 14 1 27
13 15 1 12
13 16 1 44
13 17 1 48
13 18 1 46
13 19 1 54
13 20 1 76
13 21 1 50
13 22 1 34
14 15 1 38
14 16 1 15
14 17 1 47
14 18 1 35
14 19 1 39
14 20 1 68
14 21 1 71
14 22 1 78
15 16 1 30
15 17 1 51
15 18 1 86
15 19 1 75
15 20 1 89
15 21 1 88
15 22 1 37
16 17 1 77
16 18 1 37
16 19 1 87
16 20 1 55
16 21 1 33
16 22 1 84
17 18 1 32
17 19 1 21
17 20 1 30
17 21 1 44
17 22 1 30
17 23 1 88
17 24 1 56
17 25 1 76
17 26 1 100
17 27 1 48
18 19 1 17
18 20 1 11
18 21 1 44
18 22 1 41
18 23 1 64
18 24 1 65
18 25 1 100
18 26 1 60
18 27 1 44
19 20 1 31
19 21 1 41
19 22 1 10
19 23 1 56
19 24 1 39
19 25 1 42
19 26 1 42
19 27 1 98
20 21 1 15
20 22 1 23
20 23 1 64
20 24 1 100
20 25 1 74
20 26 1 65
20 27 1 56
21 22 1 15
21 23 1 41
21 24 1 70
21 25 1 80
21 26 1 89
21 27 1 41
22 23 1 74
22 24 1 46
22 25 1 97
22 26 1 61
22 27 1 45
23 24 1 10
23 25 1 28
23 26 1 38
23 27 1 46
23 28 1 94
23 29 1 68
23 30 1 85
23 31 1 100
24 25 1 28
24 26 1 11
24 27 1 41
24 28 1 44
24 29 1 36
24 30 1 82
24 31 1 80
25 26 1 22
25 27 1 39
25 28 1 94
25 29 1 70
25 30 1 66
25 31 1 78
26 27 1 11
26 28 1 67
26 29 1 70
26 30 1 98
26 31 1 59
27 28 1 96
27 29 1 41
27 30 1 99
27 31 1 84
28 29 1 17
28 30 1 16
28 31 1 49
28 32 1 63
28 33 1 46
28 34 1 97
28 35 1 92
29 30 1 20
29 31 1 37
29 32 1 92
29 33 1 48
29 34 1 87
29 35 1 43
30 31 1 21
30 32 1 30
30 33 1 49
30 34 1 46
30 35 1 80
31 32 1 83
31 33 1 86
31 34 1 94
31 35 1 46
32 33 1 13
32 34 1 43
32 35 1 14
32 36 1 34
32 37 1 85
32 38 1 48
32 39 1 71
32 40 1 86
33 34 1 12
33 35 1 18
33 36 1 65
33 37 1 60
33 38 1 66
33 39 1 63
33 40 1 31
34 35 1 45
34 36 1 33
34 37 1 67
34 38 1 97
34 39 1 82
34 40 1 64
35 36 1 36
35 37 1 52
35 38 1 62
35 39 1 89
35 40 1 76
36 37 1 35
36 38 1 50
36 39 1 24
36 40 1 31
36 41 1 63
36 42 1 99
36 43 1 43
36 44 1 38
37 38 1 37
37 39 1 37
37 40 1 20
37 41 1 92
37 42 1 94
37 43 1 98
37 44 1 47
38 39 1 17
38 40 1 29
38 41 1 67
38 42 1 43
38 43 1 76
38 44 1 50
39 40 1 34
39 41 1 63
39 42 1 71
39 43 1 92
39 44 1 91
40 41 1 86
40 42 1 46
40 43 1 91
40 44 1 63
41 42 1 10
41 43 1 31
41 44 1 11
41 45 1 62
41 46 1 84
41 47 1 75
41 48 1 60
41 49 1 78
42 43 1 21
42 44 1 37
42 45 1 46
42 46 1 36
42 47 1 89
42 48 1 73
42 49 1 85
43 44 1 27
43 45 1 63
43 46 1 51
43 47 1 98
43 48 1 30
43 49 1 50
44 45 1 89
44 46 1 49
44 47 1 33
44 48 1 80
44 49 1 70
45 46 1 10
45 47 1 50
45 48 1 49
45 49 1 13
45 50 1 59
46 47 1 24
46 48 1 13
46 49 1 23
46 50 1 54
47 48 1 33
47 49 1 24
47 50 1 84
48 49 1 21
48 50 1 30
49 50 1 53

1 2 2 48
1 3 2 79
1 4 2 36
1 5 2 35
1 6 2 41
2 3 2 48
2 4 2 40
2 5 2 39
2 6 2 13
2 7 2 61
2 8 2 56
2 9 2 33
2 10 2 71
2 11 2 58
3 4 2 10
3 5 2 13
3 6 2 19
3 7 2 59
3 8 2 93
3 9 2 89
3 10 2 93
3 11 2 77
4 5 2 32
4 6 2 25
4 7 2 54
4 8 2 76
4 9 2 67
4 10 2 83
4 11 2 76
5 6 2 15
5 7 2 90
5 8 2 97
5 9 2 85
5 10 2 30
5 11 2 67
6 7 2 70
6 8 2 59
6 9 2 77
6 10 2 60
6 11 2 54
7 8 2 15
7 9 2 25
7 10 2 28
7 11 2 33
7 12 2 54
7 13 2 81
7 14 2 85
7 15 2 100
7 16 2 98
8 9 2 13
8 10 2 25
8 11 2 24
8 12 2 76
8 13 2 82
8 14 2 88
8 15 2 43
8 16 2 78
9 10 2 24
9 11 2 49
9 12 2 68
9 13 2 51
9 14 2 57
9 15 2 80
9 16 2 99
10 11 2 17
10 12 2 33
10 13 2 92
10 14 2 97
10 15 2 85
10 16 2 68
11 12 2 79
11 13 2 55
11 14 2 30
11 15 2 96
11 16 2 38
12 13 2 11
12 14 2 38
12 15 2 46
12 16 2 22
12 17 2 78
12 18 2 45
12 19 2 83
12 20 2 72
12 21 2 93
12 22 2 63
13 14 2 30
13 15 2 44
13 16 2 26
13 17 2 66
13 18 2 77
13 19 2 81
13 20 2 88
13 21 2 79
13 22 2 83
14 15 2 24
14 16 2 36
14 17 2 35
14 18 2 88
14 19 2 35
14 20 2 73
14 21 2 81
14 22 2 30
15 16 2 32
15 17 2 90
15 18 2 59
15 19 2 64
15 20 2 58
15 21 2 46
15 22 2 61
16 17 2 57
16 18 2 93
16 19 2 70
16 20 2 53
16 21 2 35
16 22 2 32
17 18 2 25
17 19 2 19
17 20 2 36
17 21 2 27
17 22 2 34
17 23 2 58
17 24 2 32
17 25 2 30
17 26 2 49
17 27 2 40
18 19 2 30
18 20 2 34
18 21 2 31
18 22 2 36
18 23 2 69
18 24 2 98
18 25 2 49
18 26 2 31
18 27 2 71
19 20 2 16
19 21 2 13
19 22 2 20
19 23 2 60
19 24 2 42
19 25 2 93
19 26 2 37
19 27 2 74
20 21 2 15
20 22 2 31
20 23 2 84
20 24 2 48
20 25 2 40
20 26 2 31
20 27 2 87
21 22 2 46
21 23 2 98
21 24 2 87
21 25 2 85
21 26 2 51
21 27 2 79
22 23 2 42
22 24 2 89
22 25 2 42
22 26 2 88
22 27 2 72
23 24 2 35
23 25 2 32
23 26 2 43
23 27 2 16
23 28 2 88
23 29 2 47
23 30 2 70
23 31 2 48
24 25 2 50
24 26 2 25
24 27 2 16
24 28 2 71
24 29 2 46
24 30 2 73
24 31 2 42
25 26 2 39
25 27 2 12
25 28 2 75
25 29 2 77
25 30 2 52
25 31 2 51
26 27 2 14
26 28 2 97
26 29 2 34
26 30 2 56
26 31 2 87
27 28 2 86
27 29 2 39
27 30 2 58
27 31 2 53
28 29 2 28
28 30 2 24
28 31 2 35
28 32 2 31
28 33 2 68
28 34 2 62
28 35 2 87
29 30 2 31
29 31 2 35
29 32 2 68
29 33 2 41
29 34 2 41
29 35 2 99
30 31 2 33
30 32 2 67
30 33 2 42
30 34 2 53
30 35 2 58
31 32 2 60
31 33 2 59
31 34 2 78
31 35 2 30
32 33 2 34
32 34 2 36
32 35 2 35
32 36 2 94
32 37 2 41
32 38 2 85
32 39 2 65
32 40 2 85
33 34 2 33
33 35 2 28
33 36 2 54
33 37 2 60
33 38 2 97
33 39 2 82
33 40 2 41
34 35 2 35
34 36 2 55
34 37 2 94
34 38 2 56
34 39 2 32
34 40 2 45
35 36 2 79
35 37 2 50
35 38 2 37
35 39 2 54
35 40 2 93
36 37 2 45
36 38 2 43
36 39 2 27
36 40 2 37
36 41 2 50
36 42 2 64
36 43 2 98
36 44 2 33
37 38 2 12
37 39 2 37
37 40 2 10
37 41 2 40
37 42 2 76
37 43 2 86
37 44 2 96
38 39 2 38
38 40 2 26
38 41 2 51
38 42 2 74
38 43 2 85
38 44 2 35
39 40 2 44
39 41 2 45
39 42 2 42
39 43 2 54
39 44 2 35
40 41 2 30
40 42 2 82
40 43 2 79
40 44 2 80
41 42 2 10
41 43 2 46
41 44 2 10
41 45 2 57
41 46 2 65
41 47 2 36
41 48 2 94
41 49 2 56
42 43 2 32
42 44 2 33
42 45 2 92
42 46 2 89
42 47 2 45
42 48 2 45
42 49 2 67
43 44 2 23
43 45 2 34
43 46 2 70
43 47 2 81
43 48 2 60
43 49 2 55
44 45 2 39
44 46 2 39
44 47 2 75
44 48 2 39
44 49 2 95
45 46 2 17
45 47 2 23
45 48 2 13
45 49 2 32
45 50 2 77
46 47 2 10
46 48 2 31
46 49 2 36
46 50 2 89
47 48 2 40
47 49 2 46
47 50 2 81
48 49 2 22
48 50 2 66
49 50 2 47

1 2 3 95
1 3 3 46
1 4 3 97
1 5 3 80
1 6 3 94
2 3 3 45
2 4 3 38
2 5 3 12
2 6 3 19
2 7 3 68
2 8 3 100
2 9 3 62
2 10 3 67
2 11 3 32
3 4 3 21
3 5 3 16
3 6 3 29
3 7 3 51
3 8 3 64
3 9 3 57
3 10 3 90
3 11 3 71
4 5 3 20
4 6 3 27
4 7 3 64
4 8 3 48
4 9 3 33
4 10 3 79
4 11 3 51
5 6 3 35
5 7 3 40
5 8 3 89
5 9 3 43
5 10 3 60
5 11 3 57
6 7 3 43
6 8 3 61
6 9 3 98
6 10 3 65
6 11 3 44
7 8 3 49
7 9 3 32
7 10 3 26
7 11 3 47
7 12 3 31
7 13 3 82
7 14 3 54
7 15 3 78
7 16 3 62
8 9 3 24
8 10 3 17
8 11 3 30
8 12 3 75
8 13 3 74
8 14 3 94
8 15 3 75
8 16 3 72
9 10 3 32
9 11 3 28
9 12 3 78
9 13 3 87
9 14 3 66
9 15 3 61
9 16 3 84
10 11 3 50
10 12 3 82
10 13 3 68
10 14 3 54
10 15 3 63
10 16 3 54
11 12 3 41
11 13 3 53
11 14 3 88
11 15 3 66
11 16 3 33
12 13 3 44
12 14 3 16
12 15 3 24
12 16 3 12
12 17 3 45
12 18 3 82
12 19 3 90
12 20 3 82
12 21 3 68
12 22 3 68
13 14 3 11
13 15 3 19
13 16 3 29
13 17 3 84
13 18 3 41
13 19 3 87
13 20 3 98
13 21 3 30
13 22 3 76
14 15 3 48
14 16 3 47
14 17 3 68
14 18 3 96
14 19 3 67
14 20 3 49
14 21 3 31
14 22 3 73
15 16 3 45
15 17 3 85
15 18 3 57
15 19 3 85
15 20 3 48
15 21 3 59
15 22 3 62
16 17 3 47
16 18 3 88
16 19 3 36
16 20 3 78
16 21 3 37
16 22 3 37
17 18 3 17
17 19 3 19
17 20 3 17
17 21 3 33
17 22 3 18
17 23 3 38
17 24 3 50
17 25 3 52
17 26 3 40
17 27 3 48
18 19 3 29
18 20 3 47
18 21 3 10
18 22 3 25
18 23 3 57
18 24 3 36
18 25 3 49
18 26 3 69
18 27 3 85
19 20 3 46
19 21 3 19
19 22 3 11
19 23 3 94
19 24 3 69
19 25 3 38
19 26 3 39
19 27 3 96
20 21 3 23
20 22 3 41
20 23 3 53
20 24 3 89
20 25 3 57
20 26 3 92
20 27 3 66
21 22 3 31
21 23 3 45
21 24 3 52
21 25 3 59
21 26 3 62
21 27 3 82
22 23 3 83
22 24 3 30
22 25 3 73
22 26 3 58
22 27 3 83
23 24 3 23
23 25 3 33
23 26 3 39
23 27 3 39
23 28 3 48
23 29 3 82
23 30 3 97
23 31 3 78
24 25 3 49
24 26 3 23
24 27 3 26
24 28 3 65
24 29 3 67
24 30 3 91
24 31 3 76
25 26 3 30
25 27 3 12
25 28 3 95
25 29 3 71
25 30 3 45
25 31 3 81
26 27 3 34
26 28 3 74
26 29 3 73
26 30 3 89
26 31 3 52
27 28 3 51
27 29 3 44
27 30 3 81
27 31 3 59
28 29 3 39
28 30 3 41
28 31 3 33
28 32 3 34
28 33 3 86
28 34 3 76
28 35 3 79
29 30 3 11
29 31 3 41
29 32 3 30
29 33 3 53
29 34 3 39
29 35 3 31
30 31 3 35
30 32 3 72
30 33 3 47
30 34 3 39
30 35 3 40
31 32 3 97
31 33 3 83
31 34 3 62
31 35 3 95
32 33 3 25
32 34 3 19
32 35 3 25
32 36 3 75
32 37 3 94
32 38 3 34
32 39 3 63
32 40 3 62
33 34 3 25
33 35 3 19
33 36 3 51
33 37 3 51
33 38 3 72
33 39 3 71
33 40 3 50
34 35 3 10
34 36 3 49
34 37 3 41
34 38 3 70
34 39 3 73
34 40 3 58
35 36 3 77
35 37 3 94
35 38 3 37
35 39 3 96
35 40 3 45
36 37 3 14
36 38 3 36
36 39 3 42
36 40 3 19
36 41 3 47
36 42 3 96
36 43 3 30
36 44 3 95
37 38 3 31
37 39 3 36
37 40 3 19
37 41 3 51
37 42 3 95
37 43 3 69
37 44 3 55
38 39 3 17
38 40 3 43
38 41 3 59
38 42 3 42
38 43 3 85
38 44 3 46
39 40 3 18
39 41 3 32
39 42 3 86
39 43 3 90
39 44 3 50
40 41 3 67
40 42 3 44
40 43 3 35
40 44 3 97
41 42 3 46
41 43 3 44
41 44 3 43
41 45 3 36
41 46 3 92
41 47 3 84
41 48 3 51
41 49 3 41
42 43 3 17
42 44 3 19
42 45 3 80
42 46 3 82
42 47 3 53
42 48 3 36
42 49 3 77
43 44 3 14
43 45 3 83
43 46 3 77
43 47 3 32
43 48 3 30
43 49 3 93
44 45 3 48
44 46 3 44
44 47 3 35
44 48 3 95
44 49 3 97
45 46 3 34
45 47 3 35
45 48 3 37
45 49 3 19
45 50 3 61
46 47 3 46
46 48 3 17
46 49 3 22
46 50 3 56
47 48 3 46
47 49 3 45
47 50 3 47
48 49 3 12
48 50 3 67
49 50 3 82

