1 2 1 59
1 3 1 54
1 4 1 30
1 5 1 79
1 6 1 65
2 3 1 41
2 4 1 49
2 5 1 42
2 6 1 13
2 7 1 45
2 8 1 74
2 9 1 42
2 10 1 88
2 11 1 33
3 4 1 36
3 5 1 34
3 6 1 18
3 7 1 85
3 8 1 66
3 9 1 77
3 10 1 71
3 11 1 84
4 5 1 12
4 6 1 25
4 7 1 90
4 8 1 55
4 9 1 97
4 10 1 83
4 11 1 98
5 6 1 43
5 7 1 47
5 8 1 99
5 9 1 81
5 10 1 81
5 11 1 36
6 7 1 46
6 8 1 52
6 9 1 44
6 10 1 30
6 11 1 90
7 8 1 27
7 9 1 25
7 10 1 28
7 11 1 42
7 12 1 38
7 13 1 45
7 14 1 80
7 15 1 40
7 16 1 80
8 9 1 34
8 10 1 48
8 11 1 48
8 12 1 86
8 13 1 83
8 14 1 32
8 15 1 81
8 16 1 45
9 10 1 42
9 11 1 28
9 12 1 58
9 13 1 95
9 14 1 93
9 15 1 45
9 16 1 72
10 11 1 10
10 12 1 76
10 13 1 74
10 14 1 68
10 15 1 93
10 16 1 45
11 12 1 83
11 13 1 39
11 14 1 78
11 15 1 66
11 16 1 75
12 13 1 43
12 14 1 26
12 15 1 32
12 16 1 30
12 17 1 56
12 18 1 45
12 19 1 38
12 20 1 97
12 21 1 42
13 14 1 40
13 15 1 11
13 16 1 17
13 17 1 91
13 18 1 75
13 19 1 95
13 20 1 77
13 21 1 33
14 15 1 12
14 16 1 47
14 17 1 53
14 18 1 85
14 19 1 90
14 20 1 87
14 21 1 85
15 16 1 40
15 17 1 38
15 18 1 32
15 19 1 34
15 20 1 93
15 21 1 33
16 17 1 65
16 18 1 51
16 19 1 47
16 20 1 79
16 21 1 44
17 18 1 43
17 19 1 18
17 20 1 11
17 21 1 23
17 22 1 57
17 23 1 59
17 24 1 55
17 25 1 47
17 26 1 73
18 19 1 20
18 20 1 39
18 21 1 37
18 22 1 33
18 23 1 91
18 24 1 93
18 25 1 88
18 26 1 53
19 20 1 41
19 21 1 35
19 22 1 88
19 23 1 59
19 24 1 55
19 25 1 86
19 26 1 31
20 21 1 35
20 22 1 52
20 23 1 51
20 24 1 37
20 25 1 65
20 26 1 36
21 22 1 71
21 23 1 74
21 24 1 45
21 25 1 74
21 26 1 86
22 23 1 15
22 24 1 49
22 25 1 15
22 26 1 11
22 27 1 47
22 28 1 49
22 29 1 53
22 30 1 42
22 31 1 62
23 24 1 37
23 25 1 22
23 26 1 16
23 27 1 36
23 28 1 47
23 29 1 84
23 30 1 92
23 31 1 83
24 25 1 14
24 26 1 40
24 27 1 32
24 28 1 87
24 29 1 95
24 30 1 65
24 31 1 96
25 26 1 47
25 27 1 40
25 28 1 80
25 29 1 61
25 30 1 56
25 31 1 79
26 27 1 75
26 28 1 65
26 29 1 33
26 30 1 83
26 31 1 35
27 28 1 27
27 29 1 29
27 30 1 45
27 31 1 10
27 32 1 42
27 33 1 81
27 34 1 100
27 35 1 86
27 36 1 66
27 37 1 65
28 29 1 18
28 30 1 10
28 31 1 22
28 32 1 90
28 33 1 77
28 34 1 53
28 35 1 68
28 36 1 64
28 37 1 52
29 30 1 24
29 31 1 36
29 32 1 89
29 33 1 89
29 34 1 48
29 35 1 70
29 36 1 84
29 37 1 88
30 31 1 26
30 32 1 42
30 33 1 53
30 34 1 45
30 35 1 98
30 36 1 76
30 37 1 87
31 32 1 73
31 33 1 58
31 34 1 79
31 35 1 48
31 36 1 40
31 37 1 43
32 33 1 34
32 34 1 41
32 35 1 37
32 36 1 47
32 37 1 15
32 38 1 44
32 39 1 92
32 40 1 87
32 41 1 58
32 42 1 73
33 34 1 38
33 35 1 43
33 36 1 43
33 37 1 40
33 38 1 87
33 39 1 66
33 40 1 90
33 41 1 83
33 42 1 95
34 35 1 15
34 36 1 19
34 37 1 17
34 38 1 57
34 39 1 77
34 40 1 97
34 41 1 38
34 42 1 69
35 36 1 43
35 37 1 20
35 38 1 94
35 39 1 63
35 40 1 74
35 41 1 51
35 42 1 43
36 37 1 49
36 38 1 66
36 39 1 43
36 40 1 88
36 41 1 81
36 42 1 91
37 38 1 30
37 39 1 66
37 40 1 40
37 41 1 84
37 42 1 39
38 39 1 26
38 40 1 36
38 41 1 20
38 42 1 11
38 43 1 75
38 44 1 91
38 45 1 33
38 46 1 94
39 40 1 37
39 41 1 18
39 42 1 30
39 43 1 86
39 44 1 42
39 45 1 31
39 46 1 60
40 41 1 19
40 42 1 48
40 43 1 100
40 44 1 65
40 45 1 83
40 46 1 32
41 42 1 31
41 43 1 77
41 44 1 32
41 45 1 83
41 46 1 70
42 43 1 60
42 44 1 38
42 45 1 92
42 46 1 76
43 44 1 41
43 45 1 24
43 46 1 37
43 47 1 82
43 48 1 69
43 49 1 68
44 45 1 41
44 46 1 14
44 47 1 65
44 48 1 97
44 49 1 39
45 46 1 34
45 47 1 65
45 48 1 71
45 49 1 68
46 47 1 53
46 48 1 44
46 49 1 94
47 48 1 40
47 49 1 44
47 50 1 76
48 49 1 25
48 50 1 94
49 50 1 31

1 2 2 83
1 3 2 54
1 4 2 88
1 5 2 81
1 6 2 61
2 3 2 43
2 4 2 29
2 5 2 27
2 6 2 37
2 7 2 69
2 8 2 54
2 9 2 44
2 10 2 55
2 11 2 88
3 4 2 49
3 5 2 42
3 6 2 36
3 7 2 98
3 8 2 64
3 9 2 51
3 10 2 44
3 11 2 95
4 5 2 11
4 6 2 28
4 7 2 87
4 8 2 48
4 9 2 89
4 10 2 41
4 11 2 79
5 6 2 47
5 7 2 79
5 8 2 85
5 9 2 49
5 10 2 45
5 11 2 87
6 7 2 93
6 8 2 38
6 9 2 32
6 10 2 96
6 11 2 42
7 8 2 13
7 9 2 22
7 10 2 31
7 11 2 29
7 12 2 41
7 13 2 84
7 14 2 45
7 15 2 78
7 16 2 92
8 9 2 47
8 10 2 48
8 11 2 20
8 12 2 63
8 13 2 58
8 14 2 37
8 15 2 61
8 16 2 93
9 10 2 22
9 11 2 20
9 12 2 42
9 13 2 53
9 14 2 47
9 15 2 73
9 16 2 64
10 11 2 33
10 12 2 79
10 13 2 66
10 14 2 48
10 15 2 45
10 16 2 48
11 12 2 41
11 13 2 90
11 14 2 90
11 15 2 47
11 16 2 30
12 13 2 14
12 14 2 49
12 15 2 39
12 16 2 27
12 17 2 33
12 18 2 88
12 19 2 62
12 20 2 47
12 21 2 73
13 14 2 46
13 15 2 44
13 16 2 36
13 17 2 88
13 18 2 92
13 19 2 48
13 20 2 35
13 21 2 61
14 15 2 29
14 16 2 32
14 17 2 89
14 18 2 79
14 19 2 50
14 20 2 71
14 21 2 97
15 16 2 13
15 17 2 96
15 18 2 69
15 19 2 71
15 20 2 64
15 21 2 79
16 17 2 56
16 18 2 73
16 19 2 90
16 20 2 55
16 21 2 61
17 18 2 34
17 19 2 22
17 20 2 14
17 21 2 47
17 22 2 41
17 23 2 75
17 24 2 96
17 25 2 31
17 26 2 79
18 19 2 48
18 20 2 27
18 21 2 37
18 22 2 57
18 23 2 48
18 24 2 31
18 25 2 98
18 26 2 34
19 20 2 29
19 21 2 45
19 22 2 67
19 23 2 80
19 24 2 59
19 25 2 92
19 26 2 49
20 21 2 48
20 22 2 64
20 23 2 59
20 24 2 61
20 25 2 50
20 26 2 56
21 22 2 42
21 23 2 34
21 24 2 79
21 25 2 66
21 26 2 73
22 23 2 47
22 24 2 18
22 25 2 32
22 26 2 19
22 27 2 67
22 28 2 33
22 29 2 90
22 30 2 32
22 31 2 93
23 24 2 19
23 25 2 18
23 26 2 43
23 27 2 99
23 28 2 55
23 29 2 57
23 30 2 60
23 31 2 92
24 25 2 27
24 26 2 21
24 27 2 67
24 28 2 36
24 29 2 91
24 30 2 93
24 31 2 63
25 26 2 49
25 27 2 89
25 28 2 79
25 29 2 82
25 30 2 54
25 31 2 65
26 27 2 91
26 28 2 73
26 29 2 68
26 30 2 38
26 31 2 97
27 28 2 45
27 29 2 11
27 30 2 21
27 31 2 38
27 32 2 65
27 33 2 41
27 34 2 81
27 35 2 47
27 36 2 61
27 37 2 93
28 29 2 47
28 30 2 28
28 31 2 13
28 32 2 33
28 33 2 78
28 34 2 52
28 35 2 58
28 36 2 40
28 37 2 85
29 30 2 35
29 31 2 49
29 32 2 53
29 33 2 67
29 34 2 30
29 35 2 100
29 36 2 43
29 37 2 62
30 31 2 40
30 32 2 70
30 33 2 74
30 34 2 36
30 35 2 73
30 36 2 48
30 37 2 39
31 32 2 57
31 33 2 80
31 34 2 58
31 35 2 82
31 36 2 42
31 37 2 39
32 33 2 35
32 34 2 15
32 35 2 20
32 36 2 32
32 37 2 30
32 38 2 42
32 39 2 73
32 40 2 61
32 41 2 30
32 42 2 66
33 34 2 39
33 35 2 46
33 36 2 36
33 37 2 16
33 38 2 76
33 39 2 69
33 40 2 88
33 41 2 31
33 42 2 41
34 35 2 39
34 36 2 34
34 37 2 44
34 38 2 90
34 39 2 53
34 40 2 75
34 41 2 46
34 42 2 89
35 36 2 15
35 37 2 21
35 38 2 69
35 39 2 55
35 40 2 67
35 41 2 97
35 42 2 75
36 37 2 44
36 38 2 86
36 39 2 85
36 40 2 75
36 41 2 45
36 42 2 75
37 38 2 43
37 39 2 74
37 40 2 34
37 41 2 42
37 42 2 80
38 39 2 21
38 40 2 30
38 41 2 47
38 42 2 50
38 43 2 54
38 44 2 40
38 45 2 84
38 46 2 75
39 40 2 20
39 41 2 12
39 42 2 49
39 43 2 53
39 44 2 53
39 45 2 86
39 46 2 94
40 41 2 48
40 42 2 20
40 43 2 40
40 44 2 72
40 45 2 90
40 46 2 94
41 42 2 29
41 43 2 91
41 44 2 61
41 45 2 95
41 46 2 97
42 43 2 80
42 44 2 71
42 45 2 40
42 46 2 73
43 44 2 49
43 45 2 50
43 46 2 12
43 47 2 33
43 48 2 98
43 49 2 83
44 45 2 39
44 46 2 32
44 47 2 59
44 48 2 34
44 49 2 98
45 46 2 38
45 47 2 63
45 48 2 94
45 49 2 31
46 47 2 38
46 48 2 96
46 49 2 54
47 48 2 26
47 49 2 39
47 50 2 32
48 49 2 50
48 50 2 38
49 50 2 52

1 2 3 71
1 3 3 88
1 4 3 57
1 5 3 87
1 6 3 74
2 3 3 24
2 4 3 36
2 5 3 37
2 6 3 37
2 7 3 30
2 8 3 81
2 9 3 41
2 10 3 99
2 11 3 84
3 4 3 19
3 5 3 44
3 6 3 14
3 7 3 49
3 8 3 39
3 9 3 80
3 10 3 38
3 11 3 32
4 5 3 23
4 6 3 22
4 7 3 72
4 8 3 88
4 9 3 91
4 10 3 90
4 11 3 63
5 6 3 13
5 7 3 72
5 8 3 49
5 9 3 73
5 10 3 56
5 11 3 97
6 7 3 95
6 8 3 51
6 9 3 77
6 10 3 69
6 11 3 54
7 8 3 15
7 9 3 46
7 10 3 36
7 11 3 12
7 12 3 75
7 13 3 51
7 14 3 48
7 15 3 64
7 16 3 74
8 9 3 29
8 10 3 38
8 11 3 40
8 12 3 51
8 13 3 68
8 14 3 95
8 15 3 33
8 16 3 98
9 10 3 10
9 11 3 19
9 12 3 84
9 13 3 36
9 14 3 50
9 15 3 54
9 16 3 40
10 11 3 22
10 12 3 32
10 13 3 77
10 14 3 45
10 15 3 54
10 16 3 46
11 12 3 68
11 13 3 35
11 14 3 58
11 15 3 99
11 16 3 47
12 13 3 30
12 14 3 23
12 15 3 50
12 16 3 47
12 17 3 32
12 18 3 81
12 19 3 50
12 20 3 92
12 21 3 33
13 14 3 21
13 15 3 31
13 16 3 12
13 17 3 60
13 18 3 67
13 19 3 72
13 20 3 64
13 21 3 86
14 15 3 20
14 16 3 31
14 17 3 34
14 18 3 61
14 19 3 50
14 20 3 73
14 21 3 38
15 16 3 28
15 17 3 46
15 18 3 56
15 19 3 98
15 20 3 48
15 21 3 39
16 17 3 53
16 18 3 84
16 19 3 39
16 20 3 45
16 21 3 98
17 18 3 26
17 19 3 20
17 20 3 48
17 21 3 36
17 22 3 77
17 23 3 45
17 24 3 34
17 25 3 97
17 26 3 35
18 19 3 22
18 20 3 36
18 21 3 19
18 22 3 49
18 23 3 86
18 24 3 88
18 25 3 37
18 26 3 59
19 20 3 27
19 21 3 37
19 22 3 95
19 23 3 76
19 24 3 67
19 25 3 47
19 26 3 37
20 21 3 45
20 22 3 55
20 23 3 77
20 24 3 42
20 25 3 34
20 26 3 48
21 22 3 63
21 23 3 90
21 24 3 38
21 25 3 66
21 26 3 94
22 23 3 30
22 24 3 29
22 25 3 48
22 26 3 24
22 27 3 89
22 28 3 64
22 29 3 95
22 30 3 82
22 31 3 42
23 24 3 10
23 25 3 46
23 26 3 20
23 27 3 70
23 28 3 36
23 29 3 99
23 30 3 40
23 31 3 56
24 25 3 32
24 26 3 32
24 27 3 90
24 28 3 83
24 29 3 40
24 30 3 69
24 31 3 83
25 26 3 13
25 27 3 62
25 28 3 48
25 29 3 85
25 30 3 87
25 31 3 77
26 27 3 51
26 28 3 88
26 29 3 43
26 30 3 46
26 31 3 33
27 28 3 31
27 29 3 35
27 30 3 40
27 31 3 11
27 32 3 76
27 33 3 95
27 34 3 67
27 35 3 38
27 36 3 96
27 37 3 36
28 29 3 25
28 30 3 39
28 31 3 46
28 32 3 57
28 33 3 99
28 34 3 93
28 35 3 46
28 36 3 87
28 37 3 38
29 30 3 18
29 31 3 46
29 32 3 39
29 33 3 96
29 34 3 67
29 35 3 99
29 36 3 60
29 37 3 66
30 31 3 12
30 32 3 53
30 33 3 45
30 34 3 100
30 35 3 79
30 36 3 90
30 37 3 99
31 32 3 60
31 33 3 86
31 34 3 51
31 35 3 51
31 36 3 61
31 37 3 67
32 33 3 21
32 34 3 11
32 35 3 17
32 36 3 13
32 37 3 23
32 38 3 34
32 39 3 98
32 40 3 94
32 41 3 41
32 42 3 72
33 34 3 35
33 35 3 27
33 36 3 37
33 37 3 12
33 38 3 99
33 39 3 65
33 40 3 59
33 41 3 30
33 42 3 51
34 35 3 29
34 36 3 36
34 37 3 14
34 38 3 95
34 39 3 31
34 40 3 87
34 41 3 65
34 42 3 33
35 36 3 29
35 37 3 21
35 38 3 55
35 39 3 99
35 40 3 50
35 41 3 41
35 42 3 95
36 37 3 17
36 38 3 73
36 39 3 70
36 40 3 65
36 41 3 35
36 42 3 43
37 38 3 46
37 39 3 87
37 40 3 82
37 41 3 84
37 42 3 32
38 39 3 43
38 40 3 16
38 41 3 36
38 42 3 33
38 43 3 58
38 44 3 79
38 45 3 53
38 46 3 66
39 40 3 20
39 41 3 13
39 42 3 45
39 43 3 96
39 44 3 35
39 45 3 49
39 46 3 57
40 41 3 10
40 42 3 13
40 43 3 73
40 44 3 86
40 45 3 38
40 46 3 65
41 42 3 43
41 43 3 98
41 44 3 100
41 45 3 68
41 46 3 78
42 43 3 72
42 44 3 39
42 45 3 60
42 46 3 76
43 44 3 17
43 45 3 35
43 46 3 19
43 47 3 56
43 48 3 76
43 49 3 39
44 45 3 12
44 46 3 35
44 47 3 59
44 48 3 100
44 49 3 64
45 46 3 21
45 47 3 35
45 48 3 60
45 49 3 56
46 47 3 67
46 48 3 53
46 49 3 74
47 48 3 49
47 49 3 11
47 50 3 54
48 49 3 25
48 50 3 53
49 50 3 70

