182
410
12.783
636 646 959 
653 558 941 
645 570 936 
640 583 933 
641 630 930 
694 603 929 
561 656 926 
707 619 926 
603 681 925 
554 706 924 
736 677 922 
620 695 920 
780 667 918 
728 689 917 
634 709 910 
784 650 910 
721 691 908 
755 685 908 
678 699 906 
765 681 904 
567 740 903 
713 703 903 
771 675 902 
722 700 901 
712 744 899 
815 665 898 
715 744 897 
786 751 895 
733 814 890 
799 718 890 
815 697 890 
830 595 890 
849 611 889 
825 630 882 
790 751 878 
802 720 878 
827 614 876 
752 759 874 
750 810 873 
765 818 870 
768 812 870 
786 773 870 
860 620 868 
836 679 867 
802 739 866 
845 661 866 
813 745 865 
802 763 864 
873 654 860 
847 696 859 
789 764 858 
817 703 855 
801 783 853 
779 784 853 
833 698 853 
868 689 852 
842 731 851 
741 835 848 
771 812 847 
823 734 847 
781 784 846 
814 755 846 
800 800 845 
866 704 845 
882 683 845 
897 581 845 
691 838 843 
814 768 843 
867 724 843 
766 822 842 
825 774 842 
844 734 840 
836 786 839 
776 819 838 
779 853 837 
787 825 837 
869 708 837 
820 809 834 
791 816 832 
947 739 832 
835 798 825 
853 759 825 
756 855 821 
793 815 821 
789 833 820 
880 741 819 
869 749 819 
811 817 818 
878 792 818 
740 878 816 
751 884 815 
804 831 811 
778 857 810 
785 835 809 
821 802 809 
838 798 802 
784 836 798 
903 743 798 
881 754 798 
833 808 797 
793 837 796 
814 818 796 
804 843 795 
843 805 793 
865 794 793 
808 820 792 
819 813 792 
865 835 791 
879 762 791 
768 890 789 
785 861 787 
881 784 787 
770 874 783 
891 757 782 
802 857 780 
901 844 778 
858 851 778 
797 870 777 
778 877 774 
945 778 773 
789 882 772 
791 882 771 
807 864 771 
810 866 768 
951 614 767 
794 889 763 
745 914 762 
954 803 758 
848 884 757 
870 854 754 
781 915 750 
854 877 749 
957 698 744 
966 641 742 
944 836 737 
822 901 736 
812 943 735 
861 874 731 
958 661 730 
960 747 729 
974 674 729 
985 680 728 
966 687 725 
991 675 716 
906 837 714 
877 851 712 
859 883 711 
994 764 709 
862 871 707 
928 837 707 
867 856 706 
867 897 704 
997 729 704 
962 788 701 
904 856 700 
915 862 699 
846 909 698 
972 782 697 
860 913 691 
1012 673 687 
880 865 686 
920 856 684 
965 798 684 
904 879 679 
879 921 677 
913 872 671 
974 823 669 
912 873 660 
916 882 654 
1010 675 650 
916 893 647 
927 856 640 
925 907 639 
854 943 638 
1016 729 638 
946 832 637 
1014 783 635 
969 852 627 
869 926 618 
999 791 617 
937 854 613 
1011 826 585 
