#Solver type:
nMOCO-S
#Solver status:
Success
#Number of nondominated points:
87
#Number of models solved:
434
#Elapsed time (seconds):
7.203
#Incumbent ideal point:
966 966 942 1138 
#Incumbent nadir point:
723 650 647 888 
#The set of nondominated points:
860 886 736 1138 
748 824 790 1131 
766 798 771 1131 
887 889 778 1125 
794 862 786 1113 
795 754 825 1112 
815 830 785 1112 
778 796 824 1107 
723 802 800 1103 
785 837 794 1102 
823 857 815 1099 
766 731 828 1097 
807 896 715 1097 
816 890 718 1096 
865 894 804 1094 
884 870 816 1094 
841 792 821 1094 
826 858 844 1093 
844 832 825 1093 
879 895 706 1090 
824 907 701 1089 
807 752 878 1088 
827 828 838 1088 
873 911 787 1087 
832 767 829 1083 
846 808 820 1083 
908 831 778 1083 
892 897 846 1081 
829 924 647 1080 
897 904 745 1078 
887 922 736 1077 
906 898 748 1077 
835 855 868 1075 
873 788 879 1074 
900 914 829 1074 
893 864 839 1074 
856 927 689 1067 
921 865 707 1067 
863 874 849 1066 
815 916 757 1066 
905 931 775 1065 
921 883 820 1065 
914 925 778 1064 
901 891 869 1061 
919 932 677 1061 
844 765 882 1059 
948 868 749 1054 
859 800 879 1053 
929 910 850 1052 
909 932 782 1052 
905 808 867 1052 
828 950 686 1050 
927 959 707 1048 
943 911 752 1048 
891 844 884 1046 
871 768 924 1046 
872 868 872 1046 
914 925 798 1045 
933 901 810 1045 
910 824 866 1041 
933 911 857 1039 
907 851 864 1038 
855 953 728 1037 
938 918 756 1036 
853 782 888 1035 
951 938 782 1035 
899 871 914 1033 
941 928 840 1032 
944 886 813 1032 
958 877 788 1026 
857 780 924 1025 
893 939 718 1025 
879 932 803 1024 
904 888 860 1024 
946 945 786 1023 
952 913 843 1019 
966 904 818 1013 
892 966 732 1008 
917 847 860 1000 
886 872 902 985 
957 955 764 983 
858 758 935 978 
911 848 880 966 
835 790 919 956 
797 650 942 904 
794 677 940 901 
822 780 930 888 
