#Solver type:
nMOCO-S
#Solver status:
Success
#Number of nondominated points:
197
#Number of models solved:
1143
#Elapsed time (seconds):
23.156
#Incumbent ideal point:
1102 992 1055 919 
#Incumbent nadir point:
734 708 738 577 
#The set of nondominated points:
870 801 738 919 
866 844 784 918 
862 797 795 915 
835 865 756 906 
852 840 832 905 
979 857 896 904 
818 861 794 900 
808 904 831 890 
862 864 817 889 
854 860 874 885 
815 882 831 883 
910 884 809 881 
777 925 803 878 
893 880 847 875 
943 863 850 874 
806 936 845 874 
1007 838 907 873 
810 904 844 871 
896 880 857 868 
937 883 870 864 
862 901 819 863 
879 876 895 862 
912 884 822 862 
842 893 840 862 
929 859 898 861 
976 859 879 861 
929 879 927 860 
891 912 861 859 
890 901 884 858 
1013 885 909 857 
1009 838 920 854 
1005 881 966 853 
852 944 856 853 
906 904 842 852 
881 955 898 849 
898 900 899 848 
877 908 909 846 
885 923 897 846 
801 957 849 840 
892 901 897 839 
850 976 870 837 
936 897 834 834 
826 921 902 833 
883 955 911 830 
924 890 893 830 
919 893 872 828 
886 933 865 825 
919 901 861 822 
915 944 907 821 
797 911 916 819 
911 897 918 818 
919 912 906 818 
910 886 941 817 
963 896 895 817 
1033 870 966 816 
905 889 920 815 
938 897 847 815 
955 892 952 813 
872 929 913 812 
916 914 909 811 
884 965 879 809 
901 940 955 808 
878 957 881 806 
905 908 954 805 
932 917 867 805 
1042 717 820 803 
1004 860 980 802 
917 944 920 802 
932 928 912 801 
911 936 922 799 
912 886 954 798 
965 896 908 798 
870 961 927 796 
878 976 915 796 
872 930 969 794 
957 892 965 794 
1034 850 932 794 
918 914 922 792 
949 903 914 792 
876 898 968 791 
1037 739 833 791 
903 940 968 789 
880 957 894 787 
1067 829 973 787 
950 903 918 783 
849 966 929 782 
841 951 941 782 
935 899 962 779 
912 946 890 778 
966 886 847 778 
874 930 982 775 
1036 850 945 775 
989 870 993 774 
951 903 927 773 
945 925 931 771 
908 967 923 770 
936 899 966 770 
904 920 934 767 
912 935 922 767 
906 919 978 766 
954 899 851 766 
966 895 908 766 
898 942 938 765 
952 903 931 764 
960 917 912 764 
941 946 964 763 
910 887 977 763 
952 913 969 760 
937 899 975 760 
931 921 979 758 
828 987 901 756 
907 889 980 756 
977 892 914 755 
883 955 938 754 
910 967 936 751 
938 899 979 751 
969 888 971 751 
912 966 980 750 
904 989 940 749 
996 888 900 748 
908 919 991 747 
923 903 983 746 
902 911 993 744 
1024 776 982 744 
956 871 979 743 
942 956 932 742 
979 884 938 742 
869 951 986 741 
946 924 931 739 
909 889 993 737 
940 878 985 737 
1017 859 993 737 
1024 829 1004 736 
979 892 927 736 
1015 830 996 735 
875 979 954 735 
975 935 973 735 
971 888 984 732 
970 877 1007 731 
783 990 884 731 
986 872 976 731 
1023 887 961 731 
965 880 986 729 
928 952 980 729 
941 878 989 728 
1019 840 972 728 
1015 883 1018 727 
932 920 979 726 
976 905 975 725 
944 956 945 723 
961 931 1021 722 
938 948 947 720 
1102 708 886 717 
899 942 994 715 
785 990 897 712 
1024 877 900 711 
930 952 993 710 
932 921 1035 708 
1093 762 900 708 
909 968 963 707 
1052 765 982 707 
977 915 943 704 
1039 830 932 702 
1052 818 1004 699 
1043 819 996 698 
1010 894 984 697 
901 942 1007 696 
895 964 1011 694 
852 941 1013 694 
972 937 956 692 
1043 872 1018 690 
975 856 1030 689 
979 915 956 685 
996 890 1032 684 
974 914 987 684 
966 910 1044 680 
1014 890 917 680 
958 933 1004 679 
1014 862 1032 676 
967 880 1046 670 
888 978 967 670 
1074 789 943 664 
1078 757 942 661 
859 968 981 656 
1069 811 956 652 
843 981 950 645 
1076 789 956 645 
1042 879 917 643 
1001 869 1055 642 
1034 875 974 639 
963 912 1027 637 
797 992 928 633 
734 991 942 617 
879 953 1038 615 
834 956 1021 590 
1077 757 963 578 
914 912 1049 577 
