#Solver type:
nMOCO-S
#Solver status:
Success
#Number of nondominated points:
232
#Number of models solved:
1244
#Elapsed time (seconds):
27.547
#Incumbent ideal point:
1018 939 948 876 
#Incumbent nadir point:
577 533 684 504 
#The set of nondominated points:
733 808 780 876 
773 841 843 875 
731 848 796 867 
774 749 832 858 
804 838 851 854 
822 806 818 853 
805 762 847 853 
694 753 861 852 
808 735 838 851 
786 790 852 850 
735 861 817 850 
769 773 876 849 
809 836 853 849 
844 766 896 847 
862 734 863 846 
826 718 897 843 
693 868 770 842 
767 843 806 841 
733 858 852 839 
812 786 838 839 
807 833 888 838 
634 893 789 838 
708 868 825 837 
789 839 825 835 
831 789 789 832 
871 822 852 831 
766 858 825 829 
840 833 861 828 
848 700 865 828 
837 796 879 827 
708 888 768 824 
782 863 804 823 
887 704 914 822 
880 761 906 821 
742 884 804 820 
816 859 840 819 
619 894 763 819 
878 743 907 817 
670 888 799 812 
700 891 757 812 
577 901 716 811 
774 866 793 811 
740 881 839 809 
652 894 736 809 
825 834 835 809 
809 787 901 808 
814 856 875 808 
833 842 826 806 
820 788 884 805 
907 817 862 805 
873 791 889 801 
698 888 792 801 
772 863 828 800 
773 881 812 799 
650 891 771 798 
847 856 848 798 
865 824 815 797 
703 886 794 796 
715 911 755 794 
778 879 814 794 
845 838 849 794 
592 921 714 793 
655 889 773 793 
789 886 791 793 
894 727 901 792 
887 784 893 791 
885 766 894 787 
730 699 919 785 
770 789 891 784 
776 876 849 783 
713 908 790 783 
798 861 786 783 
845 782 911 782 
787 883 826 782 
677 911 786 782 
806 869 777 780 
903 752 876 780 
912 655 901 780 
832 857 822 779 
880 844 813 779 
905 712 893 779 
827 811 871 775 
903 694 894 775 
809 876 822 773 
890 794 866 773 
716 889 739 772 
920 772 858 772 
880 814 876 771 
751 906 765 768 
850 660 917 768 
881 833 859 768 
628 916 724 767 
930 722 911 766 
791 685 936 764 
784 742 928 763 
662 912 760 763 
884 646 923 761 
921 761 904 761 
773 637 937 760 
877 703 915 760 
782 724 929 759 
749 903 800 757 
855 689 924 757 
875 685 916 756 
620 919 713 755 
731 909 737 754 
794 877 796 754 
695 912 733 753 
805 884 773 753 
936 710 904 753 
852 805 898 752 
846 728 917 752 
736 907 739 749 
842 834 850 746 
923 752 894 746 
853 841 827 745 
814 862 812 744 
888 837 848 743 
693 909 768 742 
694 914 692 741 
914 791 887 741 
880 802 878 740 
775 754 912 739 
756 892 755 739 
827 680 946 738 
830 867 791 738 
846 649 929 738 
919 790 811 738 
635 939 711 737 
908 701 926 734 
818 719 939 733 
929 740 864 732 
782 861 828 730 
767 904 747 728 
895 743 916 727 
857 643 937 727 
920 779 857 727 
947 642 852 727 
850 700 929 726 
944 733 876 725 
955 673 898 724 
839 595 938 723 
848 682 930 722 
886 782 909 722 
815 861 801 720 
946 712 891 719 
787 889 763 718 
820 710 929 718 
850 857 822 718 
931 775 866 718 
861 864 799 717 
804 772 916 716 
842 725 929 715 
811 749 922 713 
792 887 765 713 
817 868 766 713 
922 814 859 713 
961 661 868 710 
834 703 933 708 
959 643 869 706 
927 664 920 705 
952 700 861 705 
825 742 926 703 
790 884 800 702 
891 678 930 702 
893 638 947 701 
691 919 737 701 
978 640 863 701 
918 703 913 700 
772 890 737 699 
846 865 773 698 
891 620 948 697 
882 717 923 697 
884 677 940 696 
863 650 941 696 
963 696 870 696 
969 679 856 696 
933 734 853 694 
823 884 773 692 
954 735 863 691 
894 822 827 690 
899 737 905 689 
676 920 711 682 
935 769 855 680 
868 680 944 678 
873 848 792 677 
956 726 853 676 
808 885 747 673 
709 920 684 672 
900 661 934 671 
947 765 846 671 
898 643 935 667 
891 700 927 666 
962 714 823 662 
707 917 719 661 
845 753 916 661 
927 732 877 657 
953 753 816 657 
934 787 808 646 
968 635 893 646 
969 681 849 643 
934 638 945 641 
960 720 842 638 
941 556 899 636 
970 670 895 632 
975 669 819 629 
940 626 915 627 
973 651 820 625 
966 708 812 624 
943 591 901 622 
976 658 865 618 
942 661 917 613 
968 699 802 609 
985 555 834 607 
975 533 910 606 
957 610 917 605 
959 738 795 604 
948 649 910 600 
969 688 848 598 
985 630 819 594 
987 590 836 593 
965 577 902 585 
993 578 806 579 
983 556 882 578 
982 556 897 576 
1001 609 852 576 
967 612 904 571 
1018 588 847 567 
982 643 844 565 
973 600 874 557 
990 579 869 548 
979 585 853 504 
