#Solver type:
nMOCO-S
#Solver status:
Success
#Number of nondominated points:
87
#Number of models solved:
508
#Elapsed time (seconds):
9.265
#Incumbent ideal point:
940 1140 1102 1162 
#Incumbent nadir point:
747 826 834 746 
#The set of nondominated points:
761 1053 909 1162 
849 1075 967 1160 
863 1088 911 1148 
844 1089 951 1141 
806 1097 892 1138 
785 1082 962 1131 
853 1039 946 1131 
884 1016 970 1122 
852 1040 917 1122 
799 1095 906 1119 
867 1052 890 1119 
880 1048 935 1115 
780 1096 946 1112 
868 1118 1004 1110 
898 1029 914 1110 
880 1033 988 1108 
830 1126 945 1107 
875 1062 919 1096 
894 1046 932 1096 
875 1047 972 1089 
825 1140 929 1088 
908 983 855 1084 
873 1043 996 1083 
872 1082 983 1081 
903 1059 1007 1072 
904 1000 873 1070 
886 1095 927 1069 
899 1091 972 1065 
912 947 834 1055 
840 1041 1021 1054 
925 943 879 1051 
912 932 887 1048 
925 928 932 1044 
921 960 897 1037 
907 985 970 1036 
892 1086 1033 1033 
939 941 876 1032 
863 1118 1014 1027 
825 1126 955 1024 
916 968 881 1024 
906 1099 977 1021 
918 938 940 1019 
914 975 934 1016 
912 985 899 1010 
932 951 884 1007 
906 960 1006 1006 
820 1140 939 1005 
914 955 958 1005 
815 976 1037 1002 
910 992 952 1002 
814 1041 1044 1001 
932 936 937 1000 
920 973 950 994 
928 968 902 993 
907 970 995 984 
899 970 1014 981 
808 986 1045 977 
832 951 1035 973 
761 1001 1047 971 
913 983 958 969 
895 987 1032 967 
824 1037 1044 965 
850 917 1040 964 
929 977 924 963 
909 1000 976 955 
789 976 1060 949 
925 994 942 949 
864 927 1041 941 
843 927 1048 939 
796 942 1050 933 
922 972 985 931 
859 978 1047 927 
926 1004 931 927 
839 944 1066 925 
918 1004 950 924 
792 959 1068 919 
855 995 1065 913 
940 878 904 900 
820 934 1081 897 
756 1001 1057 888 
819 1037 1054 882 
933 888 912 875 
784 976 1070 866 
800 1027 1069 854 
752 885 1092 829 
787 826 1095 791 
747 885 1102 746 
