202
1140
27.536
857 853 819 1011 
820 884 798 1005 
886 851 818 1004 
845 829 899 1003 
859 921 929 1001 
864 784 902 1001 
925 888 949 1000 
803 925 851 995 
888 919 928 994 
847 825 955 991 
829 934 839 988 
914 928 916 987 
876 823 954 984 
858 932 838 981 
779 938 815 980 
864 932 892 979 
810 944 882 974 
935 870 946 974 
895 938 959 973 
773 959 872 972 
858 953 949 971 
866 789 971 970 
810 801 973 966 
802 957 871 965 
817 875 965 964 
883 842 985 963 
922 904 909 963 
846 857 975 961 
925 836 963 960 
828 966 859 958 
846 873 964 957 
905 904 967 951 
778 970 835 950 
942 875 925 949 
809 976 902 944 
969 855 927 943 
968 884 913 942 
925 856 967 939 
893 824 982 937 
932 886 906 937 
809 833 993 936 
841 883 976 936 
931 915 892 936 
816 907 985 934 
827 865 977 928 
949 894 956 928 
989 845 916 928 
893 832 997 927 
912 909 946 926 
856 847 987 925 
888 897 970 925 
883 790 999 923 
851 912 960 923 
838 956 871 922 
836 859 985 922 
913 814 971 922 
912 925 935 922 
856 863 976 921 
875 940 925 920 
976 860 906 918 
773 943 963 917 
760 967 908 917 
807 860 1000 916 
839 910 983 916 
736 958 953 915 
863 858 1003 914 
802 925 973 914 
901 949 913 913 
783 964 908 911 
802 941 962 910 
858 921 967 910 
953 752 930 910 
893 862 986 908 
819 966 914 908 
765 956 952 908 
774 948 976 907 
927 809 963 906 
965 900 873 905 
736 980 872 902 
883 810 1003 902 
903 814 994 901 
921 901 913 901 
851 873 988 900 
882 959 956 899 
883 848 992 899 
826 897 997 898 
821 962 970 896 
913 814 986 896 
765 978 871 895 
833 953 959 895 
741 969 916 893 
826 963 878 893 
946 910 916 891 
870 863 982 889 
893 780 1011 887 
772 975 983 887 
825 962 917 887 
902 911 956 887 
912 857 960 886 
841 914 970 884 
956 789 932 884 
931 841 965 882 
783 933 975 881 
849 900 995 880 
873 848 1015 878 
812 915 985 878 
976 808 920 878 
868 913 988 876 
910 819 973 876 
950 770 933 876 
792 927 983 875 
772 997 902 874 
812 931 974 874 
932 809 960 874 
816 875 1003 873 
784 938 988 871 
831 944 967 870 
908 835 973 870 
937 799 975 870 
936 828 961 869 
956 876 924 869 
805 964 915 867 
893 800 1015 866 
912 877 964 865 
888 865 988 864 
888 903 977 861 
830 969 919 858 
976 828 924 857 
957 789 964 855 
880 853 994 853 
952 854 937 853 
782 965 995 851 
875 918 967 851 
790 801 1017 850 
991 813 867 850 
908 855 977 849 
992 770 787 848 
704 902 1001 842 
826 931 980 842 
770 869 1021 841 
964 786 928 840 
802 917 995 839 
826 865 1015 837 
910 767 987 836 
733 900 1000 835 
821 930 988 835 
898 885 974 835 
958 755 929 832 
790 821 1021 829 
890 835 991 827 
962 836 934 827 
789 984 878 823 
918 837 974 823 
1002 752 784 822 
772 790 1028 821 
841 920 977 820 
1011 750 856 820 
911 909 952 818 
812 883 1003 817 
938 794 958 817 
780 851 1018 815 
910 787 991 815 
728 910 1012 814 
1001 803 879 814 
880 801 1008 813 
875 866 981 811 
975 860 912 810 
792 742 1028 809 
918 862 962 808 
836 921 992 806 
992 760 899 806 
944 752 968 805 
991 789 885 805 
800 803 1018 803 
990 816 812 803 
900 753 1008 801 
1009 771 815 801 
772 810 1032 800 
723 886 1021 800 
888 871 995 800 
982 813 922 800 
895 818 981 799 
963 762 929 798 
924 820 972 796 
938 814 962 796 
995 850 901 795 
1018 755 835 795 
856 873 992 794 
997 747 895 793 
880 821 1012 792 
952 822 955 792 
875 886 985 790 
944 772 972 784 
770 837 1039 780 
1028 737 832 769 
1002 802 880 755 
1009 747 875 755 
1006 802 827 746 
969 809 931 741 
999 713 892 741 
1018 723 853 734 
999 733 896 720 
