#Solver type:
nMOCO-S
#Solver status:
Success
#Number of nondominated points:
163
#Number of models solved:
797
#Elapsed time (seconds):
14.812
#Incumbent ideal point:
1057 1127 1131 993 
#Incumbent nadir point:
736 859 895 747 
#The set of nondominated points:
914 935 1016 993 
919 931 1035 991 
782 960 895 990 
832 962 928 984 
837 958 947 982 
821 942 957 981 
826 938 976 979 
786 996 940 979 
851 944 923 979 
849 986 911 977 
854 982 930 975 
913 986 1007 974 
943 861 993 974 
836 998 973 973 
918 982 1026 972 
841 994 992 971 
887 988 970 969 
927 930 1006 969 
968 984 1059 966 
986 909 1048 964 
845 999 895 962 
942 986 1022 961 
816 1022 1012 961 
850 995 914 960 
830 1008 988 958 
854 1047 1016 948 
948 972 1075 945 
865 993 936 944 
953 968 1094 943 
845 1041 1042 943 
876 980 1060 942 
909 1045 1068 940 
829 1059 979 939 
957 937 1068 938 
990 960 1028 936 
946 1017 1015 934 
977 972 1090 932 
851 1008 1080 932 
809 1069 935 929 
968 966 1116 927 
800 1063 961 924 
844 1057 1001 923 
926 1041 1054 922 
849 1053 1020 921 
951 992 1040 921 
956 988 1059 919 
1009 859 1065 919 
989 1011 1019 917 
912 1019 1055 916 
970 974 1035 916 
1037 903 1019 915 
917 1015 1074 914 
994 968 1076 914 
976 1023 1081 913 
850 1059 1071 913 
1024 915 1081 911 
967 1017 1107 908 
824 1061 1034 908 
985 942 1096 906 
998 917 1044 906 
981 1003 1083 905 
923 982 1112 903 
876 1047 948 902 
944 1033 938 898 
923 924 1118 895 
892 1053 1049 895 
805 1081 990 894 
931 1045 1000 894 
762 1082 915 891 
1010 956 973 891 
991 974 1127 890 
779 1083 953 889 
997 968 1035 887 
936 1025 1002 886 
1001 950 999 886 
879 1037 1083 883 
828 1092 1027 881 
843 1106 994 881 
984 1023 1048 881 
766 1118 960 880 
1002 948 1037 879 
909 1049 1035 877 
959 1025 1037 877 
834 1100 1020 876 
847 1075 968 876 
882 1033 1073 876 
757 1112 986 875 
1007 917 1037 875 
887 1029 1092 874 
883 1090 1079 873 
1015 904 1085 873 
959 1031 1062 868 
995 889 1098 867 
964 1027 1081 866 
1017 898 1087 866 
858 1104 1016 865 
966 1031 1068 865 
863 1100 1035 863 
950 1025 1088 863 
783 1114 946 862 
1045 942 1041 862 
955 1021 1107 861 
1032 974 1109 861 
1008 892 1113 861 
957 1025 1094 860 
894 956 1129 859 
914 1047 956 858 
969 1007 1083 858 
1036 936 1067 857 
820 1051 1086 856 
992 1013 1041 854 
1023 948 1129 853 
932 1037 938 851 
901 1082 963 849 
914 1053 981 849 
919 1049 1000 847 
896 1060 976 846 
826 1108 950 845 
749 1120 916 844 
901 1056 995 844 
910 1043 1026 842 
813 1120 1012 841 
943 1066 986 840 
1045 892 1046 840 
988 994 1072 837 
804 1114 1038 836 
930 1078 1048 836 
947 1035 960 835 
1036 886 1072 835 
1009 989 1021 833 
942 1033 1018 832 
1050 940 1025 832 
949 1033 1024 829 
996 1001 1083 829 
866 1098 1060 828 
736 1127 926 824 
978 906 1131 821 
949 1039 1049 820 
846 1108 1016 818 
954 1035 1068 818 
940 1033 1075 815 
945 1029 1094 813 
821 1120 979 809 
886 1084 980 804 
884 1090 944 804 
889 1086 963 802 
913 1080 1004 800 
1015 997 986 795 
931 1070 986 793 
913 1086 1029 791 
1006 991 1012 790 
918 1082 1048 789 
981 1072 1019 787 
1057 913 1032 786 
999 997 1008 785 
1007 989 1050 783 
829 1110 972 782 
1044 925 1094 782 
986 1009 1070 781 
987 1013 1089 771 
869 1092 961 759 
896 1088 985 755 
1005 1005 973 747 
