1 2 1 58
1 3 1 57
1 4 1 87
1 5 1 35
1 6 1 87
1 7 1 80
1 8 1 64
1 9 1 61
1 10 1 80
2 3 1 48
2 4 1 26
2 5 1 13
2 6 1 25
2 7 1 26
2 8 1 16
2 9 1 34
2 10 1 14
2 11 1 91
2 12 1 67
2 13 1 37
2 14 1 84
2 15 1 89
2 16 1 57
2 17 1 35
2 18 1 47
3 4 1 20
3 5 1 25
3 6 1 10
3 7 1 16
3 8 1 12
3 9 1 30
3 10 1 19
3 11 1 62
3 12 1 92
3 13 1 98
3 14 1 30
3 15 1 65
3 16 1 44
3 17 1 31
3 18 1 81
4 5 1 49
4 6 1 17
4 7 1 49
4 8 1 19
4 9 1 27
4 10 1 26
4 11 1 58
4 12 1 45
4 13 1 49
4 14 1 30
4 15 1 95
4 16 1 70
4 17 1 87
4 18 1 78
5 6 1 24
5 7 1 44
5 8 1 21
5 9 1 20
5 10 1 48
5 11 1 98
5 12 1 72
5 13 1 60
5 14 1 55
5 15 1 78
5 16 1 38
5 17 1 43
5 18 1 65
6 7 1 47
6 8 1 42
6 9 1 18
6 10 1 37
6 11 1 83
6 12 1 59
6 13 1 78
6 14 1 90
6 15 1 30
6 16 1 56
6 17 1 94
6 18 1 43
7 8 1 50
7 9 1 28
7 10 1 46
7 11 1 45
7 12 1 31
7 13 1 30
7 14 1 60
7 15 1 68
7 16 1 89
7 17 1 55
7 18 1 48
8 9 1 27
8 10 1 18
8 11 1 33
8 12 1 38
8 13 1 78
8 14 1 86
8 15 1 46
8 16 1 50
8 17 1 57
8 18 1 72
9 10 1 50
9 11 1 30
9 12 1 51
9 13 1 85
9 14 1 86
9 15 1 44
9 16 1 64
9 17 1 51
9 18 1 68
10 11 1 59
10 12 1 46
10 13 1 89
10 14 1 82
10 15 1 53
10 16 1 70
10 17 1 85
10 18 1 69
11 12 1 43
11 13 1 44
11 14 1 40
11 15 1 25
11 16 1 26
11 17 1 47
11 18 1 26
11 19 1 67
11 20 1 55
11 21 1 96
11 22 1 69
11 23 1 53
11 24 1 87
11 25 1 67
11 26 1 32
11 27 1 49
11 28 1 38
12 13 1 50
12 14 1 42
12 15 1 25
12 16 1 49
12 17 1 26
12 18 1 49
12 19 1 63
12 20 1 36
12 21 1 98
12 22 1 45
12 23 1 36
12 24 1 58
12 25 1 49
12 26 1 78
12 27 1 91
12 28 1 98
13 14 1 46
13 15 1 13
13 16 1 38
13 17 1 47
13 18 1 48
13 19 1 84
13 20 1 48
13 21 1 61
13 22 1 61
13 23 1 56
13 24 1 73
13 25 1 37
13 26 1 73
13 27 1 37
13 28 1 88
14 15 1 13
14 16 1 43
14 17 1 36
14 18 1 12
14 19 1 88
14 20 1 34
14 21 1 32
14 22 1 35
14 23 1 88
14 24 1 88
14 25 1 44
14 26 1 56
14 27 1 43
14 28 1 73
15 16 1 29
15 17 1 41
15 18 1 23
15 19 1 99
15 20 1 92
15 21 1 87
15 22 1 70
15 23 1 44
15 24 1 69
15 25 1 72
15 26 1 55
15 27 1 91
15 28 1 72
16 17 1 35
16 18 1 34
16 19 1 47
16 20 1 42
16 21 1 74
16 22 1 75
16 23 1 55
16 24 1 40
16 25 1 97
16 26 1 60
16 27 1 56
16 28 1 98
17 18 1 11
17 19 1 56
17 20 1 38
17 21 1 37
17 22 1 50
17 23 1 73
17 24 1 75
17 25 1 54
17 26 1 96
17 27 1 45
17 28 1 46
18 19 1 90
18 20 1 68
18 21 1 93
18 22 1 85
18 23 1 53
18 24 1 60
18 25 1 45
18 26 1 84
18 27 1 79
18 28 1 85
19 20 1 20
19 21 1 32
19 22 1 30
19 23 1 47
19 24 1 46
19 25 1 28
19 26 1 21
19 27 1 43
19 28 1 17
19 29 1 58
19 30 1 56
19 31 1 68
19 32 1 75
19 33 1 53
19 34 1 50
19 35 1 72
19 36 1 57
19 37 1 66
20 21 1 48
20 22 1 48
20 23 1 34
20 24 1 25
20 25 1 44
20 26 1 21
20 27 1 43
20 28 1 48
20 29 1 42
20 30 1 58
20 31 1 75
20 32 1 89
20 33 1 99
20 34 1 80
20 35 1 73
20 36 1 55
20 37 1 75
21 22 1 31
21 23 1 29
21 24 1 49
21 25 1 14
21 26 1 20
21 27 1 42
21 28 1 25
21 29 1 65
21 30 1 59
21 31 1 100
21 32 1 35
21 33 1 49
21 34 1 66
21 35 1 86
21 36 1 64
21 37 1 95
22 23 1 21
22 24 1 41
22 25 1 49
22 26 1 10
22 27 1 34
22 28 1 48
22 29 1 36
22 30 1 64
22 31 1 36
22 32 1 74
22 33 1 59
22 34 1 71
22 35 1 43
22 36 1 65
22 37 1 74
23 24 1 36
23 25 1 16
23 26 1 14
23 27 1 46
23 28 1 28
23 29 1 69
23 30 1 65
23 31 1 80
23 32 1 43
23 33 1 91
23 34 1 49
23 35 1 56
23 36 1 94
23 37 1 82
24 25 1 10
24 26 1 50
24 27 1 32
24 28 1 50
24 29 1 52
24 30 1 39
24 31 1 91
24 32 1 86
24 33 1 77
24 34 1 33
24 35 1 53
24 36 1 90
24 37 1 49
25 26 1 27
25 27 1 34
25 28 1 26
25 29 1 31
25 30 1 88
25 31 1 44
25 32 1 74
25 33 1 53
25 34 1 99
25 35 1 95
25 36 1 37
25 37 1 70
26 27 1 17
26 28 1 15
26 29 1 40
26 30 1 84
26 31 1 43
26 32 1 81
26 33 1 56
26 34 1 31
26 35 1 48
26 36 1 30
26 37 1 74
27 28 1 14
27 29 1 35
27 30 1 50
27 31 1 81
27 32 1 37
27 33 1 60
27 34 1 58
27 35 1 30
27 36 1 56
27 37 1 77
28 29 1 96
28 30 1 94
28 31 1 39
28 32 1 31
28 33 1 87
28 34 1 66
28 35 1 65
28 36 1 50
28 37 1 71
29 30 1 30
29 31 1 25
29 32 1 42
29 33 1 31
29 34 1 43
29 35 1 44
29 36 1 37
29 37 1 34
29 38 1 35
29 39 1 95
29 40 1 81
29 41 1 85
29 42 1 88
29 43 1 54
29 44 1 70
29 45 1 97
29 46 1 35
30 31 1 40
30 32 1 29
30 33 1 22
30 34 1 15
30 35 1 22
30 36 1 36
30 37 1 11
30 38 1 49
30 39 1 74
30 40 1 40
30 41 1 85
30 42 1 40
30 43 1 30
30 44 1 48
30 45 1 35
30 46 1 46
31 32 1 50
31 33 1 28
31 34 1 41
31 35 1 17
31 36 1 46
31 37 1 40
31 38 1 97
31 39 1 42
31 40 1 62
31 41 1 85
31 42 1 94
31 43 1 92
31 44 1 88
31 45 1 42
31 46 1 54
32 33 1 37
32 34 1 40
32 35 1 47
32 36 1 32
32 37 1 32
32 38 1 46
32 39 1 98
32 40 1 56
32 41 1 41
32 42 1 40
32 43 1 30
32 44 1 94
32 45 1 63
32 46 1 57
33 34 1 42
33 35 1 18
33 36 1 44
33 37 1 24
33 38 1 33
33 39 1 40
33 40 1 88
33 41 1 50
33 42 1 94
33 43 1 40
33 44 1 73
33 45 1 95
33 46 1 49
34 35 1 12
34 36 1 23
34 37 1 31
34 38 1 38
34 39 1 65
34 40 1 55
34 41 1 60
34 42 1 70
34 43 1 52
34 44 1 45
34 45 1 82
34 46 1 81
35 36 1 23
35 37 1 39
35 38 1 78
35 39 1 81
35 40 1 87
35 41 1 31
35 42 1 100
35 43 1 70
35 44 1 47
35 45 1 54
35 46 1 30
36 37 1 21
36 38 1 90
36 39 1 59
36 40 1 52
36 41 1 77
36 42 1 42
36 43 1 49
36 44 1 39
36 45 1 92
36 46 1 99
37 38 1 63
37 39 1 49
37 40 1 87
37 41 1 51
37 42 1 43
37 43 1 52
37 44 1 82
37 45 1 46
37 46 1 89
38 39 1 46
38 40 1 10
38 41 1 33
38 42 1 14
38 43 1 11
38 44 1 49
38 45 1 39
38 46 1 43
38 47 1 84
38 48 1 99
38 49 1 36
38 50 1 64
38 51 1 63
38 52 1 71
38 53 1 63
38 54 1 56
38 55 1 99
39 40 1 11
39 41 1 44
39 42 1 41
39 43 1 19
39 44 1 37
39 45 1 50
39 46 1 18
39 47 1 63
39 48 1 30
39 49 1 81
39 50 1 67
39 51 1 56
39 52 1 48
39 53 1 72
39 54 1 37
39 55 1 87
40 41 1 17
40 42 1 29
40 43 1 13
40 44 1 47
40 45 1 18
40 46 1 23
40 47 1 75
40 48 1 97
40 49 1 42
40 50 1 74
40 51 1 69
40 52 1 50
40 53 1 95
40 54 1 66
40 55 1 36
41 42 1 11
41 43 1 24
41 44 1 44
41 45 1 39
41 46 1 45
41 47 1 36
41 48 1 85
41 49 1 51
41 50 1 35
41 51 1 69
41 52 1 62
41 53 1 31
41 54 1 85
41 55 1 73
42 43 1 38
42 44 1 42
42 45 1 48
42 46 1 12
42 47 1 47
42 48 1 37
42 49 1 30
42 50 1 53
42 51 1 67
42 52 1 72
42 53 1 62
42 54 1 33
42 55 1 63
43 44 1 20
43 45 1 35
43 46 1 30
43 47 1 42
43 48 1 77
43 49 1 84
43 50 1 48
43 51 1 50
43 52 1 54
43 53 1 88
43 54 1 74
43 55 1 63
44 45 1 15
44 46 1 16
44 47 1 60
44 48 1 67
44 49 1 63
44 50 1 83
44 51 1 95
44 52 1 80
44 53 1 43
44 54 1 58
44 55 1 61
45 46 1 50
45 47 1 55
45 48 1 53
45 49 1 35
45 50 1 93
45 51 1 79
45 52 1 55
45 53 1 35
45 54 1 33
45 55 1 57
46 47 1 69
46 48 1 64
46 49 1 54
46 50 1 67
46 51 1 46
46 52 1 83
46 53 1 75
46 54 1 32
46 55 1 74
47 48 1 22
47 49 1 27
47 50 1 16
47 51 1 13
47 52 1 30
47 53 1 25
47 54 1 29
47 55 1 30
47 56 1 54
47 57 1 54
47 58 1 77
47 59 1 41
47 60 1 32
47 61 1 94
47 62 1 51
47 63 1 81
47 64 1 61
47 65 1 53
47 66 1 48
47 67 1 82
48 49 1 14
48 50 1 48
48 51 1 39
48 52 1 28
48 53 1 39
48 54 1 31
48 55 1 13
48 56 1 40
48 57 1 85
48 58 1 91
48 59 1 86
48 60 1 35
48 61 1 79
48 62 1 72
48 63 1 76
48 64 1 74
48 65 1 59
48 66 1 71
48 67 1 62
49 50 1 36
49 51 1 47
49 52 1 30
49 53 1 42
49 54 1 33
49 55 1 32
49 56 1 96
49 57 1 34
49 58 1 68
49 59 1 76
49 60 1 38
49 61 1 48
49 62 1 39
49 63 1 64
49 64 1 35
49 65 1 36
49 66 1 83
49 67 1 89
50 51 1 14
50 52 1 28
50 53 1 24
50 54 1 42
50 55 1 21
50 56 1 39
50 57 1 49
50 58 1 47
50 59 1 82
50 60 1 41
50 61 1 68
50 62 1 98
50 63 1 98
50 64 1 56
50 65 1 67
50 66 1 55
50 67 1 64
51 52 1 21
51 53 1 33
51 54 1 21
51 55 1 24
51 56 1 94
51 57 1 52
51 58 1 45
51 59 1 64
51 60 1 37
51 61 1 94
51 62 1 64
51 63 1 87
51 64 1 96
51 65 1 53
51 66 1 60
51 67 1 78
52 53 1 25
52 54 1 38
52 55 1 22
52 56 1 61
52 57 1 95
52 58 1 84
52 59 1 34
52 60 1 42
52 61 1 78
52 62 1 94
52 63 1 31
52 64 1 33
52 65 1 83
52 66 1 47
52 67 1 40
53 54 1 47
53 55 1 12
53 56 1 63
53 57 1 63
53 58 1 95
53 59 1 94
53 60 1 73
53 61 1 59
53 62 1 99
53 63 1 53
53 64 1 96
53 65 1 74
53 66 1 38
53 67 1 39
54 55 1 13
54 56 1 83
54 57 1 94
54 58 1 82
54 59 1 78
54 60 1 32
54 61 1 47
54 62 1 44
54 63 1 100
54 64 1 63
54 65 1 94
54 66 1 70
54 67 1 78
55 56 1 100
55 57 1 33
55 58 1 52
55 59 1 43
55 60 1 68
55 61 1 95
55 62 1 90
55 63 1 57
55 64 1 44
55 65 1 63
55 66 1 40
55 67 1 61
56 57 1 35
56 58 1 36
56 59 1 25
56 60 1 25
56 61 1 38
56 62 1 23
56 63 1 11
56 64 1 34
56 65 1 38
56 66 1 30
56 67 1 10
56 68 1 41
56 69 1 89
56 70 1 75
56 71 1 71
56 72 1 31
56 73 1 96
56 74 1 100
56 75 1 52
56 76 1 60
56 77 1 96
57 58 1 42
57 59 1 34
57 60 1 31
57 61 1 23
57 62 1 45
57 63 1 39
57 64 1 11
57 65 1 32
57 66 1 20
57 67 1 14
57 68 1 52
57 69 1 89
57 70 1 45
57 71 1 81
57 72 1 38
57 73 1 84
57 74 1 60
57 75 1 79
57 76 1 35
57 77 1 51
58 59 1 21
58 60 1 11
58 61 1 24
58 62 1 33
58 63 1 49
58 64 1 28
58 65 1 48
58 66 1 10
58 67 1 21
58 68 1 30
58 69 1 74
58 70 1 58
58 71 1 47
58 72 1 83
58 73 1 96
58 74 1 83
58 75 1 75
58 76 1 95
58 77 1 44
59 60 1 45
59 61 1 33
59 62 1 27
59 63 1 33
59 64 1 24
59 65 1 32
59 66 1 11
59 67 1 41
59 68 1 96
59 69 1 51
59 70 1 83
59 71 1 46
59 72 1 62
59 73 1 55
59 74 1 94
59 75 1 73
59 76 1 35
59 77 1 39
60 61 1 14
60 62 1 48
60 63 1 45
60 64 1 13
60 65 1 31
60 66 1 21
60 67 1 20
60 68 1 99
60 69 1 37
60 70 1 59
60 71 1 36
60 72 1 36
60 73 1 62
60 74 1 49
60 75 1 49
60 76 1 35
60 77 1 84
61 62 1 13
61 63 1 46
61 64 1 24
61 65 1 13
61 66 1 23
61 67 1 38
61 68 1 95
61 69 1 35
61 70 1 49
61 71 1 36
61 72 1 40
61 73 1 82
61 74 1 37
61 75 1 72
61 76 1 37
61 77 1 72
62 63 1 35
62 64 1 12
62 65 1 34
62 66 1 48
62 67 1 44
62 68 1 95
62 69 1 86
62 70 1 67
62 71 1 96
62 72 1 55
62 73 1 96
62 74 1 38
62 75 1 48
62 76 1 49
62 77 1 50
63 64 1 33
63 65 1 33
63 66 1 50
63 67 1 36
63 68 1 85
63 69 1 42
63 70 1 81
63 71 1 97
63 72 1 94
63 73 1 45
63 74 1 96
63 75 1 81
63 76 1 33
63 77 1 55
64 65 1 30
64 66 1 25
64 67 1 39
64 68 1 71
64 69 1 51
64 70 1 69
64 71 1 47
64 72 1 51
64 73 1 49
64 74 1 35
64 75 1 35
64 76 1 77
64 77 1 56
65 66 1 20
65 67 1 17
65 68 1 75
65 69 1 92
65 70 1 97
65 71 1 35
65 72 1 88
65 73 1 47
65 74 1 37
65 75 1 70
65 76 1 41
65 77 1 60
66 67 1 27
66 68 1 62
66 69 1 60
66 70 1 67
66 71 1 82
66 72 1 33
66 73 1 78
66 74 1 73
66 75 1 82
66 76 1 40
66 77 1 91
67 68 1 57
67 69 1 80
67 70 1 64
67 71 1 71
67 72 1 64
67 73 1 56
67 74 1 96
67 75 1 85
67 76 1 96
67 77 1 66
68 69 1 36
68 70 1 27
68 71 1 16
68 72 1 36
68 73 1 42
68 74 1 47
68 75 1 27
68 76 1 39
68 77 1 36
68 78 1 76
68 79 1 32
68 80 1 44
68 81 1 99
68 82 1 52
68 83 1 31
68 84 1 53
68 85 1 100
69 70 1 25
69 71 1 23
69 72 1 13
69 73 1 45
69 74 1 45
69 75 1 45
69 76 1 47
69 77 1 18
69 78 1 90
69 79 1 91
69 80 1 57
69 81 1 76
69 82 1 47
69 83 1 55
69 84 1 62
69 85 1 89
70 71 1 31
70 72 1 21
70 73 1 47
70 74 1 49
70 75 1 35
70 76 1 29
70 77 1 22
70 78 1 92
70 79 1 56
70 80 1 33
70 81 1 91
70 82 1 62
70 83 1 66
70 84 1 41
70 85 1 65
71 72 1 49
71 73 1 20
71 74 1 37
71 75 1 14
71 76 1 21
71 77 1 31
71 78 1 38
71 79 1 78
71 80 1 46
71 81 1 49
71 82 1 64
71 83 1 91
71 84 1 45
71 85 1 99
72 73 1 30
72 74 1 48
72 75 1 34
72 76 1 30
72 77 1 11
72 78 1 30
72 79 1 97
72 80 1 54
72 81 1 35
72 82 1 37
72 83 1 62
72 84 1 74
72 85 1 69
73 74 1 18
73 75 1 14
73 76 1 50
73 77 1 20
73 78 1 48
73 79 1 48
73 80 1 36
73 81 1 45
73 82 1 41
73 83 1 42
73 84 1 30
73 85 1 84
74 75 1 39
74 76 1 11
74 77 1 20
74 78 1 51
74 79 1 71
74 80 1 79
74 81 1 43
74 82 1 32
74 83 1 100
74 84 1 35
74 85 1 96
75 76 1 40
75 77 1 12
75 78 1 34
75 79 1 40
75 80 1 100
75 81 1 43
75 82 1 83
75 83 1 74
75 84 1 45
75 85 1 36
76 77 1 40
76 78 1 84
76 79 1 59
76 80 1 68
76 81 1 78
76 82 1 94
76 83 1 48
76 84 1 80
76 85 1 90
77 78 1 72
77 79 1 51
77 80 1 34
77 81 1 86
77 82 1 83
77 83 1 64
77 84 1 41
77 85 1 72
78 79 1 42
78 80 1 25
78 81 1 15
78 82 1 17
78 83 1 16
78 84 1 18
78 85 1 18
78 86 1 44
78 87 1 99
78 88 1 61
78 89 1 59
78 90 1 50
78 91 1 58
78 92 1 94
78 93 1 59
78 94 1 30
79 80 1 27
79 81 1 10
79 82 1 11
79 83 1 28
79 84 1 26
79 85 1 45
79 86 1 74
79 87 1 85
79 88 1 54
79 89 1 75
79 90 1 39
79 91 1 80
79 92 1 37
79 93 1 71
79 94 1 43
80 81 1 38
80 82 1 18
80 83 1 29
80 84 1 14
80 85 1 46
80 86 1 72
80 87 1 99
80 88 1 90
80 89 1 31
80 90 1 51
80 91 1 30
80 92 1 43
80 93 1 95
80 94 1 74
81 82 1 24
81 83 1 15
81 84 1 44
81 85 1 15
81 86 1 95
81 87 1 88
81 88 1 94
81 89 1 83
81 90 1 92
81 91 1 35
81 92 1 90
81 93 1 32
81 94 1 99
82 83 1 43
82 84 1 42
82 85 1 20
82 86 1 88
82 87 1 31
82 88 1 38
82 89 1 83
82 90 1 100
82 91 1 80
82 92 1 77
82 93 1 94
82 94 1 50
83 84 1 27
83 85 1 41
83 86 1 94
83 87 1 79
83 88 1 69
83 89 1 71
83 90 1 88
83 91 1 81
83 92 1 44
83 93 1 86
83 94 1 40
84 85 1 23
84 86 1 61
84 87 1 59
84 88 1 65
84 89 1 35
84 90 1 47
84 91 1 74
84 92 1 85
84 93 1 46
84 94 1 66
85 86 1 66
85 87 1 97
85 88 1 47
85 89 1 44
85 90 1 72
85 91 1 79
85 92 1 87
85 93 1 90
85 94 1 91
86 87 1 37
86 88 1 10
86 89 1 21
86 90 1 13
86 91 1 30
86 92 1 49
86 93 1 35
86 94 1 31
86 95 1 56
86 96 1 91
86 97 1 47
86 98 1 49
86 99 1 41
87 88 1 35
87 89 1 11
87 90 1 20
87 91 1 36
87 92 1 43
87 93 1 47
87 94 1 13
87 95 1 64
87 96 1 33
87 97 1 60
87 98 1 85
87 99 1 82
88 89 1 32
88 90 1 37
88 91 1 23
88 92 1 49
88 93 1 42
88 94 1 16
88 95 1 41
88 96 1 37
88 97 1 35
88 98 1 98
88 99 1 56
89 90 1 32
89 91 1 23
89 92 1 17
89 93 1 30
89 94 1 20
89 95 1 77
89 96 1 91
89 97 1 57
89 98 1 95
89 99 1 74
90 91 1 38
90 92 1 13
90 93 1 18
90 94 1 19
90 95 1 89
90 96 1 68
90 97 1 86
90 98 1 60
90 99 1 95
91 92 1 49
91 93 1 17
91 94 1 50
91 95 1 43
91 96 1 72
91 97 1 81
91 98 1 99
91 99 1 94
92 93 1 27
92 94 1 14
92 95 1 85
92 96 1 93
92 97 1 82
92 98 1 60
92 99 1 71
93 94 1 38
93 95 1 85
93 96 1 89
93 97 1 35
93 98 1 80
93 99 1 49
94 95 1 74
94 96 1 90
94 97 1 66
94 98 1 88
94 99 1 31
95 96 1 22
95 97 1 48
95 98 1 49
95 99 1 10
95 100 1 45
96 97 1 49
96 98 1 21
96 99 1 17
96 100 1 41
97 98 1 41
97 99 1 38
97 100 1 41
98 99 1 37
98 100 1 49
99 100 1 61

1 2 2 64
1 3 2 91
1 4 2 44
1 5 2 97
1 6 2 34
1 7 2 46
1 8 2 93
1 9 2 75
1 10 2 61
2 3 2 25
2 4 2 33
2 5 2 16
2 6 2 49
2 7 2 14
2 8 2 38
2 9 2 46
2 10 2 12
2 11 2 81
2 12 2 30
2 13 2 57
2 14 2 94
2 15 2 69
2 16 2 77
2 17 2 65
2 18 2 74
3 4 2 27
3 5 2 24
3 6 2 29
3 7 2 10
3 8 2 17
3 9 2 16
3 10 2 28
3 11 2 97
3 12 2 85
3 13 2 79
3 14 2 31
3 15 2 74
3 16 2 83
3 17 2 87
3 18 2 98
4 5 2 25
4 6 2 27
4 7 2 43
4 8 2 31
4 9 2 38
4 10 2 45
4 11 2 35
4 12 2 46
4 13 2 33
4 14 2 92
4 15 2 52
4 16 2 32
4 17 2 75
4 18 2 77
5 6 2 40
5 7 2 44
5 8 2 46
5 9 2 23
5 10 2 36
5 11 2 57
5 12 2 33
5 13 2 92
5 14 2 83
5 15 2 65
5 16 2 38
5 17 2 80
5 18 2 72
6 7 2 21
6 8 2 15
6 9 2 47
6 10 2 11
6 11 2 96
6 12 2 78
6 13 2 67
6 14 2 67
6 15 2 36
6 16 2 55
6 17 2 56
6 18 2 88
7 8 2 49
7 9 2 26
7 10 2 13
7 11 2 92
7 12 2 31
7 13 2 84
7 14 2 55
7 15 2 100
7 16 2 30
7 17 2 94
7 18 2 31
8 9 2 45
8 10 2 48
8 11 2 61
8 12 2 65
8 13 2 93
8 14 2 74
8 15 2 34
8 16 2 42
8 17 2 96
8 18 2 30
9 10 2 12
9 11 2 84
9 12 2 74
9 13 2 70
9 14 2 85
9 15 2 45
9 16 2 73
9 17 2 78
9 18 2 33
10 11 2 70
10 12 2 63
10 13 2 69
10 14 2 97
10 15 2 57
10 16 2 79
10 17 2 94
10 18 2 76
11 12 2 30
11 13 2 23
11 14 2 26
11 15 2 14
11 16 2 44
11 17 2 28
11 18 2 26
11 19 2 44
11 20 2 55
11 21 2 83
11 22 2 76
11 23 2 97
11 24 2 82
11 25 2 82
11 26 2 69
11 27 2 55
11 28 2 47
12 13 2 35
12 14 2 39
12 15 2 48
12 16 2 18
12 17 2 29
12 18 2 48
12 19 2 45
12 20 2 48
12 21 2 48
12 22 2 57
12 23 2 43
12 24 2 89
12 25 2 99
12 26 2 70
12 27 2 57
12 28 2 71
13 14 2 37
13 15 2 20
13 16 2 46
13 17 2 17
13 18 2 16
13 19 2 54
13 20 2 37
13 21 2 44
13 22 2 75
13 23 2 66
13 24 2 58
13 25 2 92
13 26 2 30
13 27 2 52
13 28 2 34
14 15 2 35
14 16 2 26
14 17 2 24
14 18 2 41
14 19 2 42
14 20 2 52
14 21 2 98
14 22 2 89
14 23 2 75
14 24 2 30
14 25 2 60
14 26 2 58
14 27 2 82
14 28 2 97
15 16 2 35
15 17 2 27
15 18 2 43
15 19 2 94
15 20 2 75
15 21 2 95
15 22 2 30
15 23 2 46
15 24 2 55
15 25 2 57
15 26 2 79
15 27 2 50
15 28 2 97
16 17 2 26
16 18 2 16
16 19 2 48
16 20 2 38
16 21 2 40
16 22 2 51
16 23 2 94
16 24 2 35
16 25 2 90
16 26 2 78
16 27 2 100
16 28 2 65
17 18 2 49
17 19 2 82
17 20 2 66
17 21 2 53
17 22 2 85
17 23 2 78
17 24 2 36
17 25 2 38
17 26 2 76
17 27 2 94
17 28 2 97
18 19 2 75
18 20 2 44
18 21 2 52
18 22 2 81
18 23 2 88
18 24 2 30
18 25 2 82
18 26 2 85
18 27 2 78
18 28 2 65
19 20 2 32
19 21 2 12
19 22 2 29
19 23 2 49
19 24 2 46
19 25 2 45
19 26 2 47
19 27 2 11
19 28 2 18
19 29 2 97
19 30 2 79
19 31 2 86
19 32 2 100
19 33 2 38
19 34 2 30
19 35 2 51
19 36 2 99
19 37 2 39
20 21 2 21
20 22 2 49
20 23 2 15
20 24 2 22
20 25 2 26
20 26 2 22
20 27 2 21
20 28 2 24
20 29 2 74
20 30 2 89
20 31 2 40
20 32 2 85
20 33 2 78
20 34 2 51
20 35 2 62
20 36 2 61
20 37 2 32
21 22 2 17
21 23 2 45
21 24 2 13
21 25 2 40
21 26 2 11
21 27 2 45
21 28 2 46
21 29 2 99
21 30 2 57
21 31 2 62
21 32 2 59
21 33 2 80
21 34 2 59
21 35 2 94
21 36 2 56
21 37 2 68
22 23 2 46
22 24 2 18
22 25 2 17
22 26 2 18
22 27 2 47
22 28 2 41
22 29 2 77
22 30 2 47
22 31 2 89
22 32 2 50
22 33 2 86
22 34 2 88
22 35 2 97
22 36 2 40
22 37 2 96
23 24 2 32
23 25 2 48
23 26 2 49
23 27 2 22
23 28 2 39
23 29 2 73
23 30 2 57
23 31 2 89
23 32 2 84
23 33 2 94
23 34 2 81
23 35 2 62
23 36 2 32
23 37 2 87
24 25 2 20
24 26 2 25
24 27 2 43
24 28 2 28
24 29 2 44
24 30 2 67
24 31 2 47
24 32 2 77
24 33 2 44
24 34 2 35
24 35 2 42
24 36 2 98
24 37 2 96
25 26 2 11
25 27 2 41
25 28 2 14
25 29 2 74
25 30 2 83
25 31 2 46
25 32 2 78
25 33 2 53
25 34 2 52
25 35 2 53
25 36 2 70
25 37 2 35
26 27 2 11
26 28 2 21
26 29 2 48
26 30 2 81
26 31 2 79
26 32 2 100
26 33 2 86
26 34 2 38
26 35 2 72
26 36 2 67
26 37 2 82
27 28 2 46
27 29 2 32
27 30 2 62
27 31 2 69
27 32 2 97
27 33 2 81
27 34 2 67
27 35 2 42
27 36 2 95
27 37 2 35
28 29 2 86
28 30 2 59
28 31 2 57
28 32 2 49
28 33 2 31
28 34 2 95
28 35 2 31
28 36 2 69
28 37 2 93
29 30 2 24
29 31 2 48
29 32 2 43
29 33 2 44
29 34 2 18
29 35 2 34
29 36 2 14
29 37 2 41
29 38 2 89
29 39 2 85
29 40 2 88
29 41 2 77
29 42 2 90
29 43 2 40
29 44 2 61
29 45 2 53
29 46 2 37
30 31 2 37
30 32 2 41
30 33 2 41
30 34 2 10
30 35 2 14
30 36 2 29
30 37 2 28
30 38 2 94
30 39 2 75
30 40 2 61
30 41 2 65
30 42 2 81
30 43 2 78
30 44 2 93
30 45 2 94
30 46 2 65
31 32 2 36
31 33 2 21
31 34 2 15
31 35 2 11
31 36 2 13
31 37 2 22
31 38 2 73
31 39 2 43
31 40 2 72
31 41 2 79
31 42 2 91
31 43 2 44
31 44 2 78
31 45 2 40
31 46 2 56
32 33 2 45
32 34 2 19
32 35 2 32
32 36 2 32
32 37 2 40
32 38 2 42
32 39 2 98
32 40 2 63
32 41 2 64
32 42 2 64
32 43 2 59
32 44 2 100
32 45 2 90
32 46 2 73
33 34 2 34
33 35 2 31
33 36 2 45
33 37 2 40
33 38 2 91
33 39 2 73
33 40 2 34
33 41 2 92
33 42 2 35
33 43 2 36
33 44 2 81
33 45 2 98
33 46 2 36
34 35 2 36
34 36 2 29
34 37 2 35
34 38 2 85
34 39 2 55
34 40 2 51
34 41 2 55
34 42 2 87
34 43 2 64
34 44 2 57
34 45 2 77
34 46 2 43
35 36 2 11
35 37 2 10
35 38 2 79
35 39 2 55
35 40 2 84
35 41 2 73
35 42 2 84
35 43 2 63
35 44 2 80
35 45 2 61
35 46 2 74
36 37 2 26
36 38 2 58
36 39 2 34
36 40 2 64
36 41 2 86
36 42 2 50
36 43 2 90
36 44 2 50
36 45 2 43
36 46 2 48
37 38 2 79
37 39 2 46
37 40 2 42
37 41 2 67
37 42 2 33
37 43 2 52
37 44 2 74
37 45 2 46
37 46 2 36
38 39 2 16
38 40 2 34
38 41 2 26
38 42 2 18
38 43 2 37
38 44 2 10
38 45 2 50
38 46 2 24
38 47 2 96
38 48 2 89
38 49 2 67
38 50 2 61
38 51 2 96
38 52 2 62
38 53 2 80
38 54 2 33
38 55 2 60
39 40 2 40
39 41 2 43
39 42 2 48
39 43 2 31
39 44 2 31
39 45 2 21
39 46 2 13
39 47 2 46
39 48 2 32
39 49 2 34
39 50 2 62
39 51 2 44
39 52 2 47
39 53 2 89
39 54 2 71
39 55 2 94
40 41 2 32
40 42 2 42
40 43 2 41
40 44 2 13
40 45 2 30
40 46 2 25
40 47 2 33
40 48 2 80
40 49 2 55
40 50 2 91
40 51 2 88
40 52 2 50
40 53 2 77
40 54 2 45
40 55 2 35
41 42 2 11
41 43 2 10
41 44 2 25
41 45 2 34
41 46 2 27
41 47 2 93
41 48 2 91
41 49 2 71
41 50 2 88
41 51 2 34
41 52 2 87
41 53 2 71
41 54 2 86
41 55 2 53
42 43 2 19
42 44 2 15
42 45 2 34
42 46 2 44
42 47 2 82
42 48 2 33
42 49 2 62
42 50 2 68
42 51 2 43
42 52 2 71
42 53 2 88
42 54 2 34
42 55 2 82
43 44 2 25
43 45 2 27
43 46 2 12
43 47 2 32
43 48 2 50
43 49 2 97
43 50 2 59
43 51 2 55
43 52 2 45
43 53 2 89
43 54 2 47
43 55 2 80
44 45 2 40
44 46 2 30
44 47 2 54
44 48 2 56
44 49 2 69
44 50 2 47
44 51 2 58
44 52 2 99
44 53 2 86
44 54 2 48
44 55 2 47
45 46 2 48
45 47 2 44
45 48 2 68
45 49 2 65
45 50 2 30
45 51 2 53
45 52 2 74
45 53 2 59
45 54 2 75
45 55 2 73
46 47 2 37
46 48 2 98
46 49 2 77
46 50 2 91
46 51 2 54
46 52 2 87
46 53 2 73
46 54 2 83
46 55 2 90
47 48 2 33
47 49 2 30
47 50 2 38
47 51 2 31
47 52 2 16
47 53 2 45
47 54 2 26
47 55 2 14
47 56 2 54
47 57 2 53
47 58 2 84
47 59 2 92
47 60 2 46
47 61 2 60
47 62 2 98
47 63 2 56
47 64 2 88
47 65 2 69
47 66 2 58
47 67 2 82
48 49 2 26
48 50 2 33
48 51 2 49
48 52 2 41
48 53 2 39
48 54 2 23
48 55 2 46
48 56 2 41
48 57 2 83
48 58 2 76
48 59 2 68
48 60 2 49
48 61 2 88
48 62 2 64
48 63 2 91
48 64 2 55
48 65 2 69
48 66 2 31
48 67 2 73
49 50 2 19
49 51 2 47
49 52 2 24
49 53 2 29
49 54 2 36
49 55 2 43
49 56 2 71
49 57 2 49
49 58 2 36
49 59 2 89
49 60 2 67
49 61 2 67
49 62 2 87
49 63 2 34
49 64 2 83
49 65 2 56
49 66 2 85
49 67 2 44
50 51 2 34
50 52 2 39
50 53 2 38
50 54 2 49
50 55 2 50
50 56 2 44
50 57 2 32
50 58 2 74
50 59 2 46
50 60 2 65
50 61 2 30
50 62 2 33
50 63 2 51
50 64 2 35
50 65 2 50
50 66 2 36
50 67 2 98
51 52 2 43
51 53 2 40
51 54 2 40
51 55 2 49
51 56 2 38
51 57 2 62
51 58 2 53
51 59 2 98
51 60 2 58
51 61 2 92
51 62 2 92
51 63 2 71
51 64 2 42
51 65 2 84
51 66 2 45
51 67 2 55
52 53 2 31
52 54 2 25
52 55 2 43
52 56 2 100
52 57 2 89
52 58 2 57
52 59 2 62
52 60 2 58
52 61 2 87
52 62 2 83
52 63 2 94
52 64 2 74
52 65 2 59
52 66 2 90
52 67 2 49
53 54 2 36
53 55 2 29
53 56 2 100
53 57 2 85
53 58 2 60
53 59 2 45
53 60 2 82
53 61 2 53
53 62 2 71
53 63 2 89
53 64 2 38
53 65 2 57
53 66 2 89
53 67 2 100
54 55 2 29
54 56 2 66
54 57 2 72
54 58 2 75
54 59 2 50
54 60 2 95
54 61 2 80
54 62 2 80
54 63 2 70
54 64 2 58
54 65 2 98
54 66 2 45
54 67 2 40
55 56 2 94
55 57 2 52
55 58 2 36
55 59 2 90
55 60 2 100
55 61 2 34
55 62 2 59
55 63 2 55
55 64 2 75
55 65 2 53
55 66 2 64
55 67 2 88
56 57 2 11
56 58 2 35
56 59 2 43
56 60 2 18
56 61 2 37
56 62 2 26
56 63 2 29
56 64 2 25
56 65 2 16
56 66 2 49
56 67 2 31
56 68 2 76
56 69 2 76
56 70 2 79
56 71 2 51
56 72 2 80
56 73 2 40
56 74 2 31
56 75 2 53
56 76 2 53
56 77 2 53
57 58 2 36
57 59 2 27
57 60 2 39
57 61 2 45
57 62 2 18
57 63 2 15
57 64 2 19
57 65 2 27
57 66 2 21
57 67 2 14
57 68 2 50
57 69 2 100
57 70 2 92
57 71 2 51
57 72 2 91
57 73 2 59
57 74 2 48
57 75 2 32
57 76 2 71
57 77 2 51
58 59 2 20
58 60 2 36
58 61 2 17
58 62 2 34
58 63 2 50
58 64 2 17
58 65 2 42
58 66 2 36
58 67 2 33
58 68 2 60
58 69 2 80
58 70 2 96
58 71 2 87
58 72 2 80
58 73 2 73
58 74 2 80
58 75 2 51
58 76 2 81
58 77 2 66
59 60 2 17
59 61 2 38
59 62 2 50
59 63 2 24
59 64 2 23
59 65 2 25
59 66 2 27
59 67 2 27
59 68 2 41
59 69 2 37
59 70 2 62
59 71 2 34
59 72 2 36
59 73 2 89
59 74 2 72
59 75 2 97
59 76 2 79
59 77 2 79
60 61 2 29
60 62 2 48
60 63 2 27
60 64 2 25
60 65 2 34
60 66 2 32
60 67 2 18
60 68 2 43
60 69 2 94
60 70 2 93
60 71 2 66
60 72 2 53
60 73 2 48
60 74 2 82
60 75 2 100
60 76 2 98
60 77 2 61
61 62 2 23
61 63 2 16
61 64 2 50
61 65 2 31
61 66 2 25
61 67 2 45
61 68 2 72
61 69 2 100
61 70 2 62
61 71 2 67
61 72 2 36
61 73 2 96
61 74 2 79
61 75 2 49
61 76 2 43
61 77 2 69
62 63 2 17
62 64 2 14
62 65 2 33
62 66 2 45
62 67 2 40
62 68 2 32
62 69 2 43
62 70 2 53
62 71 2 40
62 72 2 58
62 73 2 81
62 74 2 98
62 75 2 48
62 76 2 99
62 77 2 76
63 64 2 12
63 65 2 28
63 66 2 40
63 67 2 49
63 68 2 76
63 69 2 80
63 70 2 98
63 71 2 58
63 72 2 78
63 73 2 83
63 74 2 88
63 75 2 31
63 76 2 69
63 77 2 92
64 65 2 15
64 66 2 35
64 67 2 45
64 68 2 70
64 69 2 32
64 70 2 53
64 71 2 40
64 72 2 55
64 73 2 91
64 74 2 73
64 75 2 59
64 76 2 53
64 77 2 34
65 66 2 28
65 67 2 33
65 68 2 50
65 69 2 82
65 70 2 52
65 71 2 62
65 72 2 40
65 73 2 42
65 74 2 67
65 75 2 57
65 76 2 92
65 77 2 44
66 67 2 36
66 68 2 72
66 69 2 37
66 70 2 98
66 71 2 43
66 72 2 39
66 73 2 82
66 74 2 43
66 75 2 99
66 76 2 99
66 77 2 89
67 68 2 70
67 69 2 86
67 70 2 43
67 71 2 35
67 72 2 99
67 73 2 34
67 74 2 86
67 75 2 48
67 76 2 83
67 77 2 30
68 69 2 31
68 70 2 38
68 71 2 17
68 72 2 17
68 73 2 13
68 74 2 30
68 75 2 21
68 76 2 16
68 77 2 44
68 78 2 32
68 79 2 46
68 80 2 98
68 81 2 77
68 82 2 78
68 83 2 32
68 84 2 50
68 85 2 40
69 70 2 13
69 71 2 35
69 72 2 11
69 73 2 48
69 74 2 14
69 75 2 11
69 76 2 36
69 77 2 21
69 78 2 42
69 79 2 42
69 80 2 83
69 81 2 60
69 82 2 40
69 83 2 44
69 84 2 56
69 85 2 70
70 71 2 13
70 72 2 10
70 73 2 44
70 74 2 40
70 75 2 33
70 76 2 35
70 77 2 45
70 78 2 68
70 79 2 73
70 80 2 55
70 81 2 75
70 82 2 88
70 83 2 66
70 84 2 87
70 85 2 77
71 72 2 14
71 73 2 50
71 74 2 36
71 75 2 27
71 76 2 30
71 77 2 50
71 78 2 99
71 79 2 90
71 80 2 53
71 81 2 78
71 82 2 54
71 83 2 45
71 84 2 90
71 85 2 98
72 73 2 39
72 74 2 11
72 75 2 29
72 76 2 23
72 77 2 48
72 78 2 62
72 79 2 54
72 80 2 35
72 81 2 44
72 82 2 58
72 83 2 71
72 84 2 90
72 85 2 77
73 74 2 40
73 75 2 48
73 76 2 22
73 77 2 11
73 78 2 73
73 79 2 65
73 80 2 65
73 81 2 86
73 82 2 36
73 83 2 90
73 84 2 96
73 85 2 63
74 75 2 46
74 76 2 12
74 77 2 21
74 78 2 43
74 79 2 97
74 80 2 60
74 81 2 48
74 82 2 64
74 83 2 44
74 84 2 77
74 85 2 69
75 76 2 23
75 77 2 32
75 78 2 45
75 79 2 77
75 80 2 83
75 81 2 45
75 82 2 65
75 83 2 65
75 84 2 33
75 85 2 73
76 77 2 49
76 78 2 68
76 79 2 74
76 80 2 56
76 81 2 74
76 82 2 31
76 83 2 65
76 84 2 84
76 85 2 59
77 78 2 64
77 79 2 34
77 80 2 45
77 81 2 31
77 82 2 54
77 83 2 89
77 84 2 57
77 85 2 67
78 79 2 14
78 80 2 23
78 81 2 12
78 82 2 48
78 83 2 13
78 84 2 41
78 85 2 20
78 86 2 66
78 87 2 73
78 88 2 68
78 89 2 89
78 90 2 72
78 91 2 50
78 92 2 88
78 93 2 92
78 94 2 44
79 80 2 18
79 81 2 15
79 82 2 16
79 83 2 38
79 84 2 20
79 85 2 21
79 86 2 61
79 87 2 61
79 88 2 82
79 89 2 88
79 90 2 34
79 91 2 37
79 92 2 43
79 93 2 56
79 94 2 75
80 81 2 45
80 82 2 13
80 83 2 46
80 84 2 15
80 85 2 25
80 86 2 50
80 87 2 91
80 88 2 74
80 89 2 75
80 90 2 62
80 91 2 44
80 92 2 63
80 93 2 94
80 94 2 71
81 82 2 13
81 83 2 21
81 84 2 49
81 85 2 35
81 86 2 54
81 87 2 43
81 88 2 32
81 89 2 53
81 90 2 86
81 91 2 92
81 92 2 89
81 93 2 35
81 94 2 78
82 83 2 12
82 84 2 35
82 85 2 11
82 86 2 91
82 87 2 45
82 88 2 88
82 89 2 99
82 90 2 84
82 91 2 73
82 92 2 66
82 93 2 56
82 94 2 56
83 84 2 25
83 85 2 23
83 86 2 40
83 87 2 45
83 88 2 43
83 89 2 34
83 90 2 91
83 91 2 66
83 92 2 84
83 93 2 81
83 94 2 95
84 85 2 29
84 86 2 78
84 87 2 77
84 88 2 76
84 89 2 65
84 90 2 54
84 91 2 59
84 92 2 47
84 93 2 55
84 94 2 56
85 86 2 94
85 87 2 48
85 88 2 49
85 89 2 41
85 90 2 67
85 91 2 67
85 92 2 79
85 93 2 47
85 94 2 45
86 87 2 41
86 88 2 43
86 89 2 28
86 90 2 44
86 91 2 24
86 92 2 36
86 93 2 33
86 94 2 49
86 95 2 91
86 96 2 77
86 97 2 30
86 98 2 85
86 99 2 64
87 88 2 13
87 89 2 40
87 90 2 30
87 91 2 29
87 92 2 35
87 93 2 37
87 94 2 15
87 95 2 73
87 96 2 46
87 97 2 86
87 98 2 42
87 99 2 53
88 89 2 37
88 90 2 37
88 91 2 14
88 92 2 14
88 93 2 34
88 94 2 20
88 95 2 96
88 96 2 64
88 97 2 58
88 98 2 83
88 99 2 71
89 90 2 43
89 91 2 29
89 92 2 38
89 93 2 19
89 94 2 14
89 95 2 95
89 96 2 67
89 97 2 30
89 98 2 60
89 99 2 33
90 91 2 13
90 92 2 34
90 93 2 32
90 94 2 23
90 95 2 87
90 96 2 75
90 97 2 91
90 98 2 75
90 99 2 74
91 92 2 43
91 93 2 17
91 94 2 45
91 95 2 54
91 96 2 74
91 97 2 56
91 98 2 69
91 99 2 55
92 93 2 12
92 94 2 19
92 95 2 46
92 96 2 60
92 97 2 72
92 98 2 89
92 99 2 62
93 94 2 17
93 95 2 53
93 96 2 84
93 97 2 50
93 98 2 76
93 99 2 63
94 95 2 90
94 96 2 46
94 97 2 33
94 98 2 94
94 99 2 52
95 96 2 13
95 97 2 45
95 98 2 20
95 99 2 42
95 100 2 30
96 97 2 14
96 98 2 35
96 99 2 15
96 100 2 44
97 98 2 14
97 99 2 30
97 100 2 93
98 99 2 38
98 100 2 46
99 100 2 93

1 2 3 53
1 3 3 82
1 4 3 41
1 5 3 95
1 6 3 78
1 7 3 64
1 8 3 31
1 9 3 44
1 10 3 47
2 3 3 29
2 4 3 39
2 5 3 38
2 6 3 17
2 7 3 41
2 8 3 40
2 9 3 44
2 10 3 22
2 11 3 95
2 12 3 84
2 13 3 42
2 14 3 74
2 15 3 32
2 16 3 84
2 17 3 77
2 18 3 99
3 4 3 17
3 5 3 34
3 6 3 42
3 7 3 31
3 8 3 45
3 9 3 33
3 10 3 10
3 11 3 30
3 12 3 62
3 13 3 83
3 14 3 51
3 15 3 100
3 16 3 48
3 17 3 52
3 18 3 94
4 5 3 46
4 6 3 17
4 7 3 23
4 8 3 15
4 9 3 50
4 10 3 34
4 11 3 100
4 12 3 30
4 13 3 58
4 14 3 69
4 15 3 40
4 16 3 46
4 17 3 89
4 18 3 31
5 6 3 24
5 7 3 46
5 8 3 35
5 9 3 10
5 10 3 30
5 11 3 43
5 12 3 43
5 13 3 41
5 14 3 72
5 15 3 85
5 16 3 87
5 17 3 96
5 18 3 50
6 7 3 33
6 8 3 17
6 9 3 48
6 10 3 30
6 11 3 64
6 12 3 38
6 13 3 58
6 14 3 81
6 15 3 68
6 16 3 82
6 17 3 39
6 18 3 47
7 8 3 40
7 9 3 46
7 10 3 16
7 11 3 38
7 12 3 59
7 13 3 72
7 14 3 34
7 15 3 48
7 16 3 89
7 17 3 96
7 18 3 56
8 9 3 41
8 10 3 41
8 11 3 68
8 12 3 95
8 13 3 90
8 14 3 98
8 15 3 70
8 16 3 92
8 17 3 76
8 18 3 88
9 10 3 10
9 11 3 83
9 12 3 70
9 13 3 94
9 14 3 100
9 15 3 80
9 16 3 65
9 17 3 90
9 18 3 57
10 11 3 47
10 12 3 86
10 13 3 74
10 14 3 53
10 15 3 77
10 16 3 95
10 17 3 95
10 18 3 48
11 12 3 33
11 13 3 31
11 14 3 15
11 15 3 18
11 16 3 47
11 17 3 18
11 18 3 18
11 19 3 87
11 20 3 43
11 21 3 60
11 22 3 87
11 23 3 36
11 24 3 70
11 25 3 72
11 26 3 74
11 27 3 85
11 28 3 100
12 13 3 30
12 14 3 48
12 15 3 13
12 16 3 42
12 17 3 19
12 18 3 28
12 19 3 90
12 20 3 61
12 21 3 68
12 22 3 40
12 23 3 71
12 24 3 64
12 25 3 69
12 26 3 33
12 27 3 55
12 28 3 98
13 14 3 19
13 15 3 38
13 16 3 17
13 17 3 14
13 18 3 15
13 19 3 49
13 20 3 72
13 21 3 93
13 22 3 75
13 23 3 86
13 24 3 95
13 25 3 61
13 26 3 83
13 27 3 36
13 28 3 59
14 15 3 21
14 16 3 31
14 17 3 17
14 18 3 18
14 19 3 74
14 20 3 84
14 21 3 72
14 22 3 82
14 23 3 35
14 24 3 66
14 25 3 61
14 26 3 44
14 27 3 55
14 28 3 64
15 16 3 23
15 17 3 23
15 18 3 50
15 19 3 40
15 20 3 94
15 21 3 93
15 22 3 44
15 23 3 100
15 24 3 57
15 25 3 47
15 26 3 72
15 27 3 81
15 28 3 78
16 17 3 18
16 18 3 38
16 19 3 79
16 20 3 69
16 21 3 100
16 22 3 50
16 23 3 85
16 24 3 83
16 25 3 34
16 26 3 63
16 27 3 69
16 28 3 63
17 18 3 27
17 19 3 81
17 20 3 36
17 21 3 46
17 22 3 66
17 23 3 81
17 24 3 38
17 25 3 58
17 26 3 86
17 27 3 42
17 28 3 74
18 19 3 51
18 20 3 65
18 21 3 84
18 22 3 52
18 23 3 53
18 24 3 86
18 25 3 74
18 26 3 39
18 27 3 71
18 28 3 82
19 20 3 32
19 21 3 22
19 22 3 40
19 23 3 24
19 24 3 37
19 25 3 28
19 26 3 33
19 27 3 26
19 28 3 29
19 29 3 68
19 30 3 34
19 31 3 79
19 32 3 67
19 33 3 49
19 34 3 90
19 35 3 92
19 36 3 84
19 37 3 55
20 21 3 21
20 22 3 12
20 23 3 10
20 24 3 23
20 25 3 13
20 26 3 43
20 27 3 15
20 28 3 47
20 29 3 93
20 30 3 99
20 31 3 44
20 32 3 56
20 33 3 90
20 34 3 98
20 35 3 43
20 36 3 69
20 37 3 64
21 22 3 44
21 23 3 42
21 24 3 19
21 25 3 17
21 26 3 50
21 27 3 47
21 28 3 46
21 29 3 69
21 30 3 96
21 31 3 85
21 32 3 59
21 33 3 40
21 34 3 67
21 35 3 62
21 36 3 88
21 37 3 100
22 23 3 25
22 24 3 15
22 25 3 40
22 26 3 29
22 27 3 47
22 28 3 30
22 29 3 96
22 30 3 82
22 31 3 89
22 32 3 31
22 33 3 76
22 34 3 93
22 35 3 53
22 36 3 59
22 37 3 84
23 24 3 27
23 25 3 18
23 26 3 34
23 27 3 41
23 28 3 34
23 29 3 41
23 30 3 98
23 31 3 58
23 32 3 100
23 33 3 97
23 34 3 77
23 35 3 48
23 36 3 81
23 37 3 55
24 25 3 30
24 26 3 12
24 27 3 29
24 28 3 21
24 29 3 84
24 30 3 84
24 31 3 87
24 32 3 80
24 33 3 88
24 34 3 75
24 35 3 52
24 36 3 91
24 37 3 62
25 26 3 33
25 27 3 29
25 28 3 16
25 29 3 35
25 30 3 85
25 31 3 75
25 32 3 32
25 33 3 39
25 34 3 33
25 35 3 58
25 36 3 55
25 37 3 90
26 27 3 12
26 28 3 42
26 29 3 75
26 30 3 67
26 31 3 53
26 32 3 93
26 33 3 97
26 34 3 42
26 35 3 52
26 36 3 89
26 37 3 72
27 28 3 43
27 29 3 32
27 30 3 55
27 31 3 57
27 32 3 47
27 33 3 80
27 34 3 90
27 35 3 56
27 36 3 98
27 37 3 93
28 29 3 46
28 30 3 71
28 31 3 46
28 32 3 65
28 33 3 70
28 34 3 38
28 35 3 93
28 36 3 53
28 37 3 58
29 30 3 42
29 31 3 20
29 32 3 39
29 33 3 32
29 34 3 25
29 35 3 42
29 36 3 20
29 37 3 47
29 38 3 67
29 39 3 85
29 40 3 74
29 41 3 71
29 42 3 65
29 43 3 67
29 44 3 100
29 45 3 43
29 46 3 40
30 31 3 28
30 32 3 31
30 33 3 26
30 34 3 49
30 35 3 37
30 36 3 35
30 37 3 21
30 38 3 98
30 39 3 47
30 40 3 98
30 41 3 100
30 42 3 100
30 43 3 91
30 44 3 90
30 45 3 87
30 46 3 55
31 32 3 11
31 33 3 32
31 34 3 20
31 35 3 22
31 36 3 19
31 37 3 45
31 38 3 56
31 39 3 90
31 40 3 79
31 41 3 62
31 42 3 47
31 43 3 77
31 44 3 50
31 45 3 32
31 46 3 94
32 33 3 12
32 34 3 44
32 35 3 13
32 36 3 33
32 37 3 45
32 38 3 47
32 39 3 55
32 40 3 100
32 41 3 64
32 42 3 40
32 43 3 81
32 44 3 56
32 45 3 47
32 46 3 39
33 34 3 43
33 35 3 20
33 36 3 10
33 37 3 48
33 38 3 58
33 39 3 60
33 40 3 67
33 41 3 58
33 42 3 83
33 43 3 94
33 44 3 45
33 45 3 80
33 46 3 93
34 35 3 31
34 36 3 49
34 37 3 40
34 38 3 67
34 39 3 93
34 40 3 98
34 41 3 90
34 42 3 81
34 43 3 82
34 44 3 82
34 45 3 68
34 46 3 85
35 36 3 35
35 37 3 26
35 38 3 41
35 39 3 49
35 40 3 93
35 41 3 64
35 42 3 61
35 43 3 41
35 44 3 82
35 45 3 58
35 46 3 31
36 37 3 45
36 38 3 49
36 39 3 67
36 40 3 98
36 41 3 40
36 42 3 38
36 43 3 53
36 44 3 89
36 45 3 45
36 46 3 65
37 38 3 42
37 39 3 97
37 40 3 31
37 41 3 82
37 42 3 76
37 43 3 88
37 44 3 85
37 45 3 33
37 46 3 88
38 39 3 35
38 40 3 19
38 41 3 50
38 42 3 24
38 43 3 20
38 44 3 14
38 45 3 18
38 46 3 43
38 47 3 98
38 48 3 31
38 49 3 81
38 50 3 68
38 51 3 34
38 52 3 69
38 53 3 67
38 54 3 89
38 55 3 64
39 40 3 16
39 41 3 18
39 42 3 14
39 43 3 45
39 44 3 11
39 45 3 47
39 46 3 10
39 47 3 34
39 48 3 69
39 49 3 92
39 50 3 94
39 51 3 52
39 52 3 92
39 53 3 92
39 54 3 80
39 55 3 53
40 41 3 36
40 42 3 13
40 43 3 16
40 44 3 15
40 45 3 37
40 46 3 15
40 47 3 99
40 48 3 77
40 49 3 91
40 50 3 79
40 51 3 60
40 52 3 91
40 53 3 38
40 54 3 74
40 55 3 77
41 42 3 24
41 43 3 14
41 44 3 29
41 45 3 28
41 46 3 10
41 47 3 31
41 48 3 73
41 49 3 36
41 50 3 30
41 51 3 90
41 52 3 57
41 53 3 37
41 54 3 75
41 55 3 77
42 43 3 12
42 44 3 17
42 45 3 24
42 46 3 13
42 47 3 88
42 48 3 100
42 49 3 80
42 50 3 84
42 51 3 81
42 52 3 50
42 53 3 88
42 54 3 70
42 55 3 46
43 44 3 29
43 45 3 19
43 46 3 21
43 47 3 67
43 48 3 59
43 49 3 40
43 50 3 63
43 51 3 68
43 52 3 96
43 53 3 73
43 54 3 99
43 55 3 56
44 45 3 48
44 46 3 49
44 47 3 97
44 48 3 81
44 49 3 33
44 50 3 82
44 51 3 92
44 52 3 80
44 53 3 62
44 54 3 78
44 55 3 38
45 46 3 43
45 47 3 93
45 48 3 58
45 49 3 75
45 50 3 80
45 51 3 31
45 52 3 94
45 53 3 45
45 54 3 84
45 55 3 94
46 47 3 50
46 48 3 66
46 49 3 40
46 50 3 64
46 51 3 88
46 52 3 47
46 53 3 72
46 54 3 46
46 55 3 96
47 48 3 36
47 49 3 40
47 50 3 39
47 51 3 42
47 52 3 32
47 53 3 21
47 54 3 42
47 55 3 49
47 56 3 32
47 57 3 80
47 58 3 67
47 59 3 67
47 60 3 67
47 61 3 100
47 62 3 86
47 63 3 64
47 64 3 78
47 65 3 73
47 66 3 59
47 67 3 68
48 49 3 19
48 50 3 17
48 51 3 25
48 52 3 17
48 53 3 15
48 54 3 35
48 55 3 10
48 56 3 54
48 57 3 69
48 58 3 34
48 59 3 72
48 60 3 91
48 61 3 100
48 62 3 32
48 63 3 38
48 64 3 57
48 65 3 46
48 66 3 45
48 67 3 72
49 50 3 12
49 51 3 49
49 52 3 44
49 53 3 28
49 54 3 35
49 55 3 15
49 56 3 77
49 57 3 70
49 58 3 34
49 59 3 48
49 60 3 41
49 61 3 33
49 62 3 81
49 63 3 36
49 64 3 41
49 65 3 52
49 66 3 38
49 67 3 60
50 51 3 39
50 52 3 36
50 53 3 50
50 54 3 38
50 55 3 18
50 56 3 54
50 57 3 68
50 58 3 59
50 59 3 37
50 60 3 88
50 61 3 32
50 62 3 71
50 63 3 96
50 64 3 33
50 65 3 80
50 66 3 50
50 67 3 85
51 52 3 40
51 53 3 27
51 54 3 17
51 55 3 50
51 56 3 70
51 57 3 61
51 58 3 96
51 59 3 61
51 60 3 43
51 61 3 80
51 62 3 76
51 63 3 46
51 64 3 52
51 65 3 59
51 66 3 86
51 67 3 76
52 53 3 14
52 54 3 38
52 55 3 45
52 56 3 68
52 57 3 98
52 58 3 78
52 59 3 51
52 60 3 37
52 61 3 76
52 62 3 41
52 63 3 32
52 64 3 44
52 65 3 51
52 66 3 42
52 67 3 36
53 54 3 12
53 55 3 32
53 56 3 97
53 57 3 68
53 58 3 87
53 59 3 41
53 60 3 93
53 61 3 71
53 62 3 46
53 63 3 62
53 64 3 85
53 65 3 36
53 66 3 92
53 67 3 43
54 55 3 45
54 56 3 89
54 57 3 60
54 58 3 78
54 59 3 45
54 60 3 67
54 61 3 95
54 62 3 30
54 63 3 96
54 64 3 58
54 65 3 85
54 66 3 81
54 67 3 38
55 56 3 66
55 57 3 59
55 58 3 97
55 59 3 89
55 60 3 75
55 61 3 93
55 62 3 72
55 63 3 37
55 64 3 90
55 65 3 79
55 66 3 66
55 67 3 41
56 57 3 34
56 58 3 47
56 59 3 18
56 60 3 13
56 61 3 35
56 62 3 16
56 63 3 21
56 64 3 22
56 65 3 30
56 66 3 40
56 67 3 10
56 68 3 65
56 69 3 51
56 70 3 99
56 71 3 63
56 72 3 94
56 73 3 41
56 74 3 91
56 75 3 83
56 76 3 35
56 77 3 46
57 58 3 33
57 59 3 41
57 60 3 50
57 61 3 49
57 62 3 34
57 63 3 31
57 64 3 46
57 65 3 50
57 66 3 39
57 67 3 20
57 68 3 48
57 69 3 34
57 70 3 64
57 71 3 63
57 72 3 60
57 73 3 34
57 74 3 87
57 75 3 66
57 76 3 53
57 77 3 65
58 59 3 23
58 60 3 27
58 61 3 43
58 62 3 19
58 63 3 34
58 64 3 17
58 65 3 36
58 66 3 24
58 67 3 34
58 68 3 43
58 69 3 35
58 70 3 71
58 71 3 52
58 72 3 74
58 73 3 58
58 74 3 71
58 75 3 61
58 76 3 52
58 77 3 39
59 60 3 18
59 61 3 35
59 62 3 27
59 63 3 17
59 64 3 20
59 65 3 39
59 66 3 23
59 67 3 28
59 68 3 61
59 69 3 96
59 70 3 39
59 71 3 47
59 72 3 34
59 73 3 45
59 74 3 38
59 75 3 82
59 76 3 30
59 77 3 35
60 61 3 32
60 62 3 49
60 63 3 15
60 64 3 10
60 65 3 46
60 66 3 50
60 67 3 15
60 68 3 41
60 69 3 33
60 70 3 30
60 71 3 70
60 72 3 86
60 73 3 78
60 74 3 94
60 75 3 51
60 76 3 39
60 77 3 78
61 62 3 30
61 63 3 28
61 64 3 26
61 65 3 26
61 66 3 39
61 67 3 41
61 68 3 71
61 69 3 36
61 70 3 46
61 71 3 57
61 72 3 73
61 73 3 60
61 74 3 75
61 75 3 86
61 76 3 47
61 77 3 60
62 63 3 37
62 64 3 45
62 65 3 25
62 66 3 25
62 67 3 39
62 68 3 38
62 69 3 75
62 70 3 71
62 71 3 43
62 72 3 49
62 73 3 40
62 74 3 75
62 75 3 56
62 76 3 64
62 77 3 100
63 64 3 13
63 65 3 31
63 66 3 22
63 67 3 50
63 68 3 87
63 69 3 80
63 70 3 87
63 71 3 79
63 72 3 53
63 73 3 92
63 74 3 59
63 75 3 67
63 76 3 67
63 77 3 37
64 65 3 48
64 66 3 25
64 67 3 37
64 68 3 56
64 69 3 92
64 70 3 53
64 71 3 75
64 72 3 99
64 73 3 47
64 74 3 67
64 75 3 91
64 76 3 61
64 77 3 98
65 66 3 17
65 67 3 44
65 68 3 93
65 69 3 98
65 70 3 75
65 71 3 58
65 72 3 83
65 73 3 68
65 74 3 63
65 75 3 42
65 76 3 43
65 77 3 98
66 67 3 47
66 68 3 79
66 69 3 94
66 70 3 81
66 71 3 44
66 72 3 98
66 73 3 70
66 74 3 49
66 75 3 54
66 76 3 84
66 77 3 51
67 68 3 54
67 69 3 97
67 70 3 58
67 71 3 38
67 72 3 93
67 73 3 40
67 74 3 66
67 75 3 79
67 76 3 33
67 77 3 96
68 69 3 19
68 70 3 11
68 71 3 14
68 72 3 12
68 73 3 24
68 74 3 19
68 75 3 12
68 76 3 32
68 77 3 15
68 78 3 77
68 79 3 83
68 80 3 59
68 81 3 71
68 82 3 85
68 83 3 36
68 84 3 30
68 85 3 84
69 70 3 28
69 71 3 38
69 72 3 33
69 73 3 15
69 74 3 39
69 75 3 14
69 76 3 43
69 77 3 15
69 78 3 97
69 79 3 98
69 80 3 41
69 81 3 75
69 82 3 84
69 83 3 65
69 84 3 39
69 85 3 42
70 71 3 19
70 72 3 15
70 73 3 31
70 74 3 42
70 75 3 24
70 76 3 21
70 77 3 46
70 78 3 65
70 79 3 50
70 80 3 70
70 81 3 57
70 82 3 49
70 83 3 76
70 84 3 81
70 85 3 54
71 72 3 38
71 73 3 16
71 74 3 31
71 75 3 16
71 76 3 17
71 77 3 18
71 78 3 79
71 79 3 76
71 80 3 88
71 81 3 60
71 82 3 73
71 83 3 73
71 84 3 89
71 85 3 60
72 73 3 24
72 74 3 48
72 75 3 20
72 76 3 45
72 77 3 49
72 78 3 33
72 79 3 45
72 80 3 72
72 81 3 81
72 82 3 82
72 83 3 86
72 84 3 71
72 85 3 42
73 74 3 20
73 75 3 40
73 76 3 28
73 77 3 15
73 78 3 41
73 79 3 90
73 80 3 42
73 81 3 39
73 82 3 39
73 83 3 66
73 84 3 84
73 85 3 44
74 75 3 50
74 76 3 18
74 77 3 39
74 78 3 96
74 79 3 99
74 80 3 85
74 81 3 93
74 82 3 76
74 83 3 78
74 84 3 68
74 85 3 37
75 76 3 46
75 77 3 34
75 78 3 76
75 79 3 67
75 80 3 50
75 81 3 88
75 82 3 91
75 83 3 69
75 84 3 89
75 85 3 45
76 77 3 23
76 78 3 37
76 79 3 80
76 80 3 83
76 81 3 50
76 82 3 33
76 83 3 59
76 84 3 98
76 85 3 87
77 78 3 78
77 79 3 77
77 80 3 40
77 81 3 56
77 82 3 52
77 83 3 62
77 84 3 55
77 85 3 41
78 79 3 33
78 80 3 26
78 81 3 45
78 82 3 47
78 83 3 44
78 84 3 24
78 85 3 41
78 86 3 100
78 87 3 46
78 88 3 60
78 89 3 57
78 90 3 77
78 91 3 56
78 92 3 34
78 93 3 92
78 94 3 49
79 80 3 20
79 81 3 42
79 82 3 20
79 83 3 13
79 84 3 44
79 85 3 19
79 86 3 83
79 87 3 60
79 88 3 31
79 89 3 48
79 90 3 30
79 91 3 60
79 92 3 65
79 93 3 77
79 94 3 98
80 81 3 28
80 82 3 13
80 83 3 21
80 84 3 38
80 85 3 20
80 86 3 72
80 87 3 56
80 88 3 30
80 89 3 49
80 90 3 92
80 91 3 54
80 92 3 36
80 93 3 40
80 94 3 84
81 82 3 22
81 83 3 37
81 84 3 47
81 85 3 11
81 86 3 62
81 87 3 71
81 88 3 66
81 89 3 92
81 90 3 63
81 91 3 71
81 92 3 61
81 93 3 92
81 94 3 74
82 83 3 10
82 84 3 32
82 85 3 30
82 86 3 90
82 87 3 47
82 88 3 42
82 89 3 75
82 90 3 44
82 91 3 60
82 92 3 33
82 93 3 62
82 94 3 63
83 84 3 35
83 85 3 44
83 86 3 74
83 87 3 97
83 88 3 83
83 89 3 30
83 90 3 81
83 91 3 32
83 92 3 48
83 93 3 49
83 94 3 30
84 85 3 12
84 86 3 47
84 87 3 31
84 88 3 60
84 89 3 30
84 90 3 100
84 91 3 51
84 92 3 49
84 93 3 71
84 94 3 41
85 86 3 66
85 87 3 35
85 88 3 52
85 89 3 70
85 90 3 37
85 91 3 72
85 92 3 56
85 93 3 45
85 94 3 48
86 87 3 10
86 88 3 34
86 89 3 40
86 90 3 48
86 91 3 13
86 92 3 27
86 93 3 25
86 94 3 26
86 95 3 72
86 96 3 58
86 97 3 34
86 98 3 95
86 99 3 95
87 88 3 18
87 89 3 39
87 90 3 47
87 91 3 11
87 92 3 22
87 93 3 50
87 94 3 11
87 95 3 78
87 96 3 52
87 97 3 68
87 98 3 33
87 99 3 66
88 89 3 10
88 90 3 14
88 91 3 28
88 92 3 36
88 93 3 17
88 94 3 29
88 95 3 95
88 96 3 51
88 97 3 94
88 98 3 33
88 99 3 43
89 90 3 23
89 91 3 16
89 92 3 48
89 93 3 39
89 94 3 13
89 95 3 95
89 96 3 89
89 97 3 32
89 98 3 52
89 99 3 39
90 91 3 32
90 92 3 38
90 93 3 42
90 94 3 11
90 95 3 81
90 96 3 48
90 97 3 74
90 98 3 33
90 99 3 30
91 92 3 44
91 93 3 10
91 94 3 34
91 95 3 79
91 96 3 91
91 97 3 57
91 98 3 72
91 99 3 60
92 93 3 32
92 94 3 36
92 95 3 41
92 96 3 51
92 97 3 46
92 98 3 54
92 99 3 58
93 94 3 41
93 95 3 43
93 96 3 87
93 97 3 37
93 98 3 69
93 99 3 51
94 95 3 34
94 96 3 58
94 97 3 31
94 98 3 70
94 99 3 53
95 96 3 18
95 97 3 50
95 98 3 12
95 99 3 48
95 100 3 82
96 97 3 29
96 98 3 39
96 99 3 47
96 100 3 56
97 98 3 25
97 99 3 41
97 100 3 72
98 99 3 21
98 100 3 66
99 100 3 56

