1 2 1 63
1 3 1 44
1 4 1 40
1 5 1 97
1 6 1 76
1 7 1 32
1 8 1 70
1 9 1 48
1 10 1 76
1 11 1 36
2 3 1 38
2 4 1 25
2 5 1 11
2 6 1 17
2 7 1 41
2 8 1 31
2 9 1 39
2 10 1 11
2 11 1 39
2 12 1 56
2 13 1 74
2 14 1 31
2 15 1 72
2 16 1 90
2 17 1 54
2 18 1 51
2 19 1 70
2 20 1 46
2 21 1 69
2 22 1 33
2 23 1 76
3 4 1 16
3 5 1 15
3 6 1 20
3 7 1 32
3 8 1 15
3 9 1 45
3 10 1 47
3 11 1 46
3 12 1 89
3 13 1 96
3 14 1 88
3 15 1 76
3 16 1 71
3 17 1 50
3 18 1 75
3 19 1 91
3 20 1 88
3 21 1 83
3 22 1 79
3 23 1 34
4 5 1 21
4 6 1 49
4 7 1 25
4 8 1 28
4 9 1 13
4 10 1 41
4 11 1 40
4 12 1 54
4 13 1 100
4 14 1 93
4 15 1 80
4 16 1 80
4 17 1 70
4 18 1 41
4 19 1 92
4 20 1 48
4 21 1 30
4 22 1 54
4 23 1 40
5 6 1 47
5 7 1 39
5 8 1 50
5 9 1 39
5 10 1 30
5 11 1 34
5 12 1 58
5 13 1 61
5 14 1 49
5 15 1 31
5 16 1 53
5 17 1 60
5 18 1 80
5 19 1 61
5 20 1 63
5 21 1 62
5 22 1 38
5 23 1 80
6 7 1 41
6 8 1 40
6 9 1 24
6 10 1 50
6 11 1 30
6 12 1 60
6 13 1 76
6 14 1 73
6 15 1 61
6 16 1 54
6 17 1 45
6 18 1 88
6 19 1 38
6 20 1 72
6 21 1 96
6 22 1 80
6 23 1 51
7 8 1 13
7 9 1 17
7 10 1 40
7 11 1 21
7 12 1 75
7 13 1 69
7 14 1 84
7 15 1 39
7 16 1 48
7 17 1 92
7 18 1 92
7 19 1 95
7 20 1 91
7 21 1 75
7 22 1 74
7 23 1 100
8 9 1 23
8 10 1 11
8 11 1 25
8 12 1 46
8 13 1 81
8 14 1 33
8 15 1 99
8 16 1 87
8 17 1 38
8 18 1 30
8 19 1 32
8 20 1 43
8 21 1 66
8 22 1 87
8 23 1 77
9 10 1 33
9 11 1 10
9 12 1 80
9 13 1 52
9 14 1 66
9 15 1 41
9 16 1 41
9 17 1 64
9 18 1 58
9 19 1 89
9 20 1 47
9 21 1 99
9 22 1 79
9 23 1 67
10 11 1 50
10 12 1 76
10 13 1 95
10 14 1 69
10 15 1 35
10 16 1 56
10 17 1 42
10 18 1 86
10 19 1 51
10 20 1 37
10 21 1 74
10 22 1 30
10 23 1 73
11 12 1 96
11 13 1 36
11 14 1 61
11 15 1 61
11 16 1 78
11 17 1 46
11 18 1 54
11 19 1 36
11 20 1 92
11 21 1 76
11 22 1 95
11 23 1 85
12 13 1 46
12 14 1 48
12 15 1 32
12 16 1 16
12 17 1 28
12 18 1 30
12 19 1 40
12 20 1 35
12 21 1 18
12 22 1 43
12 23 1 13
12 24 1 87
12 25 1 73
12 26 1 92
12 27 1 65
12 28 1 56
12 29 1 79
12 30 1 99
12 31 1 72
12 32 1 99
12 33 1 54
13 14 1 22
13 15 1 11
13 16 1 34
13 17 1 43
13 18 1 16
13 19 1 28
13 20 1 35
13 21 1 49
13 22 1 25
13 23 1 12
13 24 1 90
13 25 1 84
13 26 1 83
13 27 1 42
13 28 1 61
13 29 1 70
13 30 1 33
13 31 1 55
13 32 1 86
13 33 1 44
14 15 1 28
14 16 1 28
14 17 1 35
14 18 1 37
14 19 1 38
14 20 1 23
14 21 1 43
14 22 1 21
14 23 1 41
14 24 1 72
14 25 1 80
14 26 1 82
14 27 1 85
14 28 1 91
14 29 1 89
14 30 1 44
14 31 1 43
14 32 1 46
14 33 1 91
15 16 1 13
15 17 1 14
15 18 1 22
15 19 1 36
15 20 1 28
15 21 1 10
15 22 1 47
15 23 1 38
15 24 1 70
15 25 1 54
15 26 1 35
15 27 1 68
15 28 1 73
15 29 1 97
15 30 1 65
15 31 1 81
15 32 1 96
15 33 1 97
16 17 1 13
16 18 1 29
16 19 1 19
16 20 1 32
16 21 1 40
16 22 1 16
16 23 1 46
16 24 1 49
16 25 1 96
16 26 1 42
16 27 1 74
16 28 1 73
16 29 1 69
16 30 1 43
16 31 1 68
16 32 1 68
16 33 1 89
17 18 1 39
17 19 1 21
17 20 1 14
17 21 1 45
17 22 1 24
17 23 1 25
17 24 1 36
17 25 1 94
17 26 1 48
17 27 1 65
17 28 1 41
17 29 1 67
17 30 1 34
17 31 1 80
17 32 1 32
17 33 1 84
18 19 1 11
18 20 1 45
18 21 1 31
18 22 1 17
18 23 1 44
18 24 1 96
18 25 1 80
18 26 1 57
18 27 1 48
18 28 1 43
18 29 1 55
18 30 1 60
18 31 1 97
18 32 1 82
18 33 1 52
19 20 1 44
19 21 1 12
19 22 1 34
19 23 1 46
19 24 1 75
19 25 1 36
19 26 1 62
19 27 1 51
19 28 1 45
19 29 1 88
19 30 1 57
19 31 1 92
19 32 1 38
19 33 1 38
20 21 1 38
20 22 1 18
20 23 1 43
20 24 1 95
20 25 1 99
20 26 1 86
20 27 1 66
20 28 1 73
20 29 1 39
20 30 1 88
20 31 1 39
20 32 1 62
20 33 1 38
21 22 1 12
21 23 1 17
21 24 1 36
21 25 1 96
21 26 1 98
21 27 1 77
21 28 1 61
21 29 1 91
21 30 1 91
21 31 1 64
21 32 1 57
21 33 1 46
22 23 1 35
22 24 1 100
22 25 1 34
22 26 1 58
22 27 1 58
22 28 1 58
22 29 1 52
22 30 1 59
22 31 1 71
22 32 1 77
22 33 1 31
23 24 1 73
23 25 1 95
23 26 1 51
23 27 1 98
23 28 1 94
23 29 1 63
23 30 1 75
23 31 1 81
23 32 1 31
23 33 1 62
24 25 1 31
24 26 1 48
24 27 1 46
24 28 1 44
24 29 1 44
24 30 1 44
24 31 1 50
24 32 1 46
24 33 1 40
24 34 1 85
24 35 1 65
24 36 1 91
24 37 1 73
24 38 1 78
24 39 1 95
24 40 1 40
24 41 1 31
24 42 1 99
25 26 1 12
25 27 1 45
25 28 1 26
25 29 1 47
25 30 1 45
25 31 1 41
25 32 1 43
25 33 1 19
25 34 1 44
25 35 1 37
25 36 1 89
25 37 1 80
25 38 1 35
25 39 1 30
25 40 1 80
25 41 1 84
25 42 1 62
26 27 1 45
26 28 1 19
26 29 1 11
26 30 1 15
26 31 1 20
26 32 1 42
26 33 1 49
26 34 1 58
26 35 1 37
26 36 1 77
26 37 1 38
26 38 1 93
26 39 1 42
26 40 1 82
26 41 1 46
26 42 1 90
27 28 1 11
27 29 1 38
27 30 1 40
27 31 1 46
27 32 1 39
27 33 1 43
27 34 1 66
27 35 1 100
27 36 1 78
27 37 1 75
27 38 1 51
27 39 1 94
27 40 1 91
27 41 1 58
27 42 1 37
28 29 1 11
28 30 1 22
28 31 1 10
28 32 1 13
28 33 1 39
28 34 1 63
28 35 1 46
28 36 1 56
28 37 1 84
28 38 1 74
28 39 1 71
28 40 1 41
28 41 1 84
28 42 1 59
29 30 1 23
29 31 1 44
29 32 1 10
29 33 1 25
29 34 1 47
29 35 1 96
29 36 1 34
29 37 1 82
29 38 1 57
29 39 1 58
29 40 1 99
29 41 1 57
29 42 1 78
30 31 1 28
30 32 1 31
30 33 1 19
30 34 1 90
30 35 1 43
30 36 1 88
30 37 1 45
30 38 1 58
30 39 1 70
30 40 1 48
30 41 1 31
30 42 1 65
31 32 1 15
31 33 1 23
31 34 1 79
31 35 1 94
31 36 1 87
31 37 1 56
31 38 1 61
31 39 1 73
31 40 1 67
31 41 1 81
31 42 1 73
32 33 1 24
32 34 1 68
32 35 1 54
32 36 1 40
32 37 1 100
32 38 1 75
32 39 1 51
32 40 1 61
32 41 1 57
32 42 1 95
33 34 1 46
33 35 1 39
33 36 1 75
33 37 1 61
33 38 1 78
33 39 1 59
33 40 1 60
33 41 1 80
33 42 1 32
34 35 1 47
34 36 1 10
34 37 1 22
34 38 1 33
34 39 1 23
34 40 1 32
34 41 1 26
34 42 1 33
34 43 1 90
34 44 1 40
34 45 1 49
34 46 1 69
34 47 1 65
34 48 1 37
34 49 1 89
34 50 1 50
35 36 1 33
35 37 1 15
35 38 1 49
35 39 1 10
35 40 1 31
35 41 1 50
35 42 1 30
35 43 1 48
35 44 1 39
35 45 1 45
35 46 1 47
35 47 1 64
35 48 1 72
35 49 1 82
35 50 1 42
36 37 1 36
36 38 1 11
36 39 1 27
36 40 1 43
36 41 1 49
36 42 1 14
36 43 1 42
36 44 1 67
36 45 1 44
36 46 1 77
36 47 1 37
36 48 1 44
36 49 1 59
36 50 1 69
37 38 1 17
37 39 1 23
37 40 1 36
37 41 1 50
37 42 1 29
37 43 1 45
37 44 1 30
37 45 1 46
37 46 1 93
37 47 1 51
37 48 1 87
37 49 1 87
37 50 1 70
38 39 1 31
38 40 1 46
38 41 1 25
38 42 1 37
38 43 1 72
38 44 1 32
38 45 1 99
38 46 1 86
38 47 1 43
38 48 1 48
38 49 1 87
38 50 1 97
39 40 1 12
39 41 1 45
39 42 1 38
39 43 1 53
39 44 1 58
39 45 1 51
39 46 1 68
39 47 1 37
39 48 1 82
39 49 1 91
39 50 1 82
40 41 1 20
40 42 1 44
40 43 1 99
40 44 1 95
40 45 1 61
40 46 1 73
40 47 1 53
40 48 1 100
40 49 1 44
40 50 1 44
41 42 1 41
41 43 1 90
41 44 1 63
41 45 1 51
41 46 1 77
41 47 1 84
41 48 1 48
41 49 1 33
41 50 1 48
42 43 1 38
42 44 1 96
42 45 1 98
42 46 1 39
42 47 1 78
42 48 1 47
42 49 1 89
42 50 1 36
43 44 1 24
43 45 1 50
43 46 1 34
43 47 1 23
43 48 1 33
43 49 1 12
43 50 1 11
43 51 1 55
43 52 1 48
43 53 1 62
43 54 1 59
43 55 1 86
43 56 1 98
43 57 1 71
43 58 1 84
43 59 1 55
43 60 1 81
44 45 1 44
44 46 1 26
44 47 1 45
44 48 1 14
44 49 1 28
44 50 1 32
44 51 1 31
44 52 1 49
44 53 1 74
44 54 1 37
44 55 1 84
44 56 1 46
44 57 1 81
44 58 1 70
44 59 1 85
44 60 1 81
45 46 1 44
45 47 1 20
45 48 1 17
45 49 1 34
45 50 1 48
45 51 1 81
45 52 1 82
45 53 1 74
45 54 1 71
45 55 1 88
45 56 1 55
45 57 1 42
45 58 1 48
45 59 1 45
45 60 1 42
46 47 1 34
46 48 1 47
46 49 1 10
46 50 1 33
46 51 1 65
46 52 1 62
46 53 1 57
46 54 1 92
46 55 1 34
46 56 1 62
46 57 1 93
46 58 1 37
46 59 1 76
46 60 1 49
47 48 1 18
47 49 1 35
47 50 1 36
47 51 1 32
47 52 1 74
47 53 1 98
47 54 1 77
47 55 1 97
47 56 1 81
47 57 1 89
47 58 1 39
47 59 1 71
47 60 1 95
48 49 1 37
48 50 1 42
48 51 1 49
48 52 1 64
48 53 1 65
48 54 1 37
48 55 1 79
48 56 1 44
48 57 1 76
48 58 1 81
48 59 1 69
48 60 1 62
49 50 1 42
49 51 1 36
49 52 1 96
49 53 1 58
49 54 1 71
49 55 1 44
49 56 1 37
49 57 1 94
49 58 1 97
49 59 1 66
49 60 1 82
50 51 1 61
50 52 1 73
50 53 1 92
50 54 1 85
50 55 1 87
50 56 1 66
50 57 1 52
50 58 1 79
50 59 1 49
50 60 1 63
51 52 1 20
51 53 1 46
51 54 1 42
51 55 1 39
51 56 1 24
51 57 1 45
51 58 1 18
51 59 1 22
51 60 1 11
51 61 1 40
51 62 1 79
51 63 1 54
51 64 1 70
51 65 1 56
51 66 1 85
51 67 1 93
51 68 1 56
51 69 1 56
52 53 1 19
52 54 1 26
52 55 1 13
52 56 1 36
52 57 1 39
52 58 1 28
52 59 1 38
52 60 1 45
52 61 1 53
52 62 1 98
52 63 1 42
52 64 1 60
52 65 1 53
52 66 1 98
52 67 1 32
52 68 1 54
52 69 1 92
53 54 1 49
53 55 1 15
53 56 1 17
53 57 1 38
53 58 1 41
53 59 1 43
53 60 1 39
53 61 1 31
53 62 1 58
53 63 1 61
53 64 1 72
53 65 1 99
53 66 1 83
53 67 1 42
53 68 1 42
53 69 1 73
54 55 1 33
54 56 1 26
54 57 1 50
54 58 1 50
54 59 1 18
54 60 1 10
54 61 1 46
54 62 1 72
54 63 1 82
54 64 1 99
54 65 1 95
54 66 1 51
54 67 1 56
54 68 1 50
54 69 1 51
55 56 1 14
55 57 1 29
55 58 1 45
55 59 1 23
55 60 1 34
55 61 1 77
55 62 1 69
55 63 1 65
55 64 1 86
55 65 1 92
55 66 1 36
55 67 1 49
55 68 1 81
55 69 1 69
56 57 1 22
56 58 1 27
56 59 1 33
56 60 1 14
56 61 1 42
56 62 1 91
56 63 1 83
56 64 1 87
56 65 1 51
56 66 1 76
56 67 1 87
56 68 1 76
56 69 1 70
57 58 1 21
57 59 1 43
57 60 1 35
57 61 1 43
57 62 1 36
57 63 1 80
57 64 1 35
57 65 1 42
57 66 1 98
57 67 1 56
57 68 1 80
57 69 1 87
58 59 1 22
58 60 1 35
58 61 1 91
58 62 1 90
58 63 1 86
58 64 1 100
58 65 1 100
58 66 1 79
58 67 1 94
58 68 1 48
58 69 1 84
59 60 1 15
59 61 1 42
59 62 1 33
59 63 1 65
59 64 1 67
59 65 1 95
59 66 1 95
59 67 1 48
59 68 1 100
59 69 1 50
60 61 1 88
60 62 1 55
60 63 1 92
60 64 1 54
60 65 1 66
60 66 1 62
60 67 1 61
60 68 1 91
60 69 1 89
61 62 1 41
61 63 1 36
61 64 1 47
61 65 1 17
61 66 1 30
61 67 1 14
61 68 1 41
61 69 1 14
61 70 1 35
61 71 1 85
61 72 1 65
61 73 1 47
61 74 1 45
61 75 1 100
61 76 1 43
61 77 1 69
61 78 1 92
62 63 1 39
62 64 1 29
62 65 1 18
62 66 1 27
62 67 1 47
62 68 1 46
62 69 1 32
62 70 1 72
62 71 1 72
62 72 1 51
62 73 1 39
62 74 1 88
62 75 1 50
62 76 1 69
62 77 1 53
62 78 1 68
63 64 1 48
63 65 1 21
63 66 1 16
63 67 1 25
63 68 1 38
63 69 1 15
63 70 1 35
63 71 1 40
63 72 1 84
63 73 1 58
63 74 1 90
63 75 1 33
63 76 1 51
63 77 1 79
63 78 1 64
64 65 1 41
64 66 1 28
64 67 1 12
64 68 1 47
64 69 1 27
64 70 1 67
64 71 1 31
64 72 1 78
64 73 1 36
64 74 1 38
64 75 1 53
64 76 1 49
64 77 1 55
64 78 1 47
65 66 1 37
65 67 1 49
65 68 1 26
65 69 1 22
65 70 1 44
65 71 1 47
65 72 1 78
65 73 1 66
65 74 1 59
65 75 1 34
65 76 1 49
65 77 1 95
65 78 1 86
66 67 1 39
66 68 1 27
66 69 1 31
66 70 1 48
66 71 1 85
66 72 1 33
66 73 1 47
66 74 1 89
66 75 1 66
66 76 1 90
66 77 1 87
66 78 1 96
67 68 1 44
67 69 1 23
67 70 1 66
67 71 1 59
67 72 1 70
67 73 1 57
67 74 1 37
67 75 1 45
67 76 1 42
67 77 1 91
67 78 1 68
68 69 1 33
68 70 1 70
68 71 1 54
68 72 1 81
68 73 1 92
68 74 1 100
68 75 1 42
68 76 1 63
68 77 1 69
68 78 1 90
69 70 1 64
69 71 1 60
69 72 1 96
69 73 1 64
69 74 1 81
69 75 1 58
69 76 1 51
69 77 1 64
69 78 1 54
70 71 1 42
70 72 1 23
70 73 1 12
70 74 1 18
70 75 1 35
70 76 1 15
70 77 1 15
70 78 1 18
70 79 1 40
70 80 1 93
70 81 1 65
70 82 1 68
70 83 1 90
70 84 1 46
70 85 1 55
70 86 1 41
70 87 1 53
71 72 1 33
71 73 1 11
71 74 1 25
71 75 1 49
71 76 1 34
71 77 1 50
71 78 1 40
71 79 1 61
71 80 1 38
71 81 1 80
71 82 1 79
71 83 1 81
71 84 1 63
71 85 1 36
71 86 1 57
71 87 1 59
72 73 1 22
72 74 1 46
72 75 1 43
72 76 1 20
72 77 1 31
72 78 1 11
72 79 1 80
72 80 1 66
72 81 1 89
72 82 1 94
72 83 1 43
72 84 1 31
72 85 1 82
72 86 1 90
72 87 1 93
73 74 1 31
73 75 1 43
73 76 1 18
73 77 1 41
73 78 1 10
73 79 1 51
73 80 1 68
73 81 1 59
73 82 1 73
73 83 1 34
73 84 1 45
73 85 1 61
73 86 1 45
73 87 1 55
74 75 1 21
74 76 1 26
74 77 1 13
74 78 1 21
74 79 1 62
74 80 1 89
74 81 1 54
74 82 1 85
74 83 1 37
74 84 1 56
74 85 1 70
74 86 1 73
74 87 1 72
75 76 1 14
75 77 1 12
75 78 1 45
75 79 1 70
75 80 1 53
75 81 1 87
75 82 1 96
75 83 1 95
75 84 1 57
75 85 1 60
75 86 1 79
75 87 1 53
76 77 1 13
76 78 1 11
76 79 1 43
76 80 1 49
76 81 1 77
76 82 1 59
76 83 1 92
76 84 1 100
76 85 1 92
76 86 1 47
76 87 1 51
77 78 1 14
77 79 1 94
77 80 1 94
77 81 1 31
77 82 1 87
77 83 1 79
77 84 1 72
77 85 1 58
77 86 1 99
77 87 1 58
78 79 1 39
78 80 1 53
78 81 1 98
78 82 1 34
78 83 1 87
78 84 1 47
78 85 1 61
78 86 1 89
78 87 1 74
79 80 1 15
79 81 1 47
79 82 1 39
79 83 1 44
79 84 1 48
79 85 1 16
79 86 1 38
79 87 1 50
79 88 1 57
79 89 1 88
79 90 1 33
79 91 1 84
79 92 1 44
79 93 1 36
79 94 1 48
79 95 1 74
79 96 1 37
79 97 1 95
79 98 1 68
79 99 1 38
80 81 1 41
80 82 1 27
80 83 1 35
80 84 1 46
80 85 1 43
80 86 1 43
80 87 1 50
80 88 1 99
80 89 1 88
80 90 1 93
80 91 1 96
80 92 1 60
80 93 1 79
80 94 1 50
80 95 1 75
80 96 1 79
80 97 1 63
80 98 1 78
80 99 1 37
81 82 1 38
81 83 1 13
81 84 1 30
81 85 1 34
81 86 1 31
81 87 1 16
81 88 1 46
81 89 1 82
81 90 1 91
81 91 1 43
81 92 1 37
81 93 1 76
81 94 1 86
81 95 1 64
81 96 1 64
81 97 1 97
81 98 1 36
81 99 1 59
82 83 1 27
82 84 1 27
82 85 1 31
82 86 1 18
82 87 1 12
82 88 1 32
82 89 1 44
82 90 1 45
82 91 1 75
82 92 1 92
82 93 1 95
82 94 1 59
82 95 1 66
82 96 1 38
82 97 1 30
82 98 1 100
82 99 1 56
83 84 1 15
83 85 1 20
83 86 1 31
83 87 1 48
83 88 1 98
83 89 1 70
83 90 1 96
83 91 1 60
83 92 1 67
83 93 1 81
83 94 1 93
83 95 1 42
83 96 1 66
83 97 1 40
83 98 1 95
83 99 1 75
84 85 1 18
84 86 1 27
84 87 1 44
84 88 1 96
84 89 1 93
84 90 1 61
84 91 1 93
84 92 1 40
84 93 1 79
84 94 1 48
84 95 1 48
84 96 1 69
84 97 1 97
84 98 1 93
84 99 1 75
85 86 1 39
85 87 1 33
85 88 1 68
85 89 1 48
85 90 1 99
85 91 1 61
85 92 1 91
85 93 1 62
85 94 1 73
85 95 1 70
85 96 1 60
85 97 1 32
85 98 1 44
85 99 1 37
86 87 1 33
86 88 1 39
86 89 1 81
86 90 1 73
86 91 1 32
86 92 1 48
86 93 1 40
86 94 1 73
86 95 1 90
86 96 1 59
86 97 1 78
86 98 1 98
86 99 1 43
87 88 1 82
87 89 1 100
87 90 1 91
87 91 1 78
87 92 1 56
87 93 1 53
87 94 1 30
87 95 1 30
87 96 1 77
87 97 1 80
87 98 1 40
87 99 1 66
88 89 1 22
88 90 1 35
88 91 1 31
88 92 1 29
88 93 1 30
88 94 1 40
88 95 1 45
88 96 1 34
88 97 1 50
88 98 1 48
88 99 1 34
88 100 1 97
89 90 1 50
89 91 1 42
89 92 1 41
89 93 1 35
89 94 1 42
89 95 1 38
89 96 1 23
89 97 1 27
89 98 1 26
89 99 1 27
89 100 1 77
90 91 1 18
90 92 1 41
90 93 1 44
90 94 1 28
90 95 1 36
90 96 1 11
90 97 1 18
90 98 1 10
90 99 1 33
90 100 1 85
91 92 1 37
91 93 1 18
91 94 1 15
91 95 1 20
91 96 1 15
91 97 1 13
91 98 1 45
91 99 1 10
91 100 1 56
92 93 1 45
92 94 1 35
92 95 1 33
92 96 1 46
92 97 1 38
92 98 1 25
92 99 1 48
92 100 1 51
93 94 1 43
93 95 1 44
93 96 1 15
93 97 1 33
93 98 1 45
93 99 1 45
93 100 1 95
94 95 1 22
94 96 1 39
94 97 1 42
94 98 1 32
94 99 1 11
94 100 1 37
95 96 1 35
95 97 1 44
95 98 1 35
95 99 1 21
95 100 1 58
96 97 1 28
96 98 1 15
96 99 1 28
96 100 1 100
97 98 1 26
97 99 1 12
97 100 1 39
98 99 1 19
98 100 1 53
99 100 1 89

1 2 2 44
1 3 2 39
1 4 2 56
1 5 2 58
1 6 2 95
1 7 2 52
1 8 2 62
1 9 2 33
1 10 2 72
1 11 2 88
2 3 2 19
2 4 2 29
2 5 2 28
2 6 2 26
2 7 2 21
2 8 2 13
2 9 2 45
2 10 2 44
2 11 2 45
2 12 2 73
2 13 2 52
2 14 2 37
2 15 2 57
2 16 2 72
2 17 2 57
2 18 2 54
2 19 2 42
2 20 2 62
2 21 2 54
2 22 2 45
2 23 2 75
3 4 2 24
3 5 2 49
3 6 2 44
3 7 2 14
3 8 2 25
3 9 2 23
3 10 2 26
3 11 2 32
3 12 2 74
3 13 2 56
3 14 2 62
3 15 2 86
3 16 2 94
3 17 2 88
3 18 2 72
3 19 2 39
3 20 2 100
3 21 2 80
3 22 2 86
3 23 2 63
4 5 2 42
4 6 2 44
4 7 2 40
4 8 2 29
4 9 2 15
4 10 2 10
4 11 2 34
4 12 2 92
4 13 2 45
4 14 2 33
4 15 2 71
4 16 2 76
4 17 2 45
4 18 2 61
4 19 2 91
4 20 2 46
4 21 2 52
4 22 2 55
4 23 2 75
5 6 2 50
5 7 2 38
5 8 2 13
5 9 2 13
5 10 2 23
5 11 2 23
5 12 2 71
5 13 2 41
5 14 2 69
5 15 2 96
5 16 2 52
5 17 2 78
5 18 2 98
5 19 2 32
5 20 2 33
5 21 2 99
5 22 2 40
5 23 2 96
6 7 2 45
6 8 2 29
6 9 2 31
6 10 2 24
6 11 2 20
6 12 2 45
6 13 2 79
6 14 2 73
6 15 2 34
6 16 2 57
6 17 2 35
6 18 2 39
6 19 2 94
6 20 2 98
6 21 2 80
6 22 2 95
6 23 2 63
7 8 2 24
7 9 2 38
7 10 2 43
7 11 2 22
7 12 2 78
7 13 2 63
7 14 2 45
7 15 2 61
7 16 2 98
7 17 2 60
7 18 2 79
7 19 2 85
7 20 2 89
7 21 2 87
7 22 2 68
7 23 2 97
8 9 2 15
8 10 2 37
8 11 2 33
8 12 2 98
8 13 2 93
8 14 2 48
8 15 2 100
8 16 2 77
8 17 2 97
8 18 2 35
8 19 2 74
8 20 2 48
8 21 2 37
8 22 2 31
8 23 2 87
9 10 2 11
9 11 2 19
9 12 2 89
9 13 2 42
9 14 2 75
9 15 2 66
9 16 2 69
9 17 2 83
9 18 2 53
9 19 2 64
9 20 2 35
9 21 2 78
9 22 2 83
9 23 2 90
10 11 2 17
10 12 2 38
10 13 2 53
10 14 2 98
10 15 2 92
10 16 2 31
10 17 2 96
10 18 2 37
10 19 2 77
10 20 2 81
10 21 2 96
10 22 2 71
10 23 2 96
11 12 2 58
11 13 2 56
11 14 2 58
11 15 2 41
11 16 2 78
11 17 2 48
11 18 2 82
11 19 2 85
11 20 2 37
11 21 2 74
11 22 2 74
11 23 2 62
12 13 2 45
12 14 2 47
12 15 2 45
12 16 2 19
12 17 2 39
12 18 2 12
12 19 2 29
12 20 2 34
12 21 2 19
12 22 2 15
12 23 2 15
12 24 2 58
12 25 2 67
12 26 2 93
12 27 2 30
12 28 2 31
12 29 2 32
12 30 2 80
12 31 2 92
12 32 2 34
12 33 2 97
13 14 2 34
13 15 2 22
13 16 2 14
13 17 2 25
13 18 2 29
13 19 2 42
13 20 2 41
13 21 2 26
13 22 2 34
13 23 2 48
13 24 2 66
13 25 2 100
13 26 2 35
13 27 2 63
13 28 2 58
13 29 2 69
13 30 2 56
13 31 2 94
13 32 2 30
13 33 2 35
14 15 2 42
14 16 2 15
14 17 2 18
14 18 2 40
14 19 2 24
14 20 2 17
14 21 2 20
14 22 2 13
14 23 2 19
14 24 2 93
14 25 2 98
14 26 2 77
14 27 2 46
14 28 2 62
14 29 2 32
14 30 2 35
14 31 2 74
14 32 2 72
14 33 2 93
15 16 2 30
15 17 2 43
15 18 2 19
15 19 2 42
15 20 2 50
15 21 2 25
15 22 2 50
15 23 2 31
15 24 2 61
15 25 2 35
15 26 2 57
15 27 2 38
15 28 2 43
15 29 2 83
15 30 2 41
15 31 2 94
15 32 2 98
15 33 2 40
16 17 2 50
16 18 2 21
16 19 2 46
16 20 2 46
16 21 2 27
16 22 2 24
16 23 2 31
16 24 2 95
16 25 2 31
16 26 2 57
16 27 2 62
16 28 2 62
16 29 2 36
16 30 2 73
16 31 2 78
16 32 2 50
16 33 2 98
17 18 2 10
17 19 2 20
17 20 2 13
17 21 2 19
17 22 2 21
17 23 2 34
17 24 2 45
17 25 2 86
17 26 2 86
17 27 2 41
17 28 2 47
17 29 2 31
17 30 2 36
17 31 2 90
17 32 2 70
17 33 2 73
18 19 2 38
18 20 2 17
18 21 2 24
18 22 2 24
18 23 2 23
18 24 2 67
18 25 2 59
18 26 2 95
18 27 2 74
18 28 2 100
18 29 2 41
18 30 2 88
18 31 2 89
18 32 2 33
18 33 2 83
19 20 2 34
19 21 2 12
19 22 2 25
19 23 2 28
19 24 2 46
19 25 2 61
19 26 2 42
19 27 2 93
19 28 2 32
19 29 2 94
19 30 2 90
19 31 2 84
19 32 2 56
19 33 2 34
20 21 2 20
20 22 2 39
20 23 2 41
20 24 2 30
20 25 2 89
20 26 2 87
20 27 2 58
20 28 2 59
20 29 2 70
20 30 2 67
20 31 2 48
20 32 2 58
20 33 2 90
21 22 2 23
21 23 2 37
21 24 2 36
21 25 2 45
21 26 2 34
21 27 2 35
21 28 2 36
21 29 2 70
21 30 2 76
21 31 2 77
21 32 2 100
21 33 2 97
22 23 2 21
22 24 2 46
22 25 2 57
22 26 2 48
22 27 2 42
22 28 2 70
22 29 2 91
22 30 2 34
22 31 2 66
22 32 2 94
22 33 2 86
23 24 2 69
23 25 2 52
23 26 2 68
23 27 2 49
23 28 2 81
23 29 2 83
23 30 2 50
23 31 2 77
23 32 2 52
23 33 2 98
24 25 2 22
24 26 2 41
24 27 2 13
24 28 2 49
24 29 2 28
24 30 2 48
24 31 2 36
24 32 2 48
24 33 2 37
24 34 2 63
24 35 2 62
24 36 2 69
24 37 2 34
24 38 2 75
24 39 2 67
24 40 2 79
24 41 2 97
24 42 2 95
25 26 2 27
25 27 2 16
25 28 2 33
25 29 2 30
25 30 2 42
25 31 2 20
25 32 2 48
25 33 2 17
25 34 2 37
25 35 2 41
25 36 2 57
25 37 2 33
25 38 2 64
25 39 2 52
25 40 2 48
25 41 2 79
25 42 2 60
26 27 2 11
26 28 2 41
26 29 2 10
26 30 2 14
26 31 2 41
26 32 2 29
26 33 2 36
26 34 2 33
26 35 2 78
26 36 2 37
26 37 2 62
26 38 2 85
26 39 2 94
26 40 2 70
26 41 2 91
26 42 2 80
27 28 2 14
27 29 2 34
27 30 2 18
27 31 2 49
27 32 2 12
27 33 2 36
27 34 2 53
27 35 2 68
27 36 2 40
27 37 2 95
27 38 2 74
27 39 2 85
27 40 2 88
27 41 2 90
27 42 2 74
28 29 2 10
28 30 2 16
28 31 2 11
28 32 2 48
28 33 2 14
28 34 2 97
28 35 2 98
28 36 2 54
28 37 2 75
28 38 2 37
28 39 2 99
28 40 2 95
28 41 2 62
28 42 2 67
29 30 2 28
29 31 2 13
29 32 2 25
29 33 2 16
29 34 2 73
29 35 2 77
29 36 2 73
29 37 2 99
29 38 2 86
29 39 2 73
29 40 2 31
29 41 2 75
29 42 2 92
30 31 2 37
30 32 2 46
30 33 2 28
30 34 2 63
30 35 2 31
30 36 2 91
30 37 2 72
30 38 2 63
30 39 2 65
30 40 2 80
30 41 2 41
30 42 2 36
31 32 2 50
31 33 2 41
31 34 2 35
31 35 2 70
31 36 2 36
31 37 2 79
31 38 2 90
31 39 2 88
31 40 2 93
31 41 2 38
31 42 2 72
32 33 2 49
32 34 2 82
32 35 2 79
32 36 2 82
32 37 2 52
32 38 2 43
32 39 2 98
32 40 2 81
32 41 2 78
32 42 2 52
33 34 2 76
33 35 2 52
33 36 2 46
33 37 2 32
33 38 2 60
33 39 2 81
33 40 2 33
33 41 2 76
33 42 2 97
34 35 2 48
34 36 2 38
34 37 2 25
34 38 2 33
34 39 2 12
34 40 2 11
34 41 2 37
34 42 2 34
34 43 2 90
34 44 2 78
34 45 2 92
34 46 2 57
34 47 2 63
34 48 2 82
34 49 2 55
34 50 2 84
35 36 2 20
35 37 2 35
35 38 2 34
35 39 2 16
35 40 2 38
35 41 2 13
35 42 2 18
35 43 2 84
35 44 2 79
35 45 2 60
35 46 2 36
35 47 2 54
35 48 2 63
35 49 2 88
35 50 2 66
36 37 2 49
36 38 2 10
36 39 2 35
36 40 2 39
36 41 2 26
36 42 2 42
36 43 2 79
36 44 2 85
36 45 2 79
36 46 2 58
36 47 2 65
36 48 2 66
36 49 2 64
36 50 2 31
37 38 2 22
37 39 2 46
37 40 2 26
37 41 2 37
37 42 2 18
37 43 2 72
37 44 2 76
37 45 2 57
37 46 2 84
37 47 2 47
37 48 2 35
37 49 2 78
37 50 2 33
38 39 2 46
38 40 2 15
38 41 2 12
38 42 2 49
38 43 2 54
38 44 2 79
38 45 2 71
38 46 2 100
38 47 2 40
38 48 2 71
38 49 2 83
38 50 2 58
39 40 2 30
39 41 2 23
39 42 2 27
39 43 2 53
39 44 2 70
39 45 2 54
39 46 2 45
39 47 2 47
39 48 2 62
39 49 2 56
39 50 2 30
40 41 2 35
40 42 2 26
40 43 2 69
40 44 2 67
40 45 2 94
40 46 2 30
40 47 2 34
40 48 2 34
40 49 2 44
40 50 2 94
41 42 2 29
41 43 2 77
41 44 2 58
41 45 2 67
41 46 2 88
41 47 2 41
41 48 2 50
41 49 2 89
41 50 2 66
42 43 2 60
42 44 2 57
42 45 2 31
42 46 2 64
42 47 2 62
42 48 2 35
42 49 2 80
42 50 2 49
43 44 2 15
43 45 2 28
43 46 2 12
43 47 2 39
43 48 2 49
43 49 2 14
43 50 2 35
43 51 2 72
43 52 2 88
43 53 2 64
43 54 2 50
43 55 2 44
43 56 2 42
43 57 2 30
43 58 2 35
43 59 2 65
43 60 2 72
44 45 2 49
44 46 2 16
44 47 2 45
44 48 2 14
44 49 2 48
44 50 2 46
44 51 2 78
44 52 2 94
44 53 2 56
44 54 2 81
44 55 2 77
44 56 2 100
44 57 2 66
44 58 2 84
44 59 2 40
44 60 2 99
45 46 2 12
45 47 2 46
45 48 2 37
45 49 2 39
45 50 2 25
45 51 2 36
45 52 2 95
45 53 2 69
45 54 2 52
45 55 2 74
45 56 2 93
45 57 2 42
45 58 2 56
45 59 2 51
45 60 2 63
46 47 2 12
46 48 2 25
46 49 2 40
46 50 2 17
46 51 2 35
46 52 2 86
46 53 2 35
46 54 2 52
46 55 2 36
46 56 2 96
46 57 2 35
46 58 2 56
46 59 2 33
46 60 2 96
47 48 2 17
47 49 2 28
47 50 2 20
47 51 2 85
47 52 2 73
47 53 2 37
47 54 2 34
47 55 2 70
47 56 2 95
47 57 2 40
47 58 2 57
47 59 2 31
47 60 2 58
48 49 2 33
48 50 2 17
48 51 2 91
48 52 2 81
48 53 2 97
48 54 2 91
48 55 2 70
48 56 2 33
48 57 2 90
48 58 2 98
48 59 2 55
48 60 2 66
49 50 2 32
49 51 2 85
49 52 2 95
49 53 2 80
49 54 2 99
49 55 2 66
49 56 2 37
49 57 2 46
49 58 2 90
49 59 2 88
49 60 2 100
50 51 2 62
50 52 2 52
50 53 2 36
50 54 2 90
50 55 2 52
50 56 2 68
50 57 2 58
50 58 2 89
50 59 2 76
50 60 2 35
51 52 2 50
51 53 2 21
51 54 2 43
51 55 2 50
51 56 2 44
51 57 2 21
51 58 2 30
51 59 2 20
51 60 2 15
51 61 2 86
51 62 2 48
51 63 2 100
51 64 2 32
51 65 2 45
51 66 2 39
51 67 2 79
51 68 2 75
51 69 2 37
52 53 2 31
52 54 2 48
52 55 2 15
52 56 2 28
52 57 2 25
52 58 2 36
52 59 2 48
52 60 2 38
52 61 2 31
52 62 2 87
52 63 2 57
52 64 2 99
52 65 2 64
52 66 2 96
52 67 2 33
52 68 2 70
52 69 2 68
53 54 2 31
53 55 2 20
53 56 2 32
53 57 2 41
53 58 2 49
53 59 2 18
53 60 2 27
53 61 2 58
53 62 2 37
53 63 2 95
53 64 2 41
53 65 2 57
53 66 2 36
53 67 2 78
53 68 2 32
53 69 2 69
54 55 2 21
54 56 2 19
54 57 2 25
54 58 2 13
54 59 2 50
54 60 2 11
54 61 2 38
54 62 2 71
54 63 2 95
54 64 2 88
54 65 2 59
54 66 2 72
54 67 2 95
54 68 2 99
54 69 2 49
55 56 2 12
55 57 2 30
55 58 2 23
55 59 2 23
55 60 2 24
55 61 2 85
55 62 2 30
55 63 2 57
55 64 2 96
55 65 2 35
55 66 2 95
55 67 2 88
55 68 2 54
55 69 2 93
56 57 2 16
56 58 2 29
56 59 2 10
56 60 2 36
56 61 2 40
56 62 2 43
56 63 2 44
56 64 2 70
56 65 2 30
56 66 2 54
56 67 2 80
56 68 2 69
56 69 2 98
57 58 2 11
57 59 2 29
57 60 2 20
57 61 2 97
57 62 2 76
57 63 2 73
57 64 2 81
57 65 2 31
57 66 2 69
57 67 2 40
57 68 2 48
57 69 2 100
58 59 2 14
58 60 2 22
58 61 2 51
58 62 2 53
58 63 2 91
58 64 2 42
58 65 2 45
58 66 2 48
58 67 2 98
58 68 2 66
58 69 2 92
59 60 2 40
59 61 2 93
59 62 2 81
59 63 2 90
59 64 2 32
59 65 2 94
59 66 2 48
59 67 2 68
59 68 2 70
59 69 2 73
60 61 2 42
60 62 2 62
60 63 2 67
60 64 2 70
60 65 2 69
60 66 2 98
60 67 2 41
60 68 2 73
60 69 2 57
61 62 2 38
61 63 2 38
61 64 2 21
61 65 2 48
61 66 2 15
61 67 2 41
61 68 2 34
61 69 2 19
61 70 2 34
61 71 2 68
61 72 2 93
61 73 2 75
61 74 2 83
61 75 2 38
61 76 2 42
61 77 2 39
61 78 2 44
62 63 2 27
62 64 2 42
62 65 2 30
62 66 2 43
62 67 2 50
62 68 2 47
62 69 2 34
62 70 2 36
62 71 2 55
62 72 2 83
62 73 2 42
62 74 2 74
62 75 2 65
62 76 2 49
62 77 2 41
62 78 2 31
63 64 2 40
63 65 2 24
63 66 2 48
63 67 2 11
63 68 2 36
63 69 2 32
63 70 2 56
63 71 2 66
63 72 2 40
63 73 2 90
63 74 2 36
63 75 2 63
63 76 2 51
63 77 2 56
63 78 2 75
64 65 2 41
64 66 2 23
64 67 2 43
64 68 2 41
64 69 2 19
64 70 2 33
64 71 2 65
64 72 2 77
64 73 2 48
64 74 2 70
64 75 2 85
64 76 2 73
64 77 2 84
64 78 2 57
65 66 2 39
65 67 2 28
65 68 2 32
65 69 2 39
65 70 2 39
65 71 2 30
65 72 2 66
65 73 2 30
65 74 2 87
65 75 2 60
65 76 2 95
65 77 2 43
65 78 2 85
66 67 2 22
66 68 2 50
66 69 2 27
66 70 2 87
66 71 2 32
66 72 2 97
66 73 2 58
66 74 2 72
66 75 2 88
66 76 2 83
66 77 2 87
66 78 2 71
67 68 2 23
67 69 2 17
67 70 2 58
67 71 2 47
67 72 2 77
67 73 2 89
67 74 2 34
67 75 2 92
67 76 2 93
67 77 2 56
67 78 2 76
68 69 2 48
68 70 2 50
68 71 2 70
68 72 2 40
68 73 2 73
68 74 2 84
68 75 2 86
68 76 2 43
68 77 2 76
68 78 2 69
69 70 2 32
69 71 2 92
69 72 2 43
69 73 2 61
69 74 2 49
69 75 2 81
69 76 2 84
69 77 2 43
69 78 2 75
70 71 2 21
70 72 2 45
70 73 2 48
70 74 2 48
70 75 2 28
70 76 2 24
70 77 2 11
70 78 2 29
70 79 2 33
70 80 2 87
70 81 2 96
70 82 2 95
70 83 2 81
70 84 2 62
70 85 2 47
70 86 2 79
70 87 2 46
71 72 2 16
71 73 2 48
71 74 2 26
71 75 2 47
71 76 2 49
71 77 2 45
71 78 2 19
71 79 2 96
71 80 2 87
71 81 2 91
71 82 2 56
71 83 2 69
71 84 2 34
71 85 2 61
71 86 2 93
71 87 2 100
72 73 2 46
72 74 2 14
72 75 2 16
72 76 2 11
72 77 2 48
72 78 2 22
72 79 2 78
72 80 2 72
72 81 2 42
72 82 2 73
72 83 2 78
72 84 2 69
72 85 2 43
72 86 2 54
72 87 2 92
73 74 2 10
73 75 2 24
73 76 2 36
73 77 2 30
73 78 2 36
73 79 2 93
73 80 2 86
73 81 2 68
73 82 2 74
73 83 2 46
73 84 2 55
73 85 2 72
73 86 2 73
73 87 2 33
74 75 2 28
74 76 2 37
74 77 2 11
74 78 2 10
74 79 2 47
74 80 2 46
74 81 2 33
74 82 2 76
74 83 2 58
74 84 2 31
74 85 2 65
74 86 2 39
74 87 2 67
75 76 2 25
75 77 2 19
75 78 2 42
75 79 2 38
75 80 2 84
75 81 2 37
75 82 2 83
75 83 2 76
75 84 2 75
75 85 2 31
75 86 2 52
75 87 2 63
76 77 2 16
76 78 2 33
76 79 2 70
76 80 2 58
76 81 2 58
76 82 2 88
76 83 2 38
76 84 2 49
76 85 2 94
76 86 2 64
76 87 2 84
77 78 2 25
77 79 2 62
77 80 2 57
77 81 2 86
77 82 2 99
77 83 2 51
77 84 2 55
77 85 2 62
77 86 2 77
77 87 2 87
78 79 2 31
78 80 2 97
78 81 2 70
78 82 2 96
78 83 2 73
78 84 2 67
78 85 2 83
78 86 2 66
78 87 2 62
79 80 2 33
79 81 2 46
79 82 2 11
79 83 2 11
79 84 2 40
79 85 2 38
79 86 2 50
79 87 2 14
79 88 2 42
79 89 2 91
79 90 2 66
79 91 2 78
79 92 2 36
79 93 2 45
79 94 2 91
79 95 2 68
79 96 2 69
79 97 2 54
79 98 2 42
79 99 2 93
80 81 2 13
80 82 2 32
80 83 2 16
80 84 2 20
80 85 2 11
80 86 2 49
80 87 2 15
80 88 2 50
80 89 2 42
80 90 2 53
80 91 2 31
80 92 2 63
80 93 2 53
80 94 2 80
80 95 2 94
80 96 2 83
80 97 2 70
80 98 2 84
80 99 2 88
81 82 2 22
81 83 2 38
81 84 2 25
81 85 2 27
81 86 2 20
81 87 2 40
81 88 2 64
81 89 2 33
81 90 2 54
81 91 2 78
81 92 2 76
81 93 2 52
81 94 2 99
81 95 2 36
81 96 2 87
81 97 2 77
81 98 2 45
81 99 2 86
82 83 2 44
82 84 2 27
82 85 2 48
82 86 2 39
82 87 2 50
82 88 2 45
82 89 2 43
82 90 2 52
82 91 2 79
82 92 2 45
82 93 2 53
82 94 2 100
82 95 2 55
82 96 2 57
82 97 2 87
82 98 2 99
82 99 2 48
83 84 2 41
83 85 2 47
83 86 2 43
83 87 2 24
83 88 2 37
83 89 2 59
83 90 2 55
83 91 2 63
83 92 2 82
83 93 2 67
83 94 2 42
83 95 2 54
83 96 2 33
83 97 2 79
83 98 2 64
83 99 2 77
84 85 2 31
84 86 2 27
84 87 2 40
84 88 2 87
84 89 2 59
84 90 2 68
84 91 2 95
84 92 2 67
84 93 2 85
84 94 2 31
84 95 2 36
84 96 2 68
84 97 2 48
84 98 2 32
84 99 2 66
85 86 2 16
85 87 2 34
85 88 2 34
85 89 2 77
85 90 2 49
85 91 2 95
85 92 2 32
85 93 2 80
85 94 2 94
85 95 2 58
85 96 2 99
85 97 2 96
85 98 2 84
85 99 2 77
86 87 2 12
86 88 2 62
86 89 2 82
86 90 2 83
86 91 2 58
86 92 2 71
86 93 2 75
86 94 2 77
86 95 2 64
86 96 2 37
86 97 2 48
86 98 2 56
86 99 2 45
87 88 2 88
87 89 2 73
87 90 2 64
87 91 2 91
87 92 2 86
87 93 2 85
87 94 2 37
87 95 2 77
87 96 2 79
87 97 2 83
87 98 2 50
87 99 2 70
88 89 2 34
88 90 2 19
88 91 2 35
88 92 2 10
88 93 2 22
88 94 2 13
88 95 2 32
88 96 2 23
88 97 2 41
88 98 2 30
88 99 2 37
88 100 2 72
89 90 2 30
89 91 2 29
89 92 2 30
89 93 2 43
89 94 2 32
89 95 2 13
89 96 2 39
89 97 2 29
89 98 2 29
89 99 2 15
89 100 2 43
90 91 2 12
90 92 2 24
90 93 2 33
90 94 2 34
90 95 2 25
90 96 2 24
90 97 2 12
90 98 2 33
90 99 2 28
90 100 2 70
91 92 2 34
91 93 2 46
91 94 2 34
91 95 2 21
91 96 2 17
91 97 2 48
91 98 2 12
91 99 2 34
91 100 2 81
92 93 2 16
92 94 2 24
92 95 2 15
92 96 2 42
92 97 2 11
92 98 2 41
92 99 2 31
92 100 2 100
93 94 2 45
93 95 2 23
93 96 2 37
93 97 2 31
93 98 2 22
93 99 2 26
93 100 2 85
94 95 2 39
94 96 2 20
94 97 2 50
94 98 2 50
94 99 2 46
94 100 2 31
95 96 2 46
95 97 2 21
95 98 2 47
95 99 2 24
95 100 2 84
96 97 2 29
96 98 2 31
96 99 2 19
96 100 2 58
97 98 2 21
97 99 2 30
97 100 2 46
98 99 2 47
98 100 2 38
99 100 2 79

1 2 3 86
1 3 3 34
1 4 3 93
1 5 3 66
1 6 3 30
1 7 3 86
1 8 3 42
1 9 3 43
1 10 3 82
1 11 3 66
2 3 3 47
2 4 3 38
2 5 3 26
2 6 3 49
2 7 3 33
2 8 3 22
2 9 3 38
2 10 3 17
2 11 3 13
2 12 3 36
2 13 3 43
2 14 3 45
2 15 3 68
2 16 3 87
2 17 3 76
2 18 3 65
2 19 3 55
2 20 3 79
2 21 3 42
2 22 3 90
2 23 3 84
3 4 3 21
3 5 3 21
3 6 3 23
3 7 3 16
3 8 3 16
3 9 3 23
3 10 3 37
3 11 3 39
3 12 3 46
3 13 3 92
3 14 3 75
3 15 3 90
3 16 3 56
3 17 3 94
3 18 3 39
3 19 3 95
3 20 3 73
3 21 3 77
3 22 3 79
3 23 3 77
4 5 3 21
4 6 3 45
4 7 3 22
4 8 3 32
4 9 3 24
4 10 3 14
4 11 3 41
4 12 3 75
4 13 3 69
4 14 3 33
4 15 3 97
4 16 3 69
4 17 3 98
4 18 3 57
4 19 3 84
4 20 3 51
4 21 3 35
4 22 3 41
4 23 3 50
5 6 3 19
5 7 3 40
5 8 3 26
5 9 3 45
5 10 3 26
5 11 3 47
5 12 3 37
5 13 3 91
5 14 3 35
5 15 3 52
5 16 3 60
5 17 3 68
5 18 3 32
5 19 3 82
5 20 3 92
5 21 3 71
5 22 3 78
5 23 3 78
6 7 3 13
6 8 3 43
6 9 3 30
6 10 3 27
6 11 3 15
6 12 3 56
6 13 3 41
6 14 3 72
6 15 3 56
6 16 3 54
6 17 3 91
6 18 3 68
6 19 3 93
6 20 3 31
6 21 3 39
6 22 3 71
6 23 3 81
7 8 3 28
7 9 3 50
7 10 3 19
7 11 3 12
7 12 3 61
7 13 3 46
7 14 3 84
7 15 3 63
7 16 3 80
7 17 3 38
7 18 3 55
7 19 3 61
7 20 3 79
7 21 3 64
7 22 3 92
7 23 3 56
8 9 3 29
8 10 3 22
8 11 3 40
8 12 3 52
8 13 3 53
8 14 3 51
8 15 3 78
8 16 3 87
8 17 3 71
8 18 3 85
8 19 3 88
8 20 3 66
8 21 3 59
8 22 3 83
8 23 3 75
9 10 3 13
9 11 3 34
9 12 3 91
9 13 3 41
9 14 3 49
9 15 3 85
9 16 3 70
9 17 3 35
9 18 3 51
9 19 3 83
9 20 3 34
9 21 3 78
9 22 3 48
9 23 3 92
10 11 3 50
10 12 3 73
10 13 3 85
10 14 3 70
10 15 3 40
10 16 3 78
10 17 3 72
10 18 3 95
10 19 3 71
10 20 3 81
10 21 3 50
10 22 3 38
10 23 3 71
11 12 3 63
11 13 3 93
11 14 3 67
11 15 3 75
11 16 3 90
11 17 3 50
11 18 3 83
11 19 3 34
11 20 3 43
11 21 3 57
11 22 3 82
11 23 3 35
12 13 3 33
12 14 3 47
12 15 3 31
12 16 3 36
12 17 3 38
12 18 3 38
12 19 3 14
12 20 3 32
12 21 3 12
12 22 3 14
12 23 3 19
12 24 3 56
12 25 3 38
12 26 3 100
12 27 3 76
12 28 3 80
12 29 3 64
12 30 3 90
12 31 3 82
12 32 3 81
12 33 3 67
13 14 3 18
13 15 3 21
13 16 3 37
13 17 3 46
13 18 3 23
13 19 3 38
13 20 3 40
13 21 3 26
13 22 3 32
13 23 3 21
13 24 3 55
13 25 3 98
13 26 3 90
13 27 3 84
13 28 3 62
13 29 3 70
13 30 3 72
13 31 3 37
13 32 3 74
13 33 3 95
14 15 3 11
14 16 3 15
14 17 3 38
14 18 3 21
14 19 3 47
14 20 3 25
14 21 3 49
14 22 3 37
14 23 3 34
14 24 3 70
14 25 3 57
14 26 3 70
14 27 3 56
14 28 3 32
14 29 3 33
14 30 3 79
14 31 3 30
14 32 3 78
14 33 3 77
15 16 3 21
15 17 3 25
15 18 3 17
15 19 3 10
15 20 3 20
15 21 3 41
15 22 3 48
15 23 3 43
15 24 3 87
15 25 3 72
15 26 3 30
15 27 3 77
15 28 3 74
15 29 3 88
15 30 3 86
15 31 3 51
15 32 3 49
15 33 3 86
16 17 3 37
16 18 3 38
16 19 3 23
16 20 3 29
16 21 3 28
16 22 3 48
16 23 3 36
16 24 3 65
16 25 3 54
16 26 3 71
16 27 3 80
16 28 3 74
16 29 3 42
16 30 3 52
16 31 3 76
16 32 3 49
16 33 3 61
17 18 3 42
17 19 3 12
17 20 3 48
17 21 3 11
17 22 3 25
17 23 3 45
17 24 3 85
17 25 3 85
17 26 3 95
17 27 3 49
17 28 3 69
17 29 3 90
17 30 3 41
17 31 3 51
17 32 3 49
17 33 3 66
18 19 3 14
18 20 3 20
18 21 3 50
18 22 3 14
18 23 3 49
18 24 3 89
18 25 3 92
18 26 3 100
18 27 3 90
18 28 3 37
18 29 3 91
18 30 3 40
18 31 3 31
18 32 3 80
18 33 3 41
19 20 3 49
19 21 3 38
19 22 3 20
19 23 3 10
19 24 3 90
19 25 3 91
19 26 3 54
19 27 3 80
19 28 3 39
19 29 3 99
19 30 3 50
19 31 3 51
19 32 3 33
19 33 3 66
20 21 3 33
20 22 3 18
20 23 3 36
20 24 3 91
20 25 3 95
20 26 3 89
20 27 3 49
20 28 3 98
20 29 3 43
20 30 3 34
20 31 3 65
20 32 3 67
20 33 3 63
21 22 3 37
21 23 3 14
21 24 3 38
21 25 3 82
21 26 3 78
21 27 3 55
21 28 3 53
21 29 3 50
21 30 3 83
21 31 3 76
21 32 3 88
21 33 3 58
22 23 3 32
22 24 3 68
22 25 3 90
22 26 3 71
22 27 3 100
22 28 3 45
22 29 3 90
22 30 3 89
22 31 3 47
22 32 3 63
22 33 3 51
23 24 3 97
23 25 3 61
23 26 3 78
23 27 3 43
23 28 3 83
23 29 3 67
23 30 3 89
23 31 3 78
23 32 3 95
23 33 3 46
24 25 3 11
24 26 3 23
24 27 3 33
24 28 3 36
24 29 3 16
24 30 3 43
24 31 3 48
24 32 3 36
24 33 3 48
24 34 3 38
24 35 3 92
24 36 3 96
24 37 3 58
24 38 3 98
24 39 3 39
24 40 3 61
24 41 3 56
24 42 3 65
25 26 3 50
25 27 3 44
25 28 3 24
25 29 3 17
25 30 3 15
25 31 3 15
25 32 3 14
25 33 3 23
25 34 3 43
25 35 3 73
25 36 3 32
25 37 3 37
25 38 3 94
25 39 3 50
25 40 3 63
25 41 3 65
25 42 3 38
26 27 3 48
26 28 3 37
26 29 3 29
26 30 3 41
26 31 3 38
26 32 3 20
26 33 3 12
26 34 3 34
26 35 3 65
26 36 3 75
26 37 3 94
26 38 3 30
26 39 3 99
26 40 3 63
26 41 3 66
26 42 3 72
27 28 3 50
27 29 3 38
27 30 3 28
27 31 3 30
27 32 3 27
27 33 3 38
27 34 3 42
27 35 3 61
27 36 3 32
27 37 3 91
27 38 3 36
27 39 3 84
27 40 3 58
27 41 3 60
27 42 3 96
28 29 3 23
28 30 3 50
28 31 3 40
28 32 3 33
28 33 3 29
28 34 3 50
28 35 3 49
28 36 3 95
28 37 3 69
28 38 3 47
28 39 3 65
28 40 3 54
28 41 3 41
28 42 3 97
29 30 3 40
29 31 3 19
29 32 3 16
29 33 3 38
29 34 3 62
29 35 3 96
29 36 3 81
29 37 3 85
29 38 3 85
29 39 3 32
29 40 3 94
29 41 3 70
29 42 3 52
30 31 3 46
30 32 3 45
30 33 3 45
30 34 3 80
30 35 3 80
30 36 3 47
30 37 3 39
30 38 3 95
30 39 3 82
30 40 3 38
30 41 3 96
30 42 3 66
31 32 3 16
31 33 3 25
31 34 3 58
31 35 3 96
31 36 3 77
31 37 3 62
31 38 3 76
31 39 3 55
31 40 3 86
31 41 3 96
31 42 3 70
32 33 3 11
32 34 3 90
32 35 3 94
32 36 3 75
32 37 3 59
32 38 3 39
32 39 3 47
32 40 3 82
32 41 3 66
32 42 3 95
33 34 3 75
33 35 3 58
33 36 3 86
33 37 3 52
33 38 3 96
33 39 3 66
33 40 3 71
33 41 3 99
33 42 3 73
34 35 3 41
34 36 3 12
34 37 3 31
34 38 3 45
34 39 3 17
34 40 3 18
34 41 3 27
34 42 3 15
34 43 3 51
34 44 3 90
34 45 3 91
34 46 3 52
34 47 3 79
34 48 3 36
34 49 3 37
34 50 3 98
35 36 3 40
35 37 3 31
35 38 3 19
35 39 3 25
35 40 3 12
35 41 3 10
35 42 3 29
35 43 3 35
35 44 3 88
35 45 3 72
35 46 3 71
35 47 3 74
35 48 3 67
35 49 3 54
35 50 3 85
36 37 3 45
36 38 3 16
36 39 3 20
36 40 3 24
36 41 3 13
36 42 3 29
36 43 3 48
36 44 3 69
36 45 3 37
36 46 3 82
36 47 3 34
36 48 3 58
36 49 3 85
36 50 3 93
37 38 3 42
37 39 3 49
37 40 3 15
37 41 3 49
37 42 3 35
37 43 3 45
37 44 3 88
37 45 3 32
37 46 3 99
37 47 3 59
37 48 3 47
37 49 3 49
37 50 3 43
38 39 3 45
38 40 3 26
38 41 3 50
38 42 3 50
38 43 3 35
38 44 3 52
38 45 3 64
38 46 3 86
38 47 3 35
38 48 3 94
38 49 3 31
38 50 3 91
39 40 3 31
39 41 3 17
39 42 3 40
39 43 3 45
39 44 3 35
39 45 3 37
39 46 3 93
39 47 3 71
39 48 3 69
39 49 3 40
39 50 3 93
40 41 3 16
40 42 3 32
40 43 3 75
40 44 3 40
40 45 3 92
40 46 3 51
40 47 3 99
40 48 3 90
40 49 3 31
40 50 3 95
41 42 3 35
41 43 3 44
41 44 3 64
41 45 3 94
41 46 3 71
41 47 3 51
41 48 3 60
41 49 3 69
41 50 3 80
42 43 3 83
42 44 3 100
42 45 3 64
42 46 3 39
42 47 3 79
42 48 3 37
42 49 3 60
42 50 3 92
43 44 3 16
43 45 3 39
43 46 3 12
43 47 3 39
43 48 3 44
43 49 3 47
43 50 3 50
43 51 3 56
43 52 3 76
43 53 3 58
43 54 3 66
43 55 3 53
43 56 3 86
43 57 3 36
43 58 3 42
43 59 3 70
43 60 3 53
44 45 3 35
44 46 3 46
44 47 3 31
44 48 3 23
44 49 3 29
44 50 3 37
44 51 3 46
44 52 3 66
44 53 3 58
44 54 3 45
44 55 3 66
44 56 3 71
44 57 3 60
44 58 3 50
44 59 3 87
44 60 3 82
45 46 3 18
45 47 3 31
45 48 3 49
45 49 3 23
45 50 3 22
45 51 3 61
45 52 3 71
45 53 3 64
45 54 3 99
45 55 3 81
45 56 3 77
45 57 3 66
45 58 3 64
45 59 3 83
45 60 3 55
46 47 3 27
46 48 3 11
46 49 3 34
46 50 3 15
46 51 3 100
46 52 3 62
46 53 3 30
46 54 3 31
46 55 3 60
46 56 3 48
46 57 3 38
46 58 3 51
46 59 3 64
46 60 3 87
47 48 3 50
47 49 3 50
47 50 3 48
47 51 3 94
47 52 3 68
47 53 3 81
47 54 3 92
47 55 3 91
47 56 3 38
47 57 3 52
47 58 3 63
47 59 3 30
47 60 3 90
48 49 3 40
48 50 3 27
48 51 3 31
48 52 3 96
48 53 3 91
48 54 3 100
48 55 3 46
48 56 3 34
48 57 3 82
48 58 3 75
48 59 3 36
48 60 3 57
49 50 3 25
49 51 3 42
49 52 3 37
49 53 3 74
49 54 3 87
49 55 3 90
49 56 3 36
49 57 3 56
49 58 3 68
49 59 3 56
49 60 3 99
50 51 3 56
50 52 3 64
50 53 3 64
50 54 3 51
50 55 3 54
50 56 3 89
50 57 3 37
50 58 3 61
50 59 3 93
50 60 3 62
51 52 3 14
51 53 3 19
51 54 3 27
51 55 3 38
51 56 3 32
51 57 3 16
51 58 3 12
51 59 3 10
51 60 3 48
51 61 3 99
51 62 3 54
51 63 3 92
51 64 3 99
51 65 3 49
51 66 3 30
51 67 3 54
51 68 3 86
51 69 3 73
52 53 3 19
52 54 3 30
52 55 3 25
52 56 3 24
52 57 3 17
52 58 3 39
52 59 3 20
52 60 3 48
52 61 3 64
52 62 3 40
52 63 3 46
52 64 3 61
52 65 3 45
52 66 3 99
52 67 3 53
52 68 3 85
52 69 3 37
53 54 3 48
53 55 3 17
53 56 3 43
53 57 3 31
53 58 3 34
53 59 3 42
53 60 3 33
53 61 3 77
53 62 3 61
53 63 3 100
53 64 3 78
53 65 3 43
53 66 3 43
53 67 3 71
53 68 3 38
53 69 3 63
54 55 3 30
54 56 3 22
54 57 3 36
54 58 3 38
54 59 3 32
54 60 3 49
54 61 3 75
54 62 3 70
54 63 3 44
54 64 3 63
54 65 3 97
54 66 3 93
54 67 3 35
54 68 3 89
54 69 3 74
55 56 3 38
55 57 3 40
55 58 3 22
55 59 3 47
55 60 3 31
55 61 3 65
55 62 3 76
55 63 3 37
55 64 3 94
55 65 3 96
55 66 3 83
55 67 3 61
55 68 3 43
55 69 3 48
56 57 3 38
56 58 3 47
56 59 3 17
56 60 3 19
56 61 3 72
56 62 3 55
56 63 3 67
56 64 3 35
56 65 3 83
56 66 3 68
56 67 3 78
56 68 3 31
56 69 3 50
57 58 3 11
57 59 3 37
57 60 3 16
57 61 3 48
57 62 3 93
57 63 3 97
57 64 3 96
57 65 3 87
57 66 3 47
57 67 3 86
57 68 3 98
57 69 3 85
58 59 3 11
58 60 3 35
58 61 3 79
58 62 3 82
58 63 3 79
58 64 3 75
58 65 3 90
58 66 3 48
58 67 3 56
58 68 3 83
58 69 3 38
59 60 3 19
59 61 3 82
59 62 3 32
59 63 3 77
59 64 3 85
59 65 3 45
59 66 3 82
59 67 3 43
59 68 3 70
59 69 3 80
60 61 3 66
60 62 3 70
60 63 3 86
60 64 3 33
60 65 3 67
60 66 3 87
60 67 3 100
60 68 3 95
60 69 3 37
61 62 3 18
61 63 3 39
61 64 3 34
61 65 3 36
61 66 3 31
61 67 3 15
61 68 3 37
61 69 3 23
61 70 3 95
61 71 3 35
61 72 3 100
61 73 3 93
61 74 3 32
61 75 3 54
61 76 3 33
61 77 3 66
61 78 3 90
62 63 3 45
62 64 3 15
62 65 3 19
62 66 3 37
62 67 3 32
62 68 3 20
62 69 3 29
62 70 3 40
62 71 3 78
62 72 3 66
62 73 3 100
62 74 3 50
62 75 3 53
62 76 3 99
62 77 3 54
62 78 3 87
63 64 3 32
63 65 3 18
63 66 3 49
63 67 3 37
63 68 3 10
63 69 3 35
63 70 3 49
63 71 3 69
63 72 3 43
63 73 3 89
63 74 3 43
63 75 3 99
63 76 3 85
63 77 3 97
63 78 3 45
64 65 3 23
64 66 3 20
64 67 3 47
64 68 3 17
64 69 3 20
64 70 3 45
64 71 3 46
64 72 3 74
64 73 3 73
64 74 3 45
64 75 3 96
64 76 3 75
64 77 3 49
64 78 3 30
65 66 3 35
65 67 3 19
65 68 3 47
65 69 3 27
65 70 3 89
65 71 3 98
65 72 3 39
65 73 3 83
65 74 3 94
65 75 3 48
65 76 3 89
65 77 3 50
65 78 3 55
66 67 3 48
66 68 3 17
66 69 3 36
66 70 3 53
66 71 3 90
66 72 3 64
66 73 3 34
66 74 3 49
66 75 3 36
66 76 3 63
66 77 3 62
66 78 3 56
67 68 3 11
67 69 3 26
67 70 3 85
67 71 3 40
67 72 3 71
67 73 3 54
67 74 3 56
67 75 3 46
67 76 3 54
67 77 3 76
67 78 3 89
68 69 3 11
68 70 3 44
68 71 3 91
68 72 3 60
68 73 3 77
68 74 3 78
68 75 3 31
68 76 3 92
68 77 3 37
68 78 3 84
69 70 3 55
69 71 3 69
69 72 3 72
69 73 3 41
69 74 3 98
69 75 3 43
69 76 3 96
69 77 3 34
69 78 3 62
70 71 3 23
70 72 3 28
70 73 3 30
70 74 3 29
70 75 3 37
70 76 3 12
70 77 3 45
70 78 3 16
70 79 3 92
70 80 3 65
70 81 3 71
70 82 3 50
70 83 3 34
70 84 3 81
70 85 3 92
70 86 3 44
70 87 3 52
71 72 3 24
71 73 3 11
71 74 3 43
71 75 3 44
71 76 3 41
71 77 3 22
71 78 3 23
71 79 3 38
71 80 3 76
71 81 3 47
71 82 3 89
71 83 3 82
71 84 3 38
71 85 3 48
71 86 3 48
71 87 3 55
72 73 3 39
72 74 3 42
72 75 3 10
72 76 3 19
72 77 3 11
72 78 3 16
72 79 3 30
72 80 3 44
72 81 3 64
72 82 3 66
72 83 3 89
72 84 3 43
72 85 3 68
72 86 3 98
72 87 3 83
73 74 3 22
73 75 3 42
73 76 3 45
73 77 3 15
73 78 3 11
73 79 3 58
73 80 3 46
73 81 3 100
73 82 3 94
73 83 3 93
73 84 3 44
73 85 3 68
73 86 3 66
73 87 3 42
74 75 3 20
74 76 3 19
74 77 3 45
74 78 3 36
74 79 3 44
74 80 3 48
74 81 3 60
74 82 3 38
74 83 3 40
74 84 3 95
74 85 3 53
74 86 3 36
74 87 3 98
75 76 3 33
75 77 3 33
75 78 3 30
75 79 3 30
75 80 3 82
75 81 3 43
75 82 3 34
75 83 3 88
75 84 3 40
75 85 3 86
75 86 3 97
75 87 3 87
76 77 3 46
76 78 3 32
76 79 3 56
76 80 3 51
76 81 3 72
76 82 3 87
76 83 3 98
76 84 3 57
76 85 3 91
76 86 3 48
76 87 3 98
77 78 3 37
77 79 3 83
77 80 3 70
77 81 3 96
77 82 3 84
77 83 3 91
77 84 3 38
77 85 3 76
77 86 3 92
77 87 3 34
78 79 3 71
78 80 3 94
78 81 3 88
78 82 3 56
78 83 3 50
78 84 3 75
78 85 3 52
78 86 3 84
78 87 3 79
79 80 3 32
79 81 3 29
79 82 3 12
79 83 3 50
79 84 3 38
79 85 3 27
79 86 3 49
79 87 3 40
79 88 3 50
79 89 3 44
79 90 3 62
79 91 3 86
79 92 3 39
79 93 3 32
79 94 3 83
79 95 3 60
79 96 3 73
79 97 3 50
79 98 3 47
79 99 3 61
80 81 3 17
80 82 3 32
80 83 3 34
80 84 3 28
80 85 3 41
80 86 3 27
80 87 3 10
80 88 3 55
80 89 3 64
80 90 3 51
80 91 3 98
80 92 3 32
80 93 3 74
80 94 3 58
80 95 3 32
80 96 3 86
80 97 3 74
80 98 3 34
80 99 3 69
81 82 3 11
81 83 3 13
81 84 3 18
81 85 3 11
81 86 3 49
81 87 3 29
81 88 3 51
81 89 3 98
81 90 3 78
81 91 3 84
81 92 3 32
81 93 3 42
81 94 3 33
81 95 3 85
81 96 3 99
81 97 3 37
81 98 3 71
81 99 3 81
82 83 3 42
82 84 3 44
82 85 3 37
82 86 3 50
82 87 3 40
82 88 3 47
82 89 3 47
82 90 3 44
82 91 3 54
82 92 3 78
82 93 3 79
82 94 3 34
82 95 3 43
82 96 3 76
82 97 3 45
82 98 3 93
82 99 3 71
83 84 3 13
83 85 3 15
83 86 3 32
83 87 3 45
83 88 3 79
83 89 3 37
83 90 3 37
83 91 3 41
83 92 3 97
83 93 3 96
83 94 3 81
83 95 3 58
83 96 3 85
83 97 3 57
83 98 3 35
83 99 3 92
84 85 3 42
84 86 3 10
84 87 3 43
84 88 3 49
84 89 3 95
84 90 3 96
84 91 3 52
84 92 3 95
84 93 3 69
84 94 3 40
84 95 3 46
84 96 3 100
84 97 3 43
84 98 3 82
84 99 3 59
85 86 3 32
85 87 3 36
85 88 3 59
85 89 3 64
85 90 3 90
85 91 3 89
85 92 3 67
85 93 3 33
85 94 3 87
85 95 3 44
85 96 3 54
85 97 3 66
85 98 3 99
85 99 3 91
86 87 3 45
86 88 3 93
86 89 3 92
86 90 3 36
86 91 3 46
86 92 3 43
86 93 3 78
86 94 3 77
86 95 3 45
86 96 3 97
86 97 3 45
86 98 3 79
86 99 3 93
87 88 3 53
87 89 3 47
87 90 3 42
87 91 3 63
87 92 3 92
87 93 3 85
87 94 3 99
87 95 3 46
87 96 3 49
87 97 3 55
87 98 3 38
87 99 3 54
88 89 3 42
88 90 3 27
88 91 3 45
88 92 3 13
88 93 3 40
88 94 3 17
88 95 3 42
88 96 3 13
88 97 3 38
88 98 3 37
88 99 3 38
88 100 3 43
89 90 3 10
89 91 3 15
89 92 3 30
89 93 3 37
89 94 3 19
89 95 3 38
89 96 3 16
89 97 3 20
89 98 3 14
89 99 3 45
89 100 3 33
90 91 3 30
90 92 3 12
90 93 3 12
90 94 3 45
90 95 3 30
90 96 3 41
90 97 3 15
90 98 3 50
90 99 3 28
90 100 3 35
91 92 3 23
91 93 3 48
91 94 3 12
91 95 3 11
91 96 3 43
91 97 3 42
91 98 3 15
91 99 3 26
91 100 3 92
92 93 3 28
92 94 3 12
92 95 3 44
92 96 3 38
92 97 3 42
92 98 3 40
92 99 3 48
92 100 3 35
93 94 3 39
93 95 3 41
93 96 3 40
93 97 3 42
93 98 3 50
93 99 3 13
93 100 3 63
94 95 3 46
94 96 3 41
94 97 3 47
94 98 3 17
94 99 3 15
94 100 3 86
95 96 3 39
95 97 3 25
95 98 3 28
95 99 3 24
95 100 3 36
96 97 3 48
96 98 3 15
96 99 3 40
96 100 3 70
97 98 3 22
97 99 3 16
97 100 3 40
98 99 3 26
98 100 3 74
99 100 3 79

