1 2 1 100
1 3 1 61
1 4 1 44
1 5 1 56
1 6 1 99
1 7 1 64
1 8 1 63
1 9 1 88
1 10 1 74
1 11 1 40
1 12 1 85
1 13 1 50
2 3 1 43
2 4 1 32
2 5 1 37
2 6 1 25
2 7 1 13
2 8 1 11
2 9 1 16
2 10 1 17
2 11 1 25
2 12 1 17
2 13 1 22
2 14 1 39
2 15 1 40
2 16 1 93
2 17 1 70
2 18 1 98
2 19 1 72
2 20 1 58
2 21 1 82
2 22 1 45
2 23 1 58
3 4 1 32
3 5 1 22
3 6 1 40
3 7 1 23
3 8 1 48
3 9 1 42
3 10 1 27
3 11 1 45
3 12 1 16
3 13 1 43
3 14 1 91
3 15 1 74
3 16 1 96
3 17 1 70
3 18 1 44
3 19 1 92
3 20 1 46
3 21 1 50
3 22 1 32
3 23 1 87
4 5 1 37
4 6 1 35
4 7 1 49
4 8 1 45
4 9 1 36
4 10 1 38
4 11 1 10
4 12 1 20
4 13 1 13
4 14 1 59
4 15 1 41
4 16 1 46
4 17 1 67
4 18 1 71
4 19 1 69
4 20 1 43
4 21 1 70
4 22 1 52
4 23 1 44
5 6 1 15
5 7 1 22
5 8 1 49
5 9 1 18
5 10 1 31
5 11 1 25
5 12 1 11
5 13 1 16
5 14 1 93
5 15 1 72
5 16 1 81
5 17 1 48
5 18 1 48
5 19 1 45
5 20 1 63
5 21 1 30
5 22 1 77
5 23 1 75
6 7 1 31
6 8 1 32
6 9 1 27
6 10 1 18
6 11 1 29
6 12 1 48
6 13 1 15
6 14 1 61
6 15 1 80
6 16 1 97
6 17 1 79
6 18 1 90
6 19 1 97
6 20 1 47
6 21 1 60
6 22 1 72
6 23 1 49
7 8 1 48
7 9 1 40
7 10 1 12
7 11 1 14
7 12 1 40
7 13 1 29
7 14 1 47
7 15 1 71
7 16 1 84
7 17 1 69
7 18 1 64
7 19 1 62
7 20 1 41
7 21 1 98
7 22 1 59
7 23 1 69
8 9 1 40
8 10 1 33
8 11 1 12
8 12 1 23
8 13 1 10
8 14 1 68
8 15 1 98
8 16 1 49
8 17 1 35
8 18 1 40
8 19 1 88
8 20 1 83
8 21 1 64
8 22 1 52
8 23 1 67
9 10 1 25
9 11 1 14
9 12 1 25
9 13 1 12
9 14 1 70
9 15 1 71
9 16 1 56
9 17 1 47
9 18 1 63
9 19 1 69
9 20 1 61
9 21 1 79
9 22 1 64
9 23 1 57
10 11 1 23
10 12 1 26
10 13 1 21
10 14 1 34
10 15 1 61
10 16 1 30
10 17 1 92
10 18 1 86
10 19 1 60
10 20 1 89
10 21 1 73
10 22 1 81
10 23 1 41
11 12 1 34
11 13 1 49
11 14 1 61
11 15 1 37
11 16 1 78
11 17 1 73
11 18 1 80
11 19 1 89
11 20 1 72
11 21 1 32
11 22 1 74
11 23 1 46
12 13 1 45
12 14 1 43
12 15 1 55
12 16 1 38
12 17 1 87
12 18 1 97
12 19 1 92
12 20 1 49
12 21 1 63
12 22 1 57
12 23 1 64
13 14 1 38
13 15 1 70
13 16 1 97
13 17 1 39
13 18 1 36
13 19 1 62
13 20 1 77
13 21 1 85
13 22 1 82
13 23 1 70
14 15 1 12
14 16 1 40
14 17 1 25
14 18 1 21
14 19 1 27
14 20 1 50
14 21 1 48
14 22 1 31
14 23 1 27
14 24 1 33
14 25 1 77
14 26 1 47
14 27 1 91
14 28 1 88
14 29 1 92
14 30 1 98
14 31 1 30
14 32 1 80
15 16 1 47
15 17 1 26
15 18 1 16
15 19 1 22
15 20 1 14
15 21 1 23
15 22 1 47
15 23 1 50
15 24 1 92
15 25 1 57
15 26 1 53
15 27 1 67
15 28 1 81
15 29 1 83
15 30 1 32
15 31 1 62
15 32 1 88
16 17 1 45
16 18 1 16
16 19 1 21
16 20 1 31
16 21 1 25
16 22 1 44
16 23 1 26
16 24 1 50
16 25 1 98
16 26 1 98
16 27 1 47
16 28 1 84
16 29 1 48
16 30 1 59
16 31 1 66
16 32 1 85
17 18 1 22
17 19 1 14
17 20 1 39
17 21 1 49
17 22 1 14
17 23 1 45
17 24 1 48
17 25 1 30
17 26 1 83
17 27 1 93
17 28 1 39
17 29 1 64
17 30 1 43
17 31 1 52
17 32 1 81
18 19 1 31
18 20 1 40
18 21 1 27
18 22 1 43
18 23 1 26
18 24 1 37
18 25 1 43
18 26 1 89
18 27 1 65
18 28 1 80
18 29 1 68
18 30 1 42
18 31 1 35
18 32 1 59
19 20 1 34
19 21 1 14
19 22 1 14
19 23 1 41
19 24 1 73
19 25 1 69
19 26 1 35
19 27 1 70
19 28 1 76
19 29 1 66
19 30 1 90
19 31 1 30
19 32 1 68
20 21 1 29
20 22 1 24
20 23 1 11
20 24 1 53
20 25 1 69
20 26 1 80
20 27 1 94
20 28 1 45
20 29 1 88
20 30 1 74
20 31 1 62
20 32 1 72
21 22 1 41
21 23 1 18
21 24 1 76
21 25 1 44
21 26 1 86
21 27 1 51
21 28 1 73
21 29 1 78
21 30 1 88
21 31 1 93
21 32 1 72
22 23 1 35
22 24 1 65
22 25 1 95
22 26 1 47
22 27 1 55
22 28 1 100
22 29 1 93
22 30 1 91
22 31 1 61
22 32 1 45
23 24 1 88
23 25 1 35
23 26 1 78
23 27 1 84
23 28 1 63
23 29 1 89
23 30 1 41
23 31 1 52
23 32 1 76
24 25 1 47
24 26 1 18
24 27 1 36
24 28 1 19
24 29 1 39
24 30 1 18
24 31 1 26
24 32 1 37
24 33 1 44
24 34 1 63
24 35 1 74
24 36 1 77
24 37 1 74
24 38 1 67
24 39 1 55
24 40 1 36
25 26 1 28
25 27 1 37
25 28 1 36
25 29 1 13
25 30 1 42
25 31 1 48
25 32 1 20
25 33 1 68
25 34 1 93
25 35 1 42
25 36 1 59
25 37 1 65
25 38 1 49
25 39 1 37
25 40 1 55
26 27 1 30
26 28 1 31
26 29 1 38
26 30 1 19
26 31 1 19
26 32 1 33
26 33 1 55
26 34 1 75
26 35 1 100
26 36 1 30
26 37 1 70
26 38 1 80
26 39 1 66
26 40 1 47
27 28 1 27
27 29 1 29
27 30 1 10
27 31 1 12
27 32 1 42
27 33 1 61
27 34 1 58
27 35 1 98
27 36 1 80
27 37 1 59
27 38 1 70
27 39 1 100
27 40 1 68
28 29 1 43
28 30 1 36
28 31 1 40
28 32 1 10
28 33 1 80
28 34 1 94
28 35 1 31
28 36 1 64
28 37 1 52
28 38 1 81
28 39 1 31
28 40 1 64
29 30 1 28
29 31 1 35
29 32 1 18
29 33 1 86
29 34 1 90
29 35 1 35
29 36 1 58
29 37 1 83
29 38 1 31
29 39 1 77
29 40 1 84
30 31 1 26
30 32 1 46
30 33 1 58
30 34 1 99
30 35 1 60
30 36 1 31
30 37 1 47
30 38 1 98
30 39 1 70
30 40 1 50
31 32 1 45
31 33 1 58
31 34 1 41
31 35 1 38
31 36 1 74
31 37 1 35
31 38 1 64
31 39 1 63
31 40 1 59
32 33 1 72
32 34 1 58
32 35 1 61
32 36 1 45
32 37 1 61
32 38 1 89
32 39 1 80
32 40 1 89
33 34 1 35
33 35 1 12
33 36 1 29
33 37 1 24
33 38 1 10
33 39 1 24
33 40 1 34
33 41 1 58
33 42 1 48
33 43 1 60
33 44 1 86
33 45 1 34
33 46 1 65
33 47 1 32
33 48 1 59
33 49 1 34
33 50 1 80
34 35 1 15
34 36 1 27
34 37 1 33
34 38 1 19
34 39 1 17
34 40 1 39
34 41 1 65
34 42 1 47
34 43 1 70
34 44 1 75
34 45 1 68
34 46 1 52
34 47 1 44
34 48 1 69
34 49 1 68
34 50 1 86
35 36 1 23
35 37 1 31
35 38 1 47
35 39 1 15
35 40 1 21
35 41 1 38
35 42 1 48
35 43 1 34
35 44 1 58
35 45 1 100
35 46 1 82
35 47 1 54
35 48 1 81
35 49 1 85
35 50 1 87
36 37 1 43
36 38 1 43
36 39 1 21
36 40 1 44
36 41 1 84
36 42 1 80
36 43 1 91
36 44 1 32
36 45 1 99
36 46 1 61
36 47 1 53
36 48 1 39
36 49 1 85
36 50 1 42
37 38 1 40
37 39 1 10
37 40 1 12
37 41 1 63
37 42 1 64
37 43 1 95
37 44 1 79
37 45 1 65
37 46 1 46
37 47 1 52
37 48 1 43
37 49 1 31
37 50 1 40
38 39 1 15
38 40 1 50
38 41 1 61
38 42 1 87
38 43 1 70
38 44 1 40
38 45 1 52
38 46 1 69
38 47 1 57
38 48 1 34
38 49 1 77
38 50 1 87
39 40 1 27
39 41 1 37
39 42 1 60
39 43 1 91
39 44 1 99
39 45 1 87
39 46 1 39
39 47 1 56
39 48 1 54
39 49 1 56
39 50 1 82
40 41 1 58
40 42 1 85
40 43 1 91
40 44 1 67
40 45 1 68
40 46 1 87
40 47 1 72
40 48 1 71
40 49 1 70
40 50 1 63
41 42 1 35
41 43 1 13
41 44 1 16
41 45 1 47
41 46 1 28
41 47 1 47
41 48 1 35
41 49 1 10
41 50 1 19
41 51 1 36
41 52 1 48
41 53 1 61
41 54 1 38
41 55 1 98
41 56 1 74
41 57 1 55
41 58 1 94
41 59 1 55
42 43 1 49
42 44 1 13
42 45 1 35
42 46 1 22
42 47 1 11
42 48 1 25
42 49 1 32
42 50 1 35
42 51 1 91
42 52 1 34
42 53 1 49
42 54 1 75
42 55 1 81
42 56 1 41
42 57 1 58
42 58 1 71
42 59 1 78
43 44 1 22
43 45 1 27
43 46 1 23
43 47 1 18
43 48 1 45
43 49 1 43
43 50 1 44
43 51 1 58
43 52 1 32
43 53 1 57
43 54 1 69
43 55 1 64
43 56 1 60
43 57 1 99
43 58 1 84
43 59 1 71
44 45 1 26
44 46 1 28
44 47 1 19
44 48 1 25
44 49 1 12
44 50 1 14
44 51 1 68
44 52 1 48
44 53 1 32
44 54 1 94
44 55 1 38
44 56 1 45
44 57 1 49
44 58 1 96
44 59 1 89
45 46 1 27
45 47 1 33
45 48 1 20
45 49 1 20
45 50 1 14
45 51 1 42
45 52 1 38
45 53 1 34
45 54 1 34
45 55 1 100
45 56 1 59
45 57 1 62
45 58 1 52
45 59 1 68
46 47 1 27
46 48 1 42
46 49 1 42
46 50 1 32
46 51 1 62
46 52 1 84
46 53 1 34
46 54 1 72
46 55 1 78
46 56 1 88
46 57 1 85
46 58 1 55
46 59 1 95
47 48 1 49
47 49 1 14
47 50 1 38
47 51 1 72
47 52 1 36
47 53 1 96
47 54 1 83
47 55 1 72
47 56 1 94
47 57 1 97
47 58 1 71
47 59 1 61
48 49 1 36
48 50 1 47
48 51 1 30
48 52 1 83
48 53 1 49
48 54 1 43
48 55 1 90
48 56 1 51
48 57 1 53
48 58 1 45
48 59 1 66
49 50 1 50
49 51 1 81
49 52 1 100
49 53 1 82
49 54 1 51
49 55 1 87
49 56 1 91
49 57 1 39
49 58 1 46
49 59 1 72
50 51 1 82
50 52 1 99
50 53 1 38
50 54 1 38
50 55 1 90
50 56 1 74
50 57 1 53
50 58 1 36
50 59 1 45
51 52 1 40
51 53 1 12
51 54 1 15
51 55 1 49
51 56 1 16
51 57 1 19
51 58 1 43
51 59 1 48
51 60 1 79
51 61 1 50
51 62 1 36
51 63 1 59
51 64 1 84
51 65 1 72
51 66 1 61
51 67 1 57
51 68 1 51
52 53 1 16
52 54 1 44
52 55 1 10
52 56 1 41
52 57 1 38
52 58 1 19
52 59 1 12
52 60 1 93
52 61 1 66
52 62 1 61
52 63 1 93
52 64 1 58
52 65 1 77
52 66 1 30
52 67 1 61
52 68 1 97
53 54 1 46
53 55 1 49
53 56 1 14
53 57 1 38
53 58 1 31
53 59 1 17
53 60 1 79
53 61 1 68
53 62 1 72
53 63 1 96
53 64 1 77
53 65 1 31
53 66 1 79
53 67 1 64
53 68 1 74
54 55 1 39
54 56 1 45
54 57 1 50
54 58 1 14
54 59 1 35
54 60 1 53
54 61 1 76
54 62 1 56
54 63 1 41
54 64 1 97
54 65 1 45
54 66 1 33
54 67 1 94
54 68 1 48
55 56 1 29
55 57 1 22
55 58 1 18
55 59 1 13
55 60 1 54
55 61 1 73
55 62 1 75
55 63 1 30
55 64 1 40
55 65 1 97
55 66 1 58
55 67 1 83
55 68 1 67
56 57 1 11
56 58 1 31
56 59 1 37
56 60 1 44
56 61 1 46
56 62 1 81
56 63 1 94
56 64 1 92
56 65 1 92
56 66 1 64
56 67 1 36
56 68 1 78
57 58 1 28
57 59 1 30
57 60 1 98
57 61 1 43
57 62 1 90
57 63 1 70
57 64 1 73
57 65 1 75
57 66 1 47
57 67 1 73
57 68 1 61
58 59 1 20
58 60 1 55
58 61 1 93
58 62 1 43
58 63 1 53
58 64 1 40
58 65 1 45
58 66 1 36
58 67 1 46
58 68 1 83
59 60 1 62
59 61 1 53
59 62 1 42
59 63 1 34
59 64 1 87
59 65 1 45
59 66 1 41
59 67 1 92
59 68 1 61
60 61 1 48
60 62 1 20
60 63 1 35
60 64 1 16
60 65 1 42
60 66 1 39
60 67 1 42
60 68 1 44
60 69 1 57
60 70 1 65
60 71 1 41
60 72 1 57
60 73 1 45
60 74 1 92
60 75 1 69
60 76 1 53
60 77 1 66
61 62 1 35
61 63 1 37
61 64 1 27
61 65 1 28
61 66 1 31
61 67 1 36
61 68 1 19
61 69 1 84
61 70 1 35
61 71 1 46
61 72 1 86
61 73 1 96
61 74 1 78
61 75 1 73
61 76 1 36
61 77 1 68
62 63 1 19
62 64 1 38
62 65 1 41
62 66 1 43
62 67 1 44
62 68 1 30
62 69 1 43
62 70 1 42
62 71 1 85
62 72 1 57
62 73 1 56
62 74 1 65
62 75 1 74
62 76 1 33
62 77 1 51
63 64 1 41
63 65 1 50
63 66 1 45
63 67 1 36
63 68 1 32
63 69 1 80
63 70 1 64
63 71 1 67
63 72 1 94
63 73 1 88
63 74 1 71
63 75 1 90
63 76 1 63
63 77 1 30
64 65 1 19
64 66 1 24
64 67 1 15
64 68 1 28
64 69 1 38
64 70 1 43
64 71 1 64
64 72 1 56
64 73 1 48
64 74 1 97
64 75 1 76
64 76 1 51
64 77 1 55
65 66 1 14
65 67 1 35
65 68 1 15
65 69 1 57
65 70 1 75
65 71 1 67
65 72 1 94
65 73 1 74
65 74 1 37
65 75 1 65
65 76 1 56
65 77 1 53
66 67 1 19
66 68 1 38
66 69 1 76
66 70 1 97
66 71 1 65
66 72 1 95
66 73 1 93
66 74 1 43
66 75 1 74
66 76 1 81
66 77 1 95
67 68 1 20
67 69 1 33
67 70 1 52
67 71 1 55
67 72 1 46
67 73 1 96
67 74 1 72
67 75 1 82
67 76 1 94
67 77 1 51
68 69 1 82
68 70 1 99
68 71 1 87
68 72 1 60
68 73 1 42
68 74 1 73
68 75 1 75
68 76 1 74
68 77 1 82
69 70 1 35
69 71 1 34
69 72 1 17
69 73 1 44
69 74 1 44
69 75 1 49
69 76 1 20
69 77 1 25
69 78 1 67
69 79 1 60
69 80 1 42
69 81 1 81
69 82 1 79
69 83 1 72
69 84 1 48
69 85 1 75
69 86 1 83
69 87 1 37
69 88 1 32
69 89 1 45
70 71 1 28
70 72 1 33
70 73 1 17
70 74 1 47
70 75 1 27
70 76 1 17
70 77 1 49
70 78 1 74
70 79 1 32
70 80 1 35
70 81 1 93
70 82 1 42
70 83 1 52
70 84 1 55
70 85 1 50
70 86 1 92
70 87 1 48
70 88 1 96
70 89 1 100
71 72 1 18
71 73 1 46
71 74 1 50
71 75 1 21
71 76 1 30
71 77 1 11
71 78 1 93
71 79 1 71
71 80 1 62
71 81 1 90
71 82 1 30
71 83 1 61
71 84 1 68
71 85 1 56
71 86 1 100
71 87 1 64
71 88 1 64
71 89 1 80
72 73 1 38
72 74 1 35
72 75 1 18
72 76 1 33
72 77 1 26
72 78 1 72
72 79 1 90
72 80 1 69
72 81 1 52
72 82 1 95
72 83 1 57
72 84 1 53
72 85 1 85
72 86 1 83
72 87 1 99
72 88 1 82
72 89 1 33
73 74 1 33
73 75 1 30
73 76 1 30
73 77 1 40
73 78 1 83
73 79 1 34
73 80 1 75
73 81 1 61
73 82 1 81
73 83 1 31
73 84 1 72
73 85 1 96
73 86 1 77
73 87 1 78
73 88 1 53
73 89 1 30
74 75 1 36
74 76 1 21
74 77 1 31
74 78 1 90
74 79 1 42
74 80 1 43
74 81 1 97
74 82 1 69
74 83 1 36
74 84 1 95
74 85 1 52
74 86 1 45
74 87 1 87
74 88 1 47
74 89 1 100
75 76 1 18
75 77 1 24
75 78 1 70
75 79 1 52
75 80 1 88
75 81 1 73
75 82 1 76
75 83 1 52
75 84 1 86
75 85 1 39
75 86 1 57
75 87 1 54
75 88 1 40
75 89 1 41
76 77 1 39
76 78 1 81
76 79 1 91
76 80 1 58
76 81 1 50
76 82 1 69
76 83 1 62
76 84 1 50
76 85 1 86
76 86 1 79
76 87 1 64
76 88 1 45
76 89 1 88
77 78 1 55
77 79 1 31
77 80 1 44
77 81 1 98
77 82 1 74
77 83 1 68
77 84 1 67
77 85 1 90
77 86 1 87
77 87 1 74
77 88 1 33
77 89 1 37
78 79 1 32
78 80 1 12
78 81 1 16
78 82 1 11
78 83 1 34
78 84 1 14
78 85 1 21
78 86 1 39
78 87 1 44
78 88 1 47
78 89 1 33
78 90 1 89
78 91 1 56
78 92 1 85
78 93 1 96
78 94 1 54
78 95 1 57
78 96 1 35
78 97 1 63
78 98 1 30
78 99 1 72
79 80 1 23
79 81 1 10
79 82 1 15
79 83 1 30
79 84 1 21
79 85 1 48
79 86 1 17
79 87 1 50
79 88 1 20
79 89 1 20
79 90 1 41
79 91 1 70
79 92 1 100
79 93 1 30
79 94 1 39
79 95 1 30
79 96 1 78
79 97 1 99
79 98 1 40
79 99 1 67
80 81 1 22
80 82 1 33
80 83 1 48
80 84 1 18
80 85 1 42
80 86 1 31
80 87 1 29
80 88 1 10
80 89 1 10
80 90 1 91
80 91 1 37
80 92 1 49
80 93 1 83
80 94 1 60
80 95 1 57
80 96 1 51
80 97 1 46
80 98 1 47
80 99 1 47
81 82 1 46
81 83 1 43
81 84 1 27
81 85 1 26
81 86 1 15
81 87 1 50
81 88 1 16
81 89 1 15
81 90 1 32
81 91 1 65
81 92 1 96
81 93 1 65
81 94 1 37
81 95 1 31
81 96 1 97
81 97 1 93
81 98 1 86
81 99 1 84
82 83 1 37
82 84 1 44
82 85 1 43
82 86 1 31
82 87 1 18
82 88 1 42
82 89 1 27
82 90 1 37
82 91 1 39
82 92 1 39
82 93 1 81
82 94 1 36
82 95 1 89
82 96 1 86
82 97 1 78
82 98 1 61
82 99 1 34
83 84 1 24
83 85 1 21
83 86 1 48
83 87 1 38
83 88 1 35
83 89 1 42
83 90 1 92
83 91 1 89
83 92 1 95
83 93 1 91
83 94 1 99
83 95 1 85
83 96 1 83
83 97 1 45
83 98 1 52
83 99 1 96
84 85 1 21
84 86 1 27
84 87 1 20
84 88 1 12
84 89 1 40
84 90 1 96
84 91 1 92
84 92 1 37
84 93 1 48
84 94 1 72
84 95 1 35
84 96 1 55
84 97 1 47
84 98 1 88
84 99 1 68
85 86 1 28
85 87 1 34
85 88 1 47
85 89 1 20
85 90 1 71
85 91 1 42
85 92 1 77
85 93 1 53
85 94 1 98
85 95 1 82
85 96 1 97
85 97 1 44
85 98 1 73
85 99 1 40
86 87 1 14
86 88 1 25
86 89 1 16
86 90 1 74
86 91 1 61
86 92 1 100
86 93 1 35
86 94 1 30
86 95 1 69
86 96 1 87
86 97 1 54
86 98 1 41
86 99 1 84
87 88 1 39
87 89 1 37
87 90 1 91
87 91 1 96
87 92 1 61
87 93 1 42
87 94 1 98
87 95 1 94
87 96 1 97
87 97 1 35
87 98 1 43
87 99 1 47
88 89 1 10
88 90 1 99
88 91 1 87
88 92 1 91
88 93 1 30
88 94 1 63
88 95 1 46
88 96 1 64
88 97 1 36
88 98 1 60
88 99 1 94
89 90 1 63
89 91 1 93
89 92 1 47
89 93 1 82
89 94 1 65
89 95 1 43
89 96 1 37
89 97 1 30
89 98 1 66
89 99 1 79
90 91 1 20
90 92 1 21
90 93 1 33
90 94 1 30
90 95 1 25
90 96 1 47
90 97 1 18
90 98 1 18
90 99 1 46
90 100 1 51
91 92 1 42
91 93 1 18
91 94 1 18
91 95 1 11
91 96 1 33
91 97 1 17
91 98 1 23
91 99 1 13
91 100 1 64
92 93 1 47
92 94 1 48
92 95 1 47
92 96 1 45
92 97 1 21
92 98 1 19
92 99 1 46
92 100 1 90
93 94 1 34
93 95 1 29
93 96 1 13
93 97 1 18
93 98 1 42
93 99 1 42
93 100 1 38
94 95 1 24
94 96 1 42
94 97 1 20
94 98 1 29
94 99 1 28
94 100 1 50
95 96 1 45
95 97 1 16
95 98 1 10
95 99 1 42
95 100 1 70
96 97 1 20
96 98 1 37
96 99 1 46
96 100 1 40
97 98 1 30
97 99 1 22
97 100 1 70
98 99 1 12
98 100 1 42
99 100 1 74

1 2 2 97
1 3 2 52
1 4 2 90
1 5 2 78
1 6 2 35
1 7 2 75
1 8 2 30
1 9 2 49
1 10 2 32
1 11 2 36
1 12 2 89
1 13 2 38
2 3 2 27
2 4 2 18
2 5 2 15
2 6 2 11
2 7 2 40
2 8 2 43
2 9 2 42
2 10 2 32
2 11 2 21
2 12 2 37
2 13 2 32
2 14 2 32
2 15 2 77
2 16 2 84
2 17 2 86
2 18 2 37
2 19 2 42
2 20 2 47
2 21 2 39
2 22 2 91
2 23 2 72
3 4 2 17
3 5 2 46
3 6 2 12
3 7 2 43
3 8 2 22
3 9 2 17
3 10 2 22
3 11 2 14
3 12 2 32
3 13 2 34
3 14 2 79
3 15 2 61
3 16 2 77
3 17 2 31
3 18 2 64
3 19 2 61
3 20 2 94
3 21 2 30
3 22 2 50
3 23 2 34
4 5 2 17
4 6 2 34
4 7 2 50
4 8 2 48
4 9 2 22
4 10 2 34
4 11 2 33
4 12 2 28
4 13 2 39
4 14 2 58
4 15 2 58
4 16 2 97
4 17 2 63
4 18 2 46
4 19 2 48
4 20 2 57
4 21 2 56
4 22 2 93
4 23 2 84
5 6 2 13
5 7 2 35
5 8 2 42
5 9 2 38
5 10 2 39
5 11 2 47
5 12 2 12
5 13 2 35
5 14 2 81
5 15 2 41
5 16 2 100
5 17 2 74
5 18 2 35
5 19 2 93
5 20 2 63
5 21 2 65
5 22 2 99
5 23 2 92
6 7 2 32
6 8 2 42
6 9 2 44
6 10 2 40
6 11 2 13
6 12 2 43
6 13 2 37
6 14 2 85
6 15 2 57
6 16 2 99
6 17 2 51
6 18 2 69
6 19 2 85
6 20 2 48
6 21 2 65
6 22 2 60
6 23 2 31
7 8 2 20
7 9 2 14
7 10 2 45
7 11 2 49
7 12 2 32
7 13 2 12
7 14 2 63
7 15 2 70
7 16 2 32
7 17 2 97
7 18 2 100
7 19 2 82
7 20 2 69
7 21 2 40
7 22 2 74
7 23 2 34
8 9 2 48
8 10 2 35
8 11 2 21
8 12 2 36
8 13 2 15
8 14 2 82
8 15 2 87
8 16 2 93
8 17 2 63
8 18 2 90
8 19 2 49
8 20 2 88
8 21 2 76
8 22 2 98
8 23 2 54
9 10 2 30
9 11 2 29
9 12 2 20
9 13 2 41
9 14 2 89
9 15 2 71
9 16 2 54
9 17 2 53
9 18 2 33
9 19 2 46
9 20 2 78
9 21 2 69
9 22 2 95
9 23 2 36
10 11 2 24
10 12 2 41
10 13 2 10
10 14 2 56
10 15 2 86
10 16 2 94
10 17 2 91
10 18 2 82
10 19 2 58
10 20 2 44
10 21 2 95
10 22 2 85
10 23 2 38
11 12 2 29
11 13 2 16
11 14 2 73
11 15 2 45
11 16 2 48
11 17 2 40
11 18 2 45
11 19 2 72
11 20 2 44
11 21 2 49
11 22 2 60
11 23 2 87
12 13 2 44
12 14 2 95
12 15 2 45
12 16 2 95
12 17 2 86
12 18 2 33
12 19 2 71
12 20 2 72
12 21 2 64
12 22 2 90
12 23 2 81
13 14 2 45
13 15 2 67
13 16 2 38
13 17 2 83
13 18 2 82
13 19 2 39
13 20 2 65
13 21 2 34
13 22 2 51
13 23 2 72
14 15 2 41
14 16 2 48
14 17 2 15
14 18 2 39
14 19 2 35
14 20 2 47
14 21 2 23
14 22 2 12
14 23 2 20
14 24 2 81
14 25 2 31
14 26 2 34
14 27 2 51
14 28 2 97
14 29 2 95
14 30 2 58
14 31 2 59
14 32 2 70
15 16 2 28
15 17 2 24
15 18 2 48
15 19 2 35
15 20 2 13
15 21 2 35
15 22 2 48
15 23 2 27
15 24 2 80
15 25 2 95
15 26 2 45
15 27 2 86
15 28 2 50
15 29 2 64
15 30 2 66
15 31 2 38
15 32 2 74
16 17 2 46
16 18 2 15
16 19 2 15
16 20 2 35
16 21 2 34
16 22 2 27
16 23 2 25
16 24 2 95
16 25 2 89
16 26 2 38
16 27 2 73
16 28 2 39
16 29 2 78
16 30 2 51
16 31 2 72
16 32 2 39
17 18 2 37
17 19 2 23
17 20 2 29
17 21 2 45
17 22 2 49
17 23 2 19
17 24 2 56
17 25 2 57
17 26 2 88
17 27 2 72
17 28 2 57
17 29 2 65
17 30 2 51
17 31 2 98
17 32 2 56
18 19 2 18
18 20 2 34
18 21 2 49
18 22 2 43
18 23 2 13
18 24 2 45
18 25 2 64
18 26 2 78
18 27 2 55
18 28 2 99
18 29 2 90
18 30 2 59
18 31 2 70
18 32 2 83
19 20 2 16
19 21 2 11
19 22 2 13
19 23 2 40
19 24 2 31
19 25 2 94
19 26 2 71
19 27 2 39
19 28 2 74
19 29 2 96
19 30 2 89
19 31 2 35
19 32 2 67
20 21 2 43
20 22 2 36
20 23 2 46
20 24 2 73
20 25 2 48
20 26 2 70
20 27 2 37
20 28 2 57
20 29 2 55
20 30 2 87
20 31 2 81
20 32 2 44
21 22 2 26
21 23 2 32
21 24 2 52
21 25 2 67
21 26 2 37
21 27 2 86
21 28 2 44
21 29 2 83
21 30 2 54
21 31 2 89
21 32 2 58
22 23 2 39
22 24 2 89
22 25 2 86
22 26 2 40
22 27 2 76
22 28 2 46
22 29 2 71
22 30 2 43
22 31 2 80
22 32 2 90
23 24 2 36
23 25 2 78
23 26 2 90
23 27 2 40
23 28 2 98
23 29 2 56
23 30 2 72
23 31 2 79
23 32 2 79
24 25 2 38
24 26 2 28
24 27 2 43
24 28 2 24
24 29 2 11
24 30 2 42
24 31 2 10
24 32 2 20
24 33 2 81
24 34 2 57
24 35 2 96
24 36 2 72
24 37 2 50
24 38 2 48
24 39 2 35
24 40 2 34
25 26 2 10
25 27 2 36
25 28 2 47
25 29 2 17
25 30 2 43
25 31 2 31
25 32 2 32
25 33 2 61
25 34 2 66
25 35 2 95
25 36 2 55
25 37 2 61
25 38 2 87
25 39 2 33
25 40 2 82
26 27 2 11
26 28 2 25
26 29 2 31
26 30 2 44
26 31 2 13
26 32 2 22
26 33 2 75
26 34 2 66
26 35 2 90
26 36 2 88
26 37 2 30
26 38 2 76
26 39 2 39
26 40 2 45
27 28 2 12
27 29 2 44
27 30 2 24
27 31 2 30
27 32 2 49
27 33 2 77
27 34 2 70
27 35 2 96
27 36 2 99
27 37 2 71
27 38 2 32
27 39 2 67
27 40 2 61
28 29 2 26
28 30 2 19
28 31 2 28
28 32 2 48
28 33 2 30
28 34 2 61
28 35 2 76
28 36 2 96
28 37 2 46
28 38 2 35
28 39 2 32
28 40 2 71
29 30 2 20
29 31 2 25
29 32 2 44
29 33 2 99
29 34 2 31
29 35 2 66
29 36 2 57
29 37 2 74
29 38 2 73
29 39 2 75
29 40 2 67
30 31 2 11
30 32 2 42
30 33 2 91
30 34 2 40
30 35 2 77
30 36 2 50
30 37 2 55
30 38 2 54
30 39 2 64
30 40 2 58
31 32 2 49
31 33 2 32
31 34 2 71
31 35 2 64
31 36 2 77
31 37 2 59
31 38 2 82
31 39 2 66
31 40 2 92
32 33 2 49
32 34 2 62
32 35 2 90
32 36 2 57
32 37 2 65
32 38 2 39
32 39 2 37
32 40 2 92
33 34 2 39
33 35 2 44
33 36 2 21
33 37 2 12
33 38 2 26
33 39 2 28
33 40 2 31
33 41 2 56
33 42 2 86
33 43 2 73
33 44 2 30
33 45 2 65
33 46 2 75
33 47 2 43
33 48 2 34
33 49 2 68
33 50 2 30
34 35 2 38
34 36 2 49
34 37 2 28
34 38 2 43
34 39 2 26
34 40 2 18
34 41 2 81
34 42 2 32
34 43 2 34
34 44 2 97
34 45 2 37
34 46 2 46
34 47 2 59
34 48 2 69
34 49 2 89
34 50 2 87
35 36 2 17
35 37 2 29
35 38 2 45
35 39 2 42
35 40 2 32
35 41 2 61
35 42 2 66
35 43 2 34
35 44 2 80
35 45 2 78
35 46 2 95
35 47 2 86
35 48 2 60
35 49 2 72
35 50 2 99
36 37 2 32
36 38 2 33
36 39 2 44
36 40 2 23
36 41 2 38
36 42 2 62
36 43 2 76
36 44 2 66
36 45 2 62
36 46 2 30
36 47 2 44
36 48 2 90
36 49 2 33
36 50 2 64
37 38 2 38
37 39 2 45
37 40 2 33
37 41 2 56
37 42 2 30
37 43 2 52
37 44 2 83
37 45 2 57
37 46 2 47
37 47 2 66
37 48 2 60
37 49 2 46
37 50 2 46
38 39 2 24
38 40 2 35
38 41 2 68
38 42 2 54
38 43 2 59
38 44 2 46
38 45 2 55
38 46 2 70
38 47 2 65
38 48 2 35
38 49 2 55
38 50 2 60
39 40 2 48
39 41 2 82
39 42 2 30
39 43 2 31
39 44 2 33
39 45 2 62
39 46 2 51
39 47 2 40
39 48 2 42
39 49 2 96
39 50 2 39
40 41 2 44
40 42 2 73
40 43 2 100
40 44 2 85
40 45 2 33
40 46 2 35
40 47 2 74
40 48 2 34
40 49 2 99
40 50 2 68
41 42 2 12
41 43 2 20
41 44 2 27
41 45 2 14
41 46 2 18
41 47 2 12
41 48 2 11
41 49 2 16
41 50 2 35
41 51 2 71
41 52 2 90
41 53 2 44
41 54 2 40
41 55 2 35
41 56 2 74
41 57 2 55
41 58 2 71
41 59 2 91
42 43 2 24
42 44 2 14
42 45 2 39
42 46 2 23
42 47 2 14
42 48 2 15
42 49 2 48
42 50 2 10
42 51 2 52
42 52 2 90
42 53 2 38
42 54 2 30
42 55 2 96
42 56 2 45
42 57 2 40
42 58 2 65
42 59 2 64
43 44 2 22
43 45 2 36
43 46 2 48
43 47 2 29
43 48 2 25
43 49 2 26
43 50 2 33
43 51 2 93
43 52 2 48
43 53 2 48
43 54 2 61
43 55 2 82
43 56 2 68
43 57 2 68
43 58 2 88
43 59 2 74
44 45 2 44
44 46 2 12
44 47 2 40
44 48 2 37
44 49 2 45
44 50 2 41
44 51 2 80
44 52 2 73
44 53 2 59
44 54 2 76
44 55 2 58
44 56 2 81
44 57 2 30
44 58 2 48
44 59 2 59
45 46 2 43
45 47 2 50
45 48 2 48
45 49 2 32
45 50 2 31
45 51 2 73
45 52 2 92
45 53 2 45
45 54 2 44
45 55 2 51
45 56 2 94
45 57 2 85
45 58 2 43
45 59 2 72
46 47 2 25
46 48 2 48
46 49 2 24
46 50 2 16
46 51 2 100
46 52 2 33
46 53 2 37
46 54 2 44
46 55 2 91
46 56 2 57
46 57 2 80
46 58 2 98
46 59 2 54
47 48 2 13
47 49 2 28
47 50 2 34
47 51 2 93
47 52 2 72
47 53 2 64
47 54 2 50
47 55 2 71
47 56 2 45
47 57 2 75
47 58 2 93
47 59 2 93
48 49 2 44
48 50 2 11
48 51 2 52
48 52 2 85
48 53 2 33
48 54 2 72
48 55 2 80
48 56 2 76
48 57 2 80
48 58 2 85
48 59 2 89
49 50 2 49
49 51 2 52
49 52 2 90
49 53 2 94
49 54 2 64
49 55 2 67
49 56 2 60
49 57 2 67
49 58 2 80
49 59 2 57
50 51 2 91
50 52 2 80
50 53 2 88
50 54 2 79
50 55 2 58
50 56 2 40
50 57 2 84
50 58 2 41
50 59 2 47
51 52 2 10
51 53 2 19
51 54 2 26
51 55 2 34
51 56 2 45
51 57 2 29
51 58 2 29
51 59 2 10
51 60 2 92
51 61 2 94
51 62 2 38
51 63 2 36
51 64 2 32
51 65 2 40
51 66 2 44
51 67 2 49
51 68 2 39
52 53 2 48
52 54 2 10
52 55 2 22
52 56 2 40
52 57 2 24
52 58 2 12
52 59 2 46
52 60 2 78
52 61 2 59
52 62 2 77
52 63 2 77
52 64 2 94
52 65 2 62
52 66 2 95
52 67 2 37
52 68 2 53
53 54 2 21
53 55 2 49
53 56 2 30
53 57 2 42
53 58 2 37
53 59 2 41
53 60 2 62
53 61 2 64
53 62 2 40
53 63 2 96
53 64 2 55
53 65 2 100
53 66 2 74
53 67 2 37
53 68 2 62
54 55 2 38
54 56 2 11
54 57 2 15
54 58 2 13
54 59 2 49
54 60 2 83
54 61 2 52
54 62 2 53
54 63 2 56
54 64 2 89
54 65 2 89
54 66 2 76
54 67 2 31
54 68 2 92
55 56 2 14
55 57 2 25
55 58 2 45
55 59 2 27
55 60 2 31
55 61 2 39
55 62 2 66
55 63 2 93
55 64 2 70
55 65 2 53
55 66 2 39
55 67 2 96
55 68 2 85
56 57 2 33
56 58 2 33
56 59 2 34
56 60 2 59
56 61 2 65
56 62 2 65
56 63 2 73
56 64 2 91
56 65 2 53
56 66 2 81
56 67 2 66
56 68 2 95
57 58 2 27
57 59 2 32
57 60 2 80
57 61 2 74
57 62 2 84
57 63 2 43
57 64 2 50
57 65 2 81
57 66 2 61
57 67 2 71
57 68 2 72
58 59 2 36
58 60 2 77
58 61 2 82
58 62 2 56
58 63 2 78
58 64 2 72
58 65 2 45
58 66 2 77
58 67 2 72
58 68 2 96
59 60 2 39
59 61 2 50
59 62 2 53
59 63 2 44
59 64 2 65
59 65 2 31
59 66 2 94
59 67 2 45
59 68 2 38
60 61 2 25
60 62 2 30
60 63 2 25
60 64 2 12
60 65 2 50
60 66 2 23
60 67 2 26
60 68 2 41
60 69 2 84
60 70 2 42
60 71 2 87
60 72 2 43
60 73 2 60
60 74 2 69
60 75 2 57
60 76 2 95
60 77 2 44
61 62 2 39
61 63 2 23
61 64 2 40
61 65 2 25
61 66 2 11
61 67 2 32
61 68 2 20
61 69 2 91
61 70 2 49
61 71 2 97
61 72 2 97
61 73 2 92
61 74 2 87
61 75 2 96
61 76 2 63
61 77 2 39
62 63 2 26
62 64 2 20
62 65 2 16
62 66 2 18
62 67 2 25
62 68 2 35
62 69 2 87
62 70 2 56
62 71 2 60
62 72 2 95
62 73 2 100
62 74 2 91
62 75 2 50
62 76 2 69
62 77 2 98
63 64 2 26
63 65 2 29
63 66 2 19
63 67 2 13
63 68 2 29
63 69 2 61
63 70 2 49
63 71 2 86
63 72 2 66
63 73 2 31
63 74 2 48
63 75 2 67
63 76 2 58
63 77 2 49
64 65 2 48
64 66 2 36
64 67 2 17
64 68 2 31
64 69 2 34
64 70 2 94
64 71 2 77
64 72 2 42
64 73 2 37
64 74 2 33
64 75 2 74
64 76 2 89
64 77 2 82
65 66 2 27
65 67 2 26
65 68 2 47
65 69 2 85
65 70 2 52
65 71 2 82
65 72 2 66
65 73 2 68
65 74 2 69
65 75 2 86
65 76 2 64
65 77 2 43
66 67 2 12
66 68 2 30
66 69 2 41
66 70 2 80
66 71 2 79
66 72 2 94
66 73 2 47
66 74 2 35
66 75 2 58
66 76 2 81
66 77 2 52
67 68 2 10
67 69 2 50
67 70 2 75
67 71 2 41
67 72 2 86
67 73 2 54
67 74 2 69
67 75 2 57
67 76 2 90
67 77 2 66
68 69 2 61
68 70 2 78
68 71 2 86
68 72 2 45
68 73 2 42
68 74 2 33
68 75 2 89
68 76 2 44
68 77 2 88
69 70 2 17
69 71 2 15
69 72 2 17
69 73 2 35
69 74 2 39
69 75 2 41
69 76 2 41
69 77 2 42
69 78 2 71
69 79 2 43
69 80 2 74
69 81 2 32
69 82 2 95
69 83 2 40
69 84 2 87
69 85 2 52
69 86 2 45
69 87 2 44
69 88 2 42
69 89 2 91
70 71 2 43
70 72 2 49
70 73 2 38
70 74 2 47
70 75 2 33
70 76 2 36
70 77 2 17
70 78 2 78
70 79 2 35
70 80 2 53
70 81 2 68
70 82 2 97
70 83 2 78
70 84 2 67
70 85 2 51
70 86 2 75
70 87 2 72
70 88 2 88
70 89 2 55
71 72 2 22
71 73 2 28
71 74 2 39
71 75 2 40
71 76 2 10
71 77 2 42
71 78 2 43
71 79 2 54
71 80 2 58
71 81 2 86
71 82 2 88
71 83 2 56
71 84 2 83
71 85 2 63
71 86 2 34
71 87 2 97
71 88 2 45
71 89 2 93
72 73 2 26
72 74 2 36
72 75 2 37
72 76 2 11
72 77 2 40
72 78 2 71
72 79 2 36
72 80 2 92
72 81 2 64
72 82 2 78
72 83 2 58
72 84 2 60
72 85 2 68
72 86 2 42
72 87 2 32
72 88 2 40
72 89 2 99
73 74 2 26
73 75 2 19
73 76 2 40
73 77 2 17
73 78 2 32
73 79 2 34
73 80 2 92
73 81 2 77
73 82 2 89
73 83 2 84
73 84 2 32
73 85 2 32
73 86 2 38
73 87 2 80
73 88 2 73
73 89 2 36
74 75 2 46
74 76 2 22
74 77 2 34
74 78 2 30
74 79 2 84
74 80 2 80
74 81 2 67
74 82 2 80
74 83 2 54
74 84 2 81
74 85 2 62
74 86 2 43
74 87 2 48
74 88 2 56
74 89 2 66
75 76 2 48
75 77 2 22
75 78 2 49
75 79 2 62
75 80 2 80
75 81 2 31
75 82 2 49
75 83 2 68
75 84 2 47
75 85 2 91
75 86 2 86
75 87 2 50
75 88 2 100
75 89 2 79
76 77 2 42
76 78 2 96
76 79 2 35
76 80 2 98
76 81 2 50
76 82 2 63
76 83 2 69
76 84 2 33
76 85 2 76
76 86 2 79
76 87 2 68
76 88 2 84
76 89 2 54
77 78 2 77
77 79 2 98
77 80 2 69
77 81 2 64
77 82 2 62
77 83 2 39
77 84 2 32
77 85 2 68
77 86 2 93
77 87 2 65
77 88 2 65
77 89 2 50
78 79 2 20
78 80 2 36
78 81 2 29
78 82 2 32
78 83 2 21
78 84 2 43
78 85 2 17
78 86 2 23
78 87 2 46
78 88 2 45
78 89 2 47
78 90 2 77
78 91 2 65
78 92 2 96
78 93 2 81
78 94 2 82
78 95 2 87
78 96 2 89
78 97 2 31
78 98 2 100
78 99 2 75
79 80 2 35
79 81 2 44
79 82 2 22
79 83 2 19
79 84 2 35
79 85 2 38
79 86 2 19
79 87 2 25
79 88 2 43
79 89 2 40
79 90 2 54
79 91 2 54
79 92 2 30
79 93 2 50
79 94 2 93
79 95 2 54
79 96 2 39
79 97 2 87
79 98 2 83
79 99 2 52
80 81 2 43
80 82 2 50
80 83 2 17
80 84 2 45
80 85 2 27
80 86 2 30
80 87 2 33
80 88 2 44
80 89 2 31
80 90 2 79
80 91 2 35
80 92 2 75
80 93 2 86
80 94 2 50
80 95 2 67
80 96 2 35
80 97 2 71
80 98 2 51
80 99 2 98
81 82 2 17
81 83 2 25
81 84 2 27
81 85 2 41
81 86 2 26
81 87 2 31
81 88 2 45
81 89 2 33
81 90 2 83
81 91 2 72
81 92 2 91
81 93 2 78
81 94 2 53
81 95 2 30
81 96 2 36
81 97 2 44
81 98 2 40
81 99 2 43
82 83 2 33
82 84 2 50
82 85 2 24
82 86 2 49
82 87 2 10
82 88 2 10
82 89 2 35
82 90 2 31
82 91 2 51
82 92 2 40
82 93 2 39
82 94 2 92
82 95 2 54
82 96 2 36
82 97 2 58
82 98 2 83
82 99 2 45
83 84 2 35
83 85 2 48
83 86 2 44
83 87 2 47
83 88 2 12
83 89 2 46
83 90 2 67
83 91 2 57
83 92 2 89
83 93 2 37
83 94 2 77
83 95 2 40
83 96 2 93
83 97 2 54
83 98 2 38
83 99 2 95
84 85 2 40
84 86 2 46
84 87 2 20
84 88 2 28
84 89 2 42
84 90 2 61
84 91 2 60
84 92 2 76
84 93 2 45
84 94 2 89
84 95 2 96
84 96 2 47
84 97 2 30
84 98 2 77
84 99 2 93
85 86 2 19
85 87 2 36
85 88 2 22
85 89 2 50
85 90 2 100
85 91 2 76
85 92 2 66
85 93 2 89
85 94 2 32
85 95 2 74
85 96 2 64
85 97 2 90
85 98 2 40
85 99 2 42
86 87 2 28
86 88 2 16
86 89 2 10
86 90 2 80
86 91 2 84
86 92 2 82
86 93 2 91
86 94 2 86
86 95 2 68
86 96 2 37
86 97 2 100
86 98 2 36
86 99 2 38
87 88 2 26
87 89 2 12
87 90 2 31
87 91 2 91
87 92 2 69
87 93 2 55
87 94 2 93
87 95 2 49
87 96 2 72
87 97 2 46
87 98 2 68
87 99 2 39
88 89 2 49
88 90 2 60
88 91 2 38
88 92 2 33
88 93 2 86
88 94 2 54
88 95 2 36
88 96 2 68
88 97 2 61
88 98 2 87
88 99 2 69
89 90 2 83
89 91 2 47
89 92 2 79
89 93 2 66
89 94 2 52
89 95 2 35
89 96 2 67
89 97 2 52
89 98 2 70
89 99 2 58
90 91 2 12
90 92 2 35
90 93 2 41
90 94 2 22
90 95 2 41
90 96 2 23
90 97 2 50
90 98 2 10
90 99 2 30
90 100 2 69
91 92 2 19
91 93 2 11
91 94 2 50
91 95 2 23
91 96 2 20
91 97 2 28
91 98 2 22
91 99 2 16
91 100 2 72
92 93 2 27
92 94 2 17
92 95 2 40
92 96 2 14
92 97 2 46
92 98 2 16
92 99 2 19
92 100 2 39
93 94 2 12
93 95 2 40
93 96 2 46
93 97 2 30
93 98 2 19
93 99 2 48
93 100 2 38
94 95 2 49
94 96 2 30
94 97 2 15
94 98 2 26
94 99 2 20
94 100 2 78
95 96 2 35
95 97 2 26
95 98 2 37
95 99 2 43
95 100 2 64
96 97 2 15
96 98 2 36
96 99 2 47
96 100 2 42
97 98 2 48
97 99 2 35
97 100 2 99
98 99 2 49
98 100 2 68
99 100 2 94

1 2 3 91
1 3 3 47
1 4 3 98
1 5 3 37
1 6 3 82
1 7 3 65
1 8 3 85
1 9 3 63
1 10 3 54
1 11 3 31
1 12 3 93
1 13 3 89
2 3 3 12
2 4 3 27
2 5 3 13
2 6 3 48
2 7 3 45
2 8 3 38
2 9 3 35
2 10 3 17
2 11 3 21
2 12 3 49
2 13 3 18
2 14 3 71
2 15 3 83
2 16 3 70
2 17 3 45
2 18 3 82
2 19 3 35
2 20 3 58
2 21 3 56
2 22 3 46
2 23 3 83
3 4 3 30
3 5 3 32
3 6 3 50
3 7 3 16
3 8 3 35
3 9 3 18
3 10 3 48
3 11 3 20
3 12 3 45
3 13 3 32
3 14 3 93
3 15 3 99
3 16 3 40
3 17 3 38
3 18 3 60
3 19 3 47
3 20 3 32
3 21 3 76
3 22 3 53
3 23 3 37
4 5 3 44
4 6 3 30
4 7 3 18
4 8 3 22
4 9 3 43
4 10 3 18
4 11 3 29
4 12 3 37
4 13 3 24
4 14 3 93
4 15 3 75
4 16 3 62
4 17 3 73
4 18 3 71
4 19 3 44
4 20 3 41
4 21 3 84
4 22 3 84
4 23 3 91
5 6 3 24
5 7 3 18
5 8 3 28
5 9 3 43
5 10 3 33
5 11 3 43
5 12 3 47
5 13 3 41
5 14 3 47
5 15 3 51
5 16 3 69
5 17 3 50
5 18 3 84
5 19 3 60
5 20 3 94
5 21 3 49
5 22 3 81
5 23 3 38
6 7 3 28
6 8 3 19
6 9 3 39
6 10 3 38
6 11 3 33
6 12 3 38
6 13 3 21
6 14 3 44
6 15 3 55
6 16 3 95
6 17 3 69
6 18 3 53
6 19 3 100
6 20 3 39
6 21 3 30
6 22 3 71
6 23 3 35
7 8 3 17
7 9 3 44
7 10 3 34
7 11 3 34
7 12 3 42
7 13 3 33
7 14 3 56
7 15 3 83
7 16 3 50
7 17 3 45
7 18 3 62
7 19 3 54
7 20 3 73
7 21 3 70
7 22 3 65
7 23 3 63
8 9 3 12
8 10 3 45
8 11 3 42
8 12 3 39
8 13 3 35
8 14 3 73
8 15 3 83
8 16 3 75
8 17 3 96
8 18 3 55
8 19 3 66
8 20 3 46
8 21 3 61
8 22 3 73
8 23 3 66
9 10 3 18
9 11 3 43
9 12 3 39
9 13 3 20
9 14 3 54
9 15 3 86
9 16 3 44
9 17 3 43
9 18 3 56
9 19 3 99
9 20 3 61
9 21 3 99
9 22 3 36
9 23 3 86
10 11 3 25
10 12 3 49
10 13 3 14
10 14 3 92
10 15 3 86
10 16 3 91
10 17 3 83
10 18 3 67
10 19 3 57
10 20 3 31
10 21 3 80
10 22 3 95
10 23 3 61
11 12 3 33
11 13 3 19
11 14 3 67
11 15 3 91
11 16 3 98
11 17 3 99
11 18 3 55
11 19 3 78
11 20 3 88
11 21 3 55
11 22 3 30
11 23 3 63
12 13 3 47
12 14 3 81
12 15 3 46
12 16 3 95
12 17 3 96
12 18 3 62
12 19 3 47
12 20 3 91
12 21 3 58
12 22 3 52
12 23 3 76
13 14 3 77
13 15 3 45
13 16 3 49
13 17 3 58
13 18 3 47
13 19 3 78
13 20 3 60
13 21 3 87
13 22 3 92
13 23 3 67
14 15 3 43
14 16 3 40
14 17 3 49
14 18 3 10
14 19 3 24
14 20 3 46
14 21 3 20
14 22 3 19
14 23 3 19
14 24 3 81
14 25 3 36
14 26 3 58
14 27 3 87
14 28 3 36
14 29 3 33
14 30 3 62
14 31 3 82
14 32 3 89
15 16 3 22
15 17 3 19
15 18 3 25
15 19 3 36
15 20 3 19
15 21 3 50
15 22 3 49
15 23 3 18
15 24 3 60
15 25 3 99
15 26 3 39
15 27 3 68
15 28 3 100
15 29 3 91
15 30 3 92
15 31 3 59
15 32 3 52
16 17 3 21
16 18 3 16
16 19 3 17
16 20 3 22
16 21 3 38
16 22 3 14
16 23 3 10
16 24 3 32
16 25 3 84
16 26 3 58
16 27 3 34
16 28 3 86
16 29 3 81
16 30 3 73
16 31 3 39
16 32 3 82
17 18 3 43
17 19 3 34
17 20 3 48
17 21 3 20
17 22 3 36
17 23 3 10
17 24 3 62
17 25 3 91
17 26 3 99
17 27 3 81
17 28 3 80
17 29 3 87
17 30 3 56
17 31 3 51
17 32 3 79
18 19 3 15
18 20 3 46
18 21 3 11
18 22 3 48
18 23 3 17
18 24 3 31
18 25 3 81
18 26 3 37
18 27 3 66
18 28 3 100
18 29 3 53
18 30 3 41
18 31 3 58
18 32 3 61
19 20 3 40
19 21 3 11
19 22 3 14
19 23 3 48
19 24 3 50
19 25 3 93
19 26 3 95
19 27 3 46
19 28 3 98
19 29 3 35
19 30 3 74
19 31 3 70
19 32 3 87
20 21 3 17
20 22 3 18
20 23 3 19
20 24 3 58
20 25 3 65
20 26 3 100
20 27 3 35
20 28 3 36
20 29 3 32
20 30 3 60
20 31 3 97
20 32 3 63
21 22 3 39
21 23 3 13
21 24 3 92
21 25 3 40
21 26 3 53
21 27 3 34
21 28 3 34
21 29 3 97
21 30 3 50
21 31 3 83
21 32 3 99
22 23 3 20
22 24 3 38
22 25 3 88
22 26 3 84
22 27 3 46
22 28 3 38
22 29 3 63
22 30 3 67
22 31 3 67
22 32 3 44
23 24 3 39
23 25 3 77
23 26 3 79
23 27 3 41
23 28 3 97
23 29 3 65
23 30 3 53
23 31 3 54
23 32 3 65
24 25 3 43
24 26 3 35
24 27 3 41
24 28 3 50
24 29 3 43
24 30 3 31
24 31 3 26
24 32 3 28
24 33 3 66
24 34 3 50
24 35 3 55
24 36 3 67
24 37 3 45
24 38 3 63
24 39 3 89
24 40 3 100
25 26 3 48
25 27 3 48
25 28 3 32
25 29 3 45
25 30 3 32
25 31 3 47
25 32 3 50
25 33 3 46
25 34 3 75
25 35 3 34
25 36 3 65
25 37 3 33
25 38 3 62
25 39 3 35
25 40 3 46
26 27 3 27
26 28 3 42
26 29 3 25
26 30 3 47
26 31 3 11
26 32 3 22
26 33 3 82
26 34 3 95
26 35 3 60
26 36 3 32
26 37 3 71
26 38 3 38
26 39 3 94
26 40 3 31
27 28 3 19
27 29 3 30
27 30 3 48
27 31 3 12
27 32 3 19
27 33 3 56
27 34 3 39
27 35 3 34
27 36 3 33
27 37 3 36
27 38 3 82
27 39 3 79
27 40 3 88
28 29 3 36
28 30 3 46
28 31 3 18
28 32 3 48
28 33 3 44
28 34 3 71
28 35 3 43
28 36 3 30
28 37 3 52
28 38 3 98
28 39 3 80
28 40 3 93
29 30 3 19
29 31 3 31
29 32 3 19
29 33 3 43
29 34 3 30
29 35 3 61
29 36 3 78
29 37 3 80
29 38 3 57
29 39 3 80
29 40 3 40
30 31 3 42
30 32 3 15
30 33 3 99
30 34 3 61
30 35 3 77
30 36 3 60
30 37 3 86
30 38 3 59
30 39 3 36
30 40 3 48
31 32 3 39
31 33 3 74
31 34 3 61
31 35 3 79
31 36 3 91
31 37 3 35
31 38 3 60
31 39 3 57
31 40 3 34
32 33 3 83
32 34 3 70
32 35 3 46
32 36 3 60
32 37 3 82
32 38 3 61
32 39 3 87
32 40 3 43
33 34 3 26
33 35 3 41
33 36 3 17
33 37 3 25
33 38 3 41
33 39 3 45
33 40 3 26
33 41 3 44
33 42 3 73
33 43 3 64
33 44 3 60
33 45 3 89
33 46 3 95
33 47 3 38
33 48 3 84
33 49 3 31
33 50 3 46
34 35 3 35
34 36 3 45
34 37 3 50
34 38 3 38
34 39 3 36
34 40 3 33
34 41 3 61
34 42 3 91
34 43 3 53
34 44 3 36
34 45 3 51
34 46 3 66
34 47 3 30
34 48 3 53
34 49 3 68
34 50 3 75
35 36 3 39
35 37 3 46
35 38 3 42
35 39 3 18
35 40 3 42
35 41 3 38
35 42 3 60
35 43 3 77
35 44 3 36
35 45 3 95
35 46 3 94
35 47 3 94
35 48 3 67
35 49 3 52
35 50 3 32
36 37 3 16
36 38 3 32
36 39 3 37
36 40 3 40
36 41 3 56
36 42 3 36
36 43 3 39
36 44 3 100
36 45 3 35
36 46 3 74
36 47 3 41
36 48 3 37
36 49 3 53
36 50 3 100
37 38 3 26
37 39 3 45
37 40 3 14
37 41 3 64
37 42 3 50
37 43 3 84
37 44 3 83
37 45 3 58
37 46 3 50
37 47 3 97
37 48 3 41
37 49 3 86
37 50 3 49
38 39 3 44
38 40 3 19
38 41 3 48
38 42 3 35
38 43 3 96
38 44 3 81
38 45 3 92
38 46 3 44
38 47 3 31
38 48 3 87
38 49 3 48
38 50 3 53
39 40 3 28
39 41 3 39
39 42 3 63
39 43 3 74
39 44 3 87
39 45 3 92
39 46 3 49
39 47 3 69
39 48 3 75
39 49 3 60
39 50 3 91
40 41 3 56
40 42 3 92
40 43 3 45
40 44 3 58
40 45 3 34
40 46 3 94
40 47 3 42
40 48 3 43
40 49 3 91
40 50 3 50
41 42 3 26
41 43 3 47
41 44 3 14
41 45 3 26
41 46 3 27
41 47 3 16
41 48 3 21
41 49 3 29
41 50 3 12
41 51 3 87
41 52 3 40
41 53 3 52
41 54 3 61
41 55 3 61
41 56 3 52
41 57 3 52
41 58 3 53
41 59 3 68
42 43 3 39
42 44 3 10
42 45 3 49
42 46 3 30
42 47 3 23
42 48 3 32
42 49 3 43
42 50 3 50
42 51 3 70
42 52 3 86
42 53 3 97
42 54 3 32
42 55 3 35
42 56 3 58
42 57 3 67
42 58 3 41
42 59 3 42
43 44 3 43
43 45 3 29
43 46 3 41
43 47 3 43
43 48 3 45
43 49 3 20
43 50 3 50
43 51 3 60
43 52 3 46
43 53 3 58
43 54 3 42
43 55 3 35
43 56 3 78
43 57 3 65
43 58 3 93
43 59 3 37
44 45 3 41
44 46 3 47
44 47 3 32
44 48 3 40
44 49 3 14
44 50 3 29
44 51 3 83
44 52 3 61
44 53 3 52
44 54 3 52
44 55 3 38
44 56 3 35
44 57 3 100
44 58 3 77
44 59 3 70
45 46 3 20
45 47 3 22
45 48 3 13
45 49 3 49
45 50 3 25
45 51 3 73
45 52 3 83
45 53 3 35
45 54 3 65
45 55 3 80
45 56 3 77
45 57 3 43
45 58 3 69
45 59 3 40
46 47 3 45
46 48 3 33
46 49 3 17
46 50 3 12
46 51 3 63
46 52 3 84
46 53 3 78
46 54 3 68
46 55 3 94
46 56 3 35
46 57 3 47
46 58 3 89
46 59 3 40
47 48 3 32
47 49 3 34
47 50 3 41
47 51 3 67
47 52 3 92
47 53 3 50
47 54 3 74
47 55 3 92
47 56 3 79
47 57 3 72
47 58 3 45
47 59 3 51
48 49 3 26
48 50 3 30
48 51 3 54
48 52 3 100
48 53 3 33
48 54 3 30
48 55 3 41
48 56 3 77
48 57 3 81
48 58 3 75
48 59 3 80
49 50 3 36
49 51 3 48
49 52 3 71
49 53 3 90
49 54 3 64
49 55 3 75
49 56 3 82
49 57 3 68
49 58 3 99
49 59 3 59
50 51 3 93
50 52 3 57
50 53 3 39
50 54 3 89
50 55 3 57
50 56 3 52
50 57 3 59
50 58 3 82
50 59 3 64
51 52 3 10
51 53 3 13
51 54 3 38
51 55 3 18
51 56 3 30
51 57 3 20
51 58 3 33
51 59 3 49
51 60 3 44
51 61 3 40
51 62 3 82
51 63 3 85
51 64 3 87
51 65 3 51
51 66 3 50
51 67 3 77
51 68 3 34
52 53 3 23
52 54 3 35
52 55 3 32
52 56 3 45
52 57 3 49
52 58 3 31
52 59 3 26
52 60 3 59
52 61 3 88
52 62 3 36
52 63 3 38
52 64 3 74
52 65 3 83
52 66 3 86
52 67 3 88
52 68 3 38
53 54 3 25
53 55 3 49
53 56 3 42
53 57 3 25
53 58 3 38
53 59 3 29
53 60 3 52
53 61 3 75
53 62 3 60
53 63 3 67
53 64 3 45
53 65 3 39
53 66 3 71
53 67 3 95
53 68 3 93
54 55 3 13
54 56 3 48
54 57 3 15
54 58 3 10
54 59 3 37
54 60 3 46
54 61 3 39
54 62 3 52
54 63 3 60
54 64 3 81
54 65 3 92
54 66 3 44
54 67 3 86
54 68 3 87
55 56 3 17
55 57 3 10
55 58 3 41
55 59 3 33
55 60 3 81
55 61 3 34
55 62 3 37
55 63 3 45
55 64 3 62
55 65 3 90
55 66 3 81
55 67 3 76
55 68 3 32
56 57 3 50
56 58 3 11
56 59 3 37
56 60 3 68
56 61 3 95
56 62 3 85
56 63 3 69
56 64 3 74
56 65 3 97
56 66 3 33
56 67 3 43
56 68 3 36
57 58 3 24
57 59 3 34
57 60 3 87
57 61 3 86
57 62 3 69
57 63 3 30
57 64 3 94
57 65 3 56
57 66 3 32
57 67 3 65
57 68 3 61
58 59 3 46
58 60 3 40
58 61 3 84
58 62 3 39
58 63 3 58
58 64 3 57
58 65 3 62
58 66 3 46
58 67 3 72
58 68 3 79
59 60 3 69
59 61 3 32
59 62 3 43
59 63 3 45
59 64 3 99
59 65 3 50
59 66 3 50
59 67 3 39
59 68 3 53
60 61 3 26
60 62 3 48
60 63 3 49
60 64 3 23
60 65 3 13
60 66 3 25
60 67 3 15
60 68 3 38
60 69 3 36
60 70 3 55
60 71 3 88
60 72 3 85
60 73 3 46
60 74 3 50
60 75 3 80
60 76 3 92
60 77 3 67
61 62 3 10
61 63 3 24
61 64 3 41
61 65 3 39
61 66 3 24
61 67 3 15
61 68 3 23
61 69 3 37
61 70 3 49
61 71 3 39
61 72 3 45
61 73 3 81
61 74 3 56
61 75 3 54
61 76 3 68
61 77 3 82
62 63 3 22
62 64 3 37
62 65 3 32
62 66 3 17
62 67 3 48
62 68 3 12
62 69 3 44
62 70 3 46
62 71 3 71
62 72 3 80
62 73 3 93
62 74 3 44
62 75 3 86
62 76 3 59
62 77 3 35
63 64 3 37
63 65 3 32
63 66 3 26
63 67 3 13
63 68 3 38
63 69 3 99
63 70 3 85
63 71 3 60
63 72 3 42
63 73 3 50
63 74 3 30
63 75 3 41
63 76 3 82
63 77 3 77
64 65 3 46
64 66 3 27
64 67 3 29
64 68 3 40
64 69 3 47
64 70 3 85
64 71 3 70
64 72 3 99
64 73 3 66
64 74 3 56
64 75 3 92
64 76 3 53
64 77 3 68
65 66 3 23
65 67 3 16
65 68 3 23
65 69 3 80
65 70 3 64
65 71 3 94
65 72 3 38
65 73 3 83
65 74 3 39
65 75 3 92
65 76 3 33
65 77 3 73
66 67 3 27
66 68 3 26
66 69 3 76
66 70 3 44
66 71 3 98
66 72 3 95
66 73 3 85
66 74 3 71
66 75 3 71
66 76 3 91
66 77 3 67
67 68 3 16
67 69 3 32
67 70 3 58
67 71 3 95
67 72 3 36
67 73 3 71
67 74 3 45
67 75 3 99
67 76 3 38
67 77 3 45
68 69 3 99
68 70 3 91
68 71 3 69
68 72 3 97
68 73 3 99
68 74 3 77
68 75 3 40
68 76 3 97
68 77 3 30
69 70 3 13
69 71 3 43
69 72 3 41
69 73 3 34
69 74 3 36
69 75 3 25
69 76 3 23
69 77 3 46
69 78 3 97
69 79 3 42
69 80 3 61
69 81 3 37
69 82 3 56
69 83 3 58
69 84 3 75
69 85 3 66
69 86 3 42
69 87 3 86
69 88 3 51
69 89 3 31
70 71 3 35
70 72 3 45
70 73 3 18
70 74 3 14
70 75 3 28
70 76 3 21
70 77 3 45
70 78 3 35
70 79 3 96
70 80 3 34
70 81 3 70
70 82 3 75
70 83 3 94
70 84 3 38
70 85 3 83
70 86 3 94
70 87 3 45
70 88 3 84
70 89 3 48
71 72 3 35
71 73 3 32
71 74 3 50
71 75 3 30
71 76 3 47
71 77 3 41
71 78 3 94
71 79 3 88
71 80 3 94
71 81 3 73
71 82 3 62
71 83 3 83
71 84 3 33
71 85 3 81
71 86 3 41
71 87 3 82
71 88 3 78
71 89 3 90
72 73 3 26
72 74 3 11
72 75 3 35
72 76 3 23
72 77 3 43
72 78 3 44
72 79 3 47
72 80 3 42
72 81 3 74
72 82 3 93
72 83 3 75
72 84 3 34
72 85 3 32
72 86 3 57
72 87 3 32
72 88 3 38
72 89 3 52
73 74 3 34
73 75 3 39
73 76 3 39
73 77 3 23
73 78 3 75
73 79 3 75
73 80 3 87
73 81 3 42
73 82 3 38
73 83 3 58
73 84 3 64
73 85 3 92
73 86 3 64
73 87 3 48
73 88 3 43
73 89 3 53
74 75 3 41
74 76 3 49
74 77 3 14
74 78 3 54
74 79 3 91
74 80 3 41
74 81 3 32
74 82 3 65
74 83 3 34
74 84 3 48
74 85 3 99
74 86 3 43
74 87 3 88
74 88 3 93
74 89 3 72
75 76 3 31
75 77 3 19
75 78 3 77
75 79 3 87
75 80 3 45
75 81 3 92
75 82 3 77
75 83 3 65
75 84 3 65
75 85 3 53
75 86 3 35
75 87 3 99
75 88 3 42
75 89 3 36
76 77 3 22
76 78 3 73
76 79 3 70
76 80 3 32
76 81 3 77
76 82 3 89
76 83 3 62
76 84 3 78
76 85 3 63
76 86 3 58
76 87 3 52
76 88 3 39
76 89 3 88
77 78 3 55
77 79 3 39
77 80 3 72
77 81 3 38
77 82 3 99
77 83 3 48
77 84 3 89
77 85 3 60
77 86 3 97
77 87 3 82
77 88 3 56
77 89 3 95
78 79 3 24
78 80 3 35
78 81 3 45
78 82 3 50
78 83 3 42
78 84 3 21
78 85 3 19
78 86 3 26
78 87 3 19
78 88 3 38
78 89 3 17
78 90 3 41
78 91 3 51
78 92 3 62
78 93 3 68
78 94 3 57
78 95 3 90
78 96 3 48
78 97 3 66
78 98 3 43
78 99 3 78
79 80 3 25
79 81 3 45
79 82 3 31
79 83 3 34
79 84 3 34
79 85 3 36
79 86 3 22
79 87 3 12
79 88 3 49
79 89 3 44
79 90 3 68
79 91 3 37
79 92 3 100
79 93 3 37
79 94 3 87
79 95 3 52
79 96 3 70
79 97 3 32
79 98 3 88
79 99 3 52
80 81 3 22
80 82 3 15
80 83 3 40
80 84 3 39
80 85 3 43
80 86 3 13
80 87 3 10
80 88 3 40
80 89 3 25
80 90 3 81
80 91 3 61
80 92 3 97
80 93 3 54
80 94 3 63
80 95 3 54
80 96 3 89
80 97 3 53
80 98 3 52
80 99 3 99
81 82 3 25
81 83 3 28
81 84 3 48
81 85 3 11
81 86 3 24
81 87 3 13
81 88 3 25
81 89 3 14
81 90 3 38
81 91 3 51
81 92 3 57
81 93 3 43
81 94 3 48
81 95 3 44
81 96 3 64
81 97 3 79
81 98 3 41
81 99 3 68
82 83 3 48
82 84 3 38
82 85 3 26
82 86 3 42
82 87 3 48
82 88 3 35
82 89 3 41
82 90 3 80
82 91 3 52
82 92 3 35
82 93 3 97
82 94 3 79
82 95 3 58
82 96 3 61
82 97 3 100
82 98 3 73
82 99 3 77
83 84 3 23
83 85 3 43
83 86 3 41
83 87 3 23
83 88 3 12
83 89 3 39
83 90 3 58
83 91 3 92
83 92 3 48
83 93 3 46
83 94 3 56
83 95 3 45
83 96 3 49
83 97 3 92
83 98 3 95
83 99 3 68
84 85 3 44
84 86 3 34
84 87 3 34
84 88 3 42
84 89 3 27
84 90 3 97
84 91 3 66
84 92 3 50
84 93 3 43
84 94 3 36
84 95 3 64
84 96 3 66
84 97 3 38
84 98 3 86
84 99 3 68
85 86 3 22
85 87 3 21
85 88 3 23
85 89 3 19
85 90 3 59
85 91 3 66
85 92 3 61
85 93 3 79
85 94 3 62
85 95 3 70
85 96 3 43
85 97 3 50
85 98 3 54
85 99 3 60
86 87 3 30
86 88 3 38
86 89 3 20
86 90 3 77
86 91 3 37
86 92 3 86
86 93 3 49
86 94 3 63
86 95 3 30
86 96 3 48
86 97 3 69
86 98 3 39
86 99 3 75
87 88 3 45
87 89 3 35
87 90 3 46
87 91 3 69
87 92 3 85
87 93 3 67
87 94 3 74
87 95 3 62
87 96 3 79
87 97 3 33
87 98 3 37
87 99 3 52
88 89 3 10
88 90 3 62
88 91 3 100
88 92 3 89
88 93 3 97
88 94 3 63
88 95 3 72
88 96 3 37
88 97 3 30
88 98 3 82
88 99 3 78
89 90 3 84
89 91 3 44
89 92 3 68
89 93 3 86
89 94 3 35
89 95 3 98
89 96 3 99
89 97 3 30
89 98 3 48
89 99 3 95
90 91 3 47
90 92 3 28
90 93 3 50
90 94 3 45
90 95 3 20
90 96 3 24
90 97 3 37
90 98 3 41
90 99 3 24
90 100 3 44
91 92 3 14
91 93 3 11
91 94 3 16
91 95 3 12
91 96 3 15
91 97 3 14
91 98 3 26
91 99 3 35
91 100 3 40
92 93 3 15
92 94 3 27
92 95 3 11
92 96 3 32
92 97 3 22
92 98 3 34
92 99 3 21
92 100 3 57
93 94 3 14
93 95 3 12
93 96 3 27
93 97 3 20
93 98 3 20
93 99 3 21
93 100 3 86
94 95 3 47
94 96 3 45
94 97 3 43
94 98 3 27
94 99 3 29
94 100 3 42
95 96 3 43
95 97 3 10
95 98 3 34
95 99 3 39
95 100 3 88
96 97 3 50
96 98 3 42
96 99 3 38
96 100 3 36
97 98 3 11
97 99 3 28
97 100 3 94
98 99 3 47
98 100 3 48
99 100 3 74

