1 2 1 46
1 3 1 90
1 4 1 61
1 5 1 99
1 6 1 98
1 7 1 69
1 8 1 96
1 9 1 75
1 10 1 33
1 11 1 70
2 3 1 28
2 4 1 19
2 5 1 22
2 6 1 13
2 7 1 35
2 8 1 40
2 9 1 26
2 10 1 17
2 11 1 21
2 12 1 59
2 13 1 89
2 14 1 56
2 15 1 50
2 16 1 45
2 17 1 96
2 18 1 61
2 19 1 63
2 20 1 71
3 4 1 15
3 5 1 13
3 6 1 15
3 7 1 40
3 8 1 33
3 9 1 46
3 10 1 12
3 11 1 13
3 12 1 66
3 13 1 61
3 14 1 54
3 15 1 47
3 16 1 56
3 17 1 99
3 18 1 34
3 19 1 59
3 20 1 74
4 5 1 41
4 6 1 10
4 7 1 17
4 8 1 29
4 9 1 27
4 10 1 37
4 11 1 38
4 12 1 58
4 13 1 55
4 14 1 99
4 15 1 89
4 16 1 32
4 17 1 37
4 18 1 50
4 19 1 40
4 20 1 53
5 6 1 47
5 7 1 22
5 8 1 40
5 9 1 19
5 10 1 14
5 11 1 17
5 12 1 81
5 13 1 45
5 14 1 96
5 15 1 86
5 16 1 99
5 17 1 45
5 18 1 30
5 19 1 93
5 20 1 75
6 7 1 12
6 8 1 33
6 9 1 28
6 10 1 42
6 11 1 43
6 12 1 45
6 13 1 49
6 14 1 54
6 15 1 95
6 16 1 91
6 17 1 57
6 18 1 77
6 19 1 35
6 20 1 58
7 8 1 19
7 9 1 15
7 10 1 35
7 11 1 19
7 12 1 91
7 13 1 47
7 14 1 92
7 15 1 57
7 16 1 34
7 17 1 39
7 18 1 75
7 19 1 98
7 20 1 37
8 9 1 32
8 10 1 50
8 11 1 40
8 12 1 84
8 13 1 68
8 14 1 89
8 15 1 84
8 16 1 76
8 17 1 49
8 18 1 32
8 19 1 33
8 20 1 76
9 10 1 32
9 11 1 10
9 12 1 44
9 13 1 65
9 14 1 81
9 15 1 66
9 16 1 89
9 17 1 44
9 18 1 94
9 19 1 42
9 20 1 85
10 11 1 34
10 12 1 83
10 13 1 32
10 14 1 68
10 15 1 92
10 16 1 59
10 17 1 37
10 18 1 46
10 19 1 81
10 20 1 65
11 12 1 41
11 13 1 95
11 14 1 37
11 15 1 89
11 16 1 69
11 17 1 33
11 18 1 76
11 19 1 97
11 20 1 100
12 13 1 35
12 14 1 29
12 15 1 46
12 16 1 39
12 17 1 31
12 18 1 20
12 19 1 32
12 20 1 50
12 21 1 58
12 22 1 56
12 23 1 97
12 24 1 99
12 25 1 58
12 26 1 58
12 27 1 65
12 28 1 93
13 14 1 47
13 15 1 22
13 16 1 49
13 17 1 36
13 18 1 25
13 19 1 15
13 20 1 15
13 21 1 59
13 22 1 82
13 23 1 75
13 24 1 100
13 25 1 64
13 26 1 56
13 27 1 66
13 28 1 91
14 15 1 25
14 16 1 47
14 17 1 40
14 18 1 27
14 19 1 25
14 20 1 48
14 21 1 33
14 22 1 32
14 23 1 37
14 24 1 96
14 25 1 71
14 26 1 33
14 27 1 34
14 28 1 65
15 16 1 42
15 17 1 14
15 18 1 23
15 19 1 32
15 20 1 17
15 21 1 60
15 22 1 99
15 23 1 97
15 24 1 62
15 25 1 93
15 26 1 76
15 27 1 69
15 28 1 35
16 17 1 34
16 18 1 37
16 19 1 27
16 20 1 36
16 21 1 45
16 22 1 34
16 23 1 65
16 24 1 52
16 25 1 45
16 26 1 86
16 27 1 84
16 28 1 32
17 18 1 16
17 19 1 12
17 20 1 21
17 21 1 52
17 22 1 60
17 23 1 61
17 24 1 74
17 25 1 62
17 26 1 78
17 27 1 69
17 28 1 71
18 19 1 28
18 20 1 37
18 21 1 78
18 22 1 35
18 23 1 34
18 24 1 48
18 25 1 33
18 26 1 97
18 27 1 37
18 28 1 59
19 20 1 13
19 21 1 66
19 22 1 82
19 23 1 83
19 24 1 96
19 25 1 59
19 26 1 63
19 27 1 77
19 28 1 42
20 21 1 68
20 22 1 43
20 23 1 89
20 24 1 87
20 25 1 80
20 26 1 41
20 27 1 95
20 28 1 83
21 22 1 50
21 23 1 20
21 24 1 23
21 25 1 42
21 26 1 40
21 27 1 25
21 28 1 19
21 29 1 82
21 30 1 51
21 31 1 48
21 32 1 50
21 33 1 73
21 34 1 52
21 35 1 80
21 36 1 64
21 37 1 78
21 38 1 81
22 23 1 37
22 24 1 11
22 25 1 49
22 26 1 43
22 27 1 25
22 28 1 41
22 29 1 62
22 30 1 59
22 31 1 72
22 32 1 65
22 33 1 32
22 34 1 95
22 35 1 35
22 36 1 45
22 37 1 58
22 38 1 39
23 24 1 17
23 25 1 24
23 26 1 41
23 27 1 32
23 28 1 32
23 29 1 42
23 30 1 94
23 31 1 38
23 32 1 73
23 33 1 66
23 34 1 70
23 35 1 53
23 36 1 68
23 37 1 63
23 38 1 86
24 25 1 16
24 26 1 44
24 27 1 35
24 28 1 18
24 29 1 67
24 30 1 58
24 31 1 84
24 32 1 31
24 33 1 43
24 34 1 100
24 35 1 39
24 36 1 34
24 37 1 58
24 38 1 65
25 26 1 31
25 27 1 17
25 28 1 10
25 29 1 67
25 30 1 40
25 31 1 54
25 32 1 59
25 33 1 70
25 34 1 80
25 35 1 84
25 36 1 48
25 37 1 96
25 38 1 77
26 27 1 26
26 28 1 44
26 29 1 63
26 30 1 59
26 31 1 55
26 32 1 33
26 33 1 73
26 34 1 87
26 35 1 33
26 36 1 80
26 37 1 37
26 38 1 83
27 28 1 13
27 29 1 83
27 30 1 50
27 31 1 43
27 32 1 74
27 33 1 90
27 34 1 100
27 35 1 93
27 36 1 35
27 37 1 31
27 38 1 35
28 29 1 35
28 30 1 33
28 31 1 96
28 32 1 51
28 33 1 43
28 34 1 83
28 35 1 100
28 36 1 54
28 37 1 80
28 38 1 36
29 30 1 50
29 31 1 14
29 32 1 17
29 33 1 30
29 34 1 26
29 35 1 49
29 36 1 11
29 37 1 29
29 38 1 14
29 39 1 64
29 40 1 42
29 41 1 49
29 42 1 30
29 43 1 82
29 44 1 40
29 45 1 78
29 46 1 31
29 47 1 86
30 31 1 48
30 32 1 25
30 33 1 48
30 34 1 10
30 35 1 48
30 36 1 18
30 37 1 19
30 38 1 22
30 39 1 52
30 40 1 71
30 41 1 50
30 42 1 93
30 43 1 81
30 44 1 71
30 45 1 41
30 46 1 36
30 47 1 46
31 32 1 26
31 33 1 15
31 34 1 49
31 35 1 23
31 36 1 40
31 37 1 49
31 38 1 36
31 39 1 88
31 40 1 95
31 41 1 46
31 42 1 79
31 43 1 71
31 44 1 80
31 45 1 90
31 46 1 88
31 47 1 40
32 33 1 49
32 34 1 30
32 35 1 38
32 36 1 35
32 37 1 45
32 38 1 41
32 39 1 65
32 40 1 33
32 41 1 68
32 42 1 38
32 43 1 75
32 44 1 72
32 45 1 94
32 46 1 75
32 47 1 33
33 34 1 37
33 35 1 40
33 36 1 45
33 37 1 11
33 38 1 31
33 39 1 45
33 40 1 50
33 41 1 88
33 42 1 47
33 43 1 64
33 44 1 97
33 45 1 41
33 46 1 70
33 47 1 40
34 35 1 44
34 36 1 50
34 37 1 12
34 38 1 14
34 39 1 47
34 40 1 73
34 41 1 48
34 42 1 100
34 43 1 95
34 44 1 92
34 45 1 98
34 46 1 87
34 47 1 52
35 36 1 33
35 37 1 20
35 38 1 40
35 39 1 55
35 40 1 69
35 41 1 49
35 42 1 67
35 43 1 61
35 44 1 40
35 45 1 97
35 46 1 87
35 47 1 75
36 37 1 43
36 38 1 48
36 39 1 33
36 40 1 74
36 41 1 86
36 42 1 50
36 43 1 65
36 44 1 62
36 45 1 90
36 46 1 85
36 47 1 30
37 38 1 50
37 39 1 99
37 40 1 40
37 41 1 52
37 42 1 91
37 43 1 98
37 44 1 84
37 45 1 76
37 46 1 66
37 47 1 47
38 39 1 58
38 40 1 75
38 41 1 31
38 42 1 91
38 43 1 42
38 44 1 99
38 45 1 55
38 46 1 38
38 47 1 89
39 40 1 29
39 41 1 27
39 42 1 22
39 43 1 33
39 44 1 30
39 45 1 24
39 46 1 17
39 47 1 49
39 48 1 52
39 49 1 85
39 50 1 79
39 51 1 71
39 52 1 63
39 53 1 71
39 54 1 95
39 55 1 65
39 56 1 38
40 41 1 16
40 42 1 42
40 43 1 33
40 44 1 42
40 45 1 50
40 46 1 37
40 47 1 39
40 48 1 55
40 49 1 68
40 50 1 58
40 51 1 69
40 52 1 95
40 53 1 48
40 54 1 96
40 55 1 53
40 56 1 63
41 42 1 44
41 43 1 12
41 44 1 26
41 45 1 48
41 46 1 10
41 47 1 38
41 48 1 50
41 49 1 96
41 50 1 89
41 51 1 57
41 52 1 67
41 53 1 47
41 54 1 38
41 55 1 37
41 56 1 97
42 43 1 37
42 44 1 23
42 45 1 17
42 46 1 28
42 47 1 33
42 48 1 54
42 49 1 96
42 50 1 50
42 51 1 31
42 52 1 95
42 53 1 46
42 54 1 32
42 55 1 44
42 56 1 68
43 44 1 40
43 45 1 50
43 46 1 21
43 47 1 19
43 48 1 36
43 49 1 57
43 50 1 40
43 51 1 99
43 52 1 56
43 53 1 77
43 54 1 38
43 55 1 54
43 56 1 72
44 45 1 36
44 46 1 37
44 47 1 34
44 48 1 32
44 49 1 79
44 50 1 88
44 51 1 78
44 52 1 88
44 53 1 96
44 54 1 95
44 55 1 99
44 56 1 51
45 46 1 30
45 47 1 39
45 48 1 60
45 49 1 81
45 50 1 39
45 51 1 69
45 52 1 79
45 53 1 34
45 54 1 88
45 55 1 50
45 56 1 85
46 47 1 23
46 48 1 85
46 49 1 90
46 50 1 34
46 51 1 75
46 52 1 99
46 53 1 80
46 54 1 43
46 55 1 55
46 56 1 56
47 48 1 62
47 49 1 72
47 50 1 72
47 51 1 71
47 52 1 49
47 53 1 80
47 54 1 100
47 55 1 85
47 56 1 77
48 49 1 26
48 50 1 39
48 51 1 26
48 52 1 34
48 53 1 17
48 54 1 38
48 55 1 31
48 56 1 16
48 57 1 75
48 58 1 79
48 59 1 70
48 60 1 46
48 61 1 81
48 62 1 90
48 63 1 30
48 64 1 67
48 65 1 39
49 50 1 37
49 51 1 18
49 52 1 32
49 53 1 32
49 54 1 24
49 55 1 47
49 56 1 24
49 57 1 39
49 58 1 49
49 59 1 68
49 60 1 33
49 61 1 70
49 62 1 94
49 63 1 97
49 64 1 70
49 65 1 63
50 51 1 48
50 52 1 32
50 53 1 35
50 54 1 11
50 55 1 25
50 56 1 19
50 57 1 92
50 58 1 45
50 59 1 99
50 60 1 57
50 61 1 52
50 62 1 64
50 63 1 88
50 64 1 32
50 65 1 41
51 52 1 48
51 53 1 18
51 54 1 33
51 55 1 43
51 56 1 31
51 57 1 78
51 58 1 78
51 59 1 82
51 60 1 75
51 61 1 81
51 62 1 69
51 63 1 75
51 64 1 57
51 65 1 88
52 53 1 43
52 54 1 21
52 55 1 20
52 56 1 29
52 57 1 66
52 58 1 65
52 59 1 42
52 60 1 69
52 61 1 69
52 62 1 34
52 63 1 35
52 64 1 85
52 65 1 36
53 54 1 50
53 55 1 25
53 56 1 26
53 57 1 67
53 58 1 70
53 59 1 81
53 60 1 82
53 61 1 30
53 62 1 36
53 63 1 62
53 64 1 99
53 65 1 100
54 55 1 47
54 56 1 38
54 57 1 77
54 58 1 99
54 59 1 37
54 60 1 66
54 61 1 98
54 62 1 31
54 63 1 95
54 64 1 47
54 65 1 36
55 56 1 33
55 57 1 47
55 58 1 62
55 59 1 79
55 60 1 98
55 61 1 83
55 62 1 46
55 63 1 76
55 64 1 73
55 65 1 86
56 57 1 74
56 58 1 52
56 59 1 58
56 60 1 81
56 61 1 73
56 62 1 95
56 63 1 79
56 64 1 50
56 65 1 64
57 58 1 24
57 59 1 44
57 60 1 37
57 61 1 35
57 62 1 11
57 63 1 40
57 64 1 20
57 65 1 29
57 66 1 38
57 67 1 96
57 68 1 75
57 69 1 78
57 70 1 45
57 71 1 87
57 72 1 69
57 73 1 47
57 74 1 95
57 75 1 94
57 76 1 57
57 77 1 81
58 59 1 38
58 60 1 35
58 61 1 39
58 62 1 33
58 63 1 40
58 64 1 48
58 65 1 30
58 66 1 94
58 67 1 72
58 68 1 93
58 69 1 72
58 70 1 49
58 71 1 72
58 72 1 49
58 73 1 53
58 74 1 75
58 75 1 95
58 76 1 93
58 77 1 86
59 60 1 30
59 61 1 19
59 62 1 33
59 63 1 17
59 64 1 43
59 65 1 41
59 66 1 35
59 67 1 65
59 68 1 75
59 69 1 69
59 70 1 100
59 71 1 76
59 72 1 63
59 73 1 64
59 74 1 43
59 75 1 79
59 76 1 49
59 77 1 50
60 61 1 39
60 62 1 21
60 63 1 10
60 64 1 15
60 65 1 11
60 66 1 61
60 67 1 44
60 68 1 76
60 69 1 35
60 70 1 63
60 71 1 87
60 72 1 78
60 73 1 34
60 74 1 98
60 75 1 42
60 76 1 55
60 77 1 94
61 62 1 45
61 63 1 20
61 64 1 25
61 65 1 37
61 66 1 81
61 67 1 76
61 68 1 63
61 69 1 34
61 70 1 35
61 71 1 60
61 72 1 31
61 73 1 83
61 74 1 64
61 75 1 48
61 76 1 57
61 77 1 63
62 63 1 39
62 64 1 32
62 65 1 19
62 66 1 91
62 67 1 63
62 68 1 93
62 69 1 55
62 70 1 69
62 71 1 42
62 72 1 86
62 73 1 40
62 74 1 98
62 75 1 81
62 76 1 37
62 77 1 87
63 64 1 17
63 65 1 39
63 66 1 76
63 67 1 85
63 68 1 50
63 69 1 41
63 70 1 52
63 71 1 90
63 72 1 59
63 73 1 86
63 74 1 94
63 75 1 50
63 76 1 32
63 77 1 62
64 65 1 32
64 66 1 92
64 67 1 76
64 68 1 58
64 69 1 47
64 70 1 44
64 71 1 53
64 72 1 45
64 73 1 94
64 74 1 68
64 75 1 90
64 76 1 40
64 77 1 85
65 66 1 71
65 67 1 67
65 68 1 54
65 69 1 81
65 70 1 86
65 71 1 99
65 72 1 84
65 73 1 44
65 74 1 56
65 75 1 44
65 76 1 61
65 77 1 49
66 67 1 44
66 68 1 49
66 69 1 19
66 70 1 11
66 71 1 23
66 72 1 28
66 73 1 46
66 74 1 23
66 75 1 15
66 76 1 32
66 77 1 31
66 78 1 30
66 79 1 96
66 80 1 94
66 81 1 62
66 82 1 69
66 83 1 63
66 84 1 67
66 85 1 42
66 86 1 72
66 87 1 69
67 68 1 44
67 69 1 36
67 70 1 40
67 71 1 42
67 72 1 48
67 73 1 34
67 74 1 28
67 75 1 17
67 76 1 34
67 77 1 35
67 78 1 98
67 79 1 82
67 80 1 74
67 81 1 98
67 82 1 54
67 83 1 75
67 84 1 94
67 85 1 65
67 86 1 38
67 87 1 35
68 69 1 43
68 70 1 28
68 71 1 29
68 72 1 12
68 73 1 36
68 74 1 50
68 75 1 12
68 76 1 24
68 77 1 30
68 78 1 67
68 79 1 39
68 80 1 62
68 81 1 58
68 82 1 34
68 83 1 37
68 84 1 37
68 85 1 31
68 86 1 76
68 87 1 40
69 70 1 41
69 71 1 34
69 72 1 36
69 73 1 36
69 74 1 46
69 75 1 35
69 76 1 27
69 77 1 18
69 78 1 77
69 79 1 36
69 80 1 31
69 81 1 64
69 82 1 77
69 83 1 90
69 84 1 51
69 85 1 32
69 86 1 34
69 87 1 62
70 71 1 10
70 72 1 35
70 73 1 26
70 74 1 35
70 75 1 50
70 76 1 24
70 77 1 29
70 78 1 64
70 79 1 49
70 80 1 48
70 81 1 45
70 82 1 54
70 83 1 60
70 84 1 50
70 85 1 65
70 86 1 76
70 87 1 40
71 72 1 48
71 73 1 17
71 74 1 22
71 75 1 36
71 76 1 10
71 77 1 14
71 78 1 46
71 79 1 65
71 80 1 99
71 81 1 74
71 82 1 73
71 83 1 42
71 84 1 75
71 85 1 50
71 86 1 36
71 87 1 47
72 73 1 30
72 74 1 49
72 75 1 30
72 76 1 15
72 77 1 32
72 78 1 34
72 79 1 61
72 80 1 85
72 81 1 78
72 82 1 43
72 83 1 62
72 84 1 91
72 85 1 91
72 86 1 43
72 87 1 91
73 74 1 35
73 75 1 41
73 76 1 28
73 77 1 10
73 78 1 40
73 79 1 58
73 80 1 77
73 81 1 77
73 82 1 77
73 83 1 68
73 84 1 49
73 85 1 44
73 86 1 80
73 87 1 49
74 75 1 50
74 76 1 26
74 77 1 15
74 78 1 64
74 79 1 93
74 80 1 31
74 81 1 84
74 82 1 73
74 83 1 50
74 84 1 45
74 85 1 88
74 86 1 91
74 87 1 43
75 76 1 43
75 77 1 30
75 78 1 85
75 79 1 57
75 80 1 74
75 81 1 51
75 82 1 40
75 83 1 79
75 84 1 50
75 85 1 63
75 86 1 81
75 87 1 75
76 77 1 17
76 78 1 81
76 79 1 37
76 80 1 65
76 81 1 39
76 82 1 97
76 83 1 93
76 84 1 99
76 85 1 79
76 86 1 84
76 87 1 58
77 78 1 37
77 79 1 99
77 80 1 47
77 81 1 92
77 82 1 60
77 83 1 92
77 84 1 66
77 85 1 74
77 86 1 57
77 87 1 63
78 79 1 29
78 80 1 22
78 81 1 18
78 82 1 30
78 83 1 17
78 84 1 45
78 85 1 36
78 86 1 23
78 87 1 28
78 88 1 54
78 89 1 97
78 90 1 39
78 91 1 92
78 92 1 92
78 93 1 80
78 94 1 99
78 95 1 61
78 96 1 52
78 97 1 34
78 98 1 75
78 99 1 98
79 80 1 31
79 81 1 36
79 82 1 50
79 83 1 43
79 84 1 50
79 85 1 28
79 86 1 10
79 87 1 28
79 88 1 67
79 89 1 34
79 90 1 49
79 91 1 45
79 92 1 76
79 93 1 69
79 94 1 78
79 95 1 61
79 96 1 47
79 97 1 65
79 98 1 40
79 99 1 45
80 81 1 19
80 82 1 13
80 83 1 27
80 84 1 34
80 85 1 10
80 86 1 32
80 87 1 29
80 88 1 78
80 89 1 75
80 90 1 42
80 91 1 53
80 92 1 84
80 93 1 61
80 94 1 85
80 95 1 63
80 96 1 87
80 97 1 89
80 98 1 52
80 99 1 80
81 82 1 46
81 83 1 35
81 84 1 14
81 85 1 40
81 86 1 38
81 87 1 38
81 88 1 47
81 89 1 33
81 90 1 50
81 91 1 60
81 92 1 99
81 93 1 77
81 94 1 68
81 95 1 40
81 96 1 78
81 97 1 80
81 98 1 40
81 99 1 64
82 83 1 13
82 84 1 14
82 85 1 29
82 86 1 38
82 87 1 24
82 88 1 56
82 89 1 93
82 90 1 86
82 91 1 83
82 92 1 38
82 93 1 56
82 94 1 64
82 95 1 31
82 96 1 57
82 97 1 36
82 98 1 39
82 99 1 61
83 84 1 44
83 85 1 45
83 86 1 35
83 87 1 13
83 88 1 56
83 89 1 68
83 90 1 38
83 91 1 54
83 92 1 65
83 93 1 39
83 94 1 66
83 95 1 49
83 96 1 30
83 97 1 53
83 98 1 42
83 99 1 30
84 85 1 35
84 86 1 34
84 87 1 16
84 88 1 43
84 89 1 67
84 90 1 95
84 91 1 65
84 92 1 88
84 93 1 46
84 94 1 63
84 95 1 77
84 96 1 68
84 97 1 52
84 98 1 99
84 99 1 80
85 86 1 31
85 87 1 50
85 88 1 91
85 89 1 76
85 90 1 59
85 91 1 44
85 92 1 70
85 93 1 48
85 94 1 42
85 95 1 42
85 96 1 83
85 97 1 53
85 98 1 40
85 99 1 89
86 87 1 34
86 88 1 63
86 89 1 73
86 90 1 41
86 91 1 71
86 92 1 74
86 93 1 79
86 94 1 34
86 95 1 41
86 96 1 85
86 97 1 71
86 98 1 49
86 99 1 93
87 88 1 40
87 89 1 55
87 90 1 56
87 91 1 89
87 92 1 53
87 93 1 41
87 94 1 33
87 95 1 60
87 96 1 37
87 97 1 98
87 98 1 65
87 99 1 36
88 89 1 19
88 90 1 31
88 91 1 25
88 92 1 23
88 93 1 24
88 94 1 50
88 95 1 33
88 96 1 30
88 97 1 21
88 98 1 46
88 99 1 31
88 100 1 77
89 90 1 16
89 91 1 45
89 92 1 12
89 93 1 36
89 94 1 50
89 95 1 41
89 96 1 32
89 97 1 26
89 98 1 41
89 99 1 35
89 100 1 75
90 91 1 23
90 92 1 20
90 93 1 15
90 94 1 29
90 95 1 16
90 96 1 38
90 97 1 34
90 98 1 36
90 99 1 23
90 100 1 86
91 92 1 48
91 93 1 11
91 94 1 29
91 95 1 22
91 96 1 37
91 97 1 24
91 98 1 47
91 99 1 40
91 100 1 84
92 93 1 32
92 94 1 12
92 95 1 25
92 96 1 35
92 97 1 46
92 98 1 19
92 99 1 11
92 100 1 57
93 94 1 43
93 95 1 37
93 96 1 33
93 97 1 22
93 98 1 43
93 99 1 19
93 100 1 48
94 95 1 15
94 96 1 20
94 97 1 19
94 98 1 29
94 99 1 32
94 100 1 40
95 96 1 39
95 97 1 32
95 98 1 20
95 99 1 36
95 100 1 46
96 97 1 44
96 98 1 33
96 99 1 45
96 100 1 97
97 98 1 40
97 99 1 49
97 100 1 40
98 99 1 21
98 100 1 38
99 100 1 50

1 2 2 65
1 3 2 52
1 4 2 34
1 5 2 90
1 6 2 86
1 7 2 63
1 8 2 36
1 9 2 59
1 10 2 88
1 11 2 54
2 3 2 29
2 4 2 30
2 5 2 47
2 6 2 20
2 7 2 16
2 8 2 50
2 9 2 10
2 10 2 25
2 11 2 45
2 12 2 71
2 13 2 35
2 14 2 95
2 15 2 77
2 16 2 33
2 17 2 36
2 18 2 81
2 19 2 85
2 20 2 81
3 4 2 27
3 5 2 15
3 6 2 33
3 7 2 32
3 8 2 48
3 9 2 48
3 10 2 42
3 11 2 49
3 12 2 57
3 13 2 70
3 14 2 44
3 15 2 95
3 16 2 77
3 17 2 40
3 18 2 43
3 19 2 52
3 20 2 87
4 5 2 31
4 6 2 28
4 7 2 18
4 8 2 15
4 9 2 42
4 10 2 49
4 11 2 43
4 12 2 80
4 13 2 100
4 14 2 63
4 15 2 100
4 16 2 82
4 17 2 52
4 18 2 50
4 19 2 41
4 20 2 50
5 6 2 37
5 7 2 18
5 8 2 25
5 9 2 44
5 10 2 27
5 11 2 20
5 12 2 81
5 13 2 77
5 14 2 62
5 15 2 70
5 16 2 98
5 17 2 39
5 18 2 94
5 19 2 91
5 20 2 78
6 7 2 27
6 8 2 24
6 9 2 24
6 10 2 19
6 11 2 42
6 12 2 94
6 13 2 66
6 14 2 47
6 15 2 75
6 16 2 89
6 17 2 96
6 18 2 69
6 19 2 32
6 20 2 44
7 8 2 29
7 9 2 27
7 10 2 50
7 11 2 24
7 12 2 79
7 13 2 94
7 14 2 55
7 15 2 91
7 16 2 53
7 17 2 37
7 18 2 61
7 19 2 53
7 20 2 61
8 9 2 48
8 10 2 32
8 11 2 31
8 12 2 37
8 13 2 70
8 14 2 38
8 15 2 39
8 16 2 77
8 17 2 33
8 18 2 35
8 19 2 64
8 20 2 54
9 10 2 50
9 11 2 28
9 12 2 84
9 13 2 86
9 14 2 51
9 15 2 32
9 16 2 33
9 17 2 33
9 18 2 98
9 19 2 100
9 20 2 84
10 11 2 23
10 12 2 77
10 13 2 44
10 14 2 51
10 15 2 69
10 16 2 48
10 17 2 31
10 18 2 83
10 19 2 99
10 20 2 63
11 12 2 56
11 13 2 69
11 14 2 35
11 15 2 78
11 16 2 30
11 17 2 39
11 18 2 58
11 19 2 57
11 20 2 41
12 13 2 39
12 14 2 11
12 15 2 10
12 16 2 33
12 17 2 14
12 18 2 21
12 19 2 34
12 20 2 10
12 21 2 43
12 22 2 85
12 23 2 79
12 24 2 74
12 25 2 96
12 26 2 65
12 27 2 94
12 28 2 58
13 14 2 30
13 15 2 45
13 16 2 40
13 17 2 18
13 18 2 12
13 19 2 19
13 20 2 22
13 21 2 50
13 22 2 50
13 23 2 40
13 24 2 57
13 25 2 99
13 26 2 57
13 27 2 78
13 28 2 65
14 15 2 24
14 16 2 41
14 17 2 18
14 18 2 50
14 19 2 18
14 20 2 46
14 21 2 61
14 22 2 78
14 23 2 70
14 24 2 39
14 25 2 45
14 26 2 96
14 27 2 90
14 28 2 100
15 16 2 49
15 17 2 28
15 18 2 26
15 19 2 13
15 20 2 45
15 21 2 58
15 22 2 38
15 23 2 39
15 24 2 49
15 25 2 44
15 26 2 48
15 27 2 56
15 28 2 59
16 17 2 39
16 18 2 38
16 19 2 38
16 20 2 23
16 21 2 69
16 22 2 63
16 23 2 55
16 24 2 96
16 25 2 78
16 26 2 61
16 27 2 63
16 28 2 65
17 18 2 49
17 19 2 43
17 20 2 20
17 21 2 86
17 22 2 85
17 23 2 42
17 24 2 40
17 25 2 71
17 26 2 50
17 27 2 89
17 28 2 75
18 19 2 16
18 20 2 37
18 21 2 39
18 22 2 54
18 23 2 79
18 24 2 39
18 25 2 33
18 26 2 52
18 27 2 67
18 28 2 53
19 20 2 29
19 21 2 82
19 22 2 84
19 23 2 63
19 24 2 85
19 25 2 53
19 26 2 42
19 27 2 32
19 28 2 57
20 21 2 80
20 22 2 100
20 23 2 46
20 24 2 87
20 25 2 71
20 26 2 100
20 27 2 83
20 28 2 82
21 22 2 39
21 23 2 45
21 24 2 11
21 25 2 29
21 26 2 16
21 27 2 49
21 28 2 14
21 29 2 97
21 30 2 96
21 31 2 92
21 32 2 71
21 33 2 100
21 34 2 44
21 35 2 79
21 36 2 99
21 37 2 31
21 38 2 89
22 23 2 30
22 24 2 29
22 25 2 45
22 26 2 41
22 27 2 39
22 28 2 40
22 29 2 51
22 30 2 39
22 31 2 83
22 32 2 64
22 33 2 71
22 34 2 53
22 35 2 94
22 36 2 34
22 37 2 50
22 38 2 41
23 24 2 47
23 25 2 48
23 26 2 11
23 27 2 48
23 28 2 39
23 29 2 66
23 30 2 39
23 31 2 75
23 32 2 35
23 33 2 34
23 34 2 67
23 35 2 68
23 36 2 64
23 37 2 76
23 38 2 89
24 25 2 44
24 26 2 40
24 27 2 20
24 28 2 13
24 29 2 56
24 30 2 99
24 31 2 87
24 32 2 91
24 33 2 57
24 34 2 77
24 35 2 62
24 36 2 42
24 37 2 48
24 38 2 35
25 26 2 19
25 27 2 23
25 28 2 43
25 29 2 46
25 30 2 68
25 31 2 84
25 32 2 69
25 33 2 86
25 34 2 87
25 35 2 38
25 36 2 89
25 37 2 56
25 38 2 61
26 27 2 50
26 28 2 15
26 29 2 69
26 30 2 66
26 31 2 65
26 32 2 44
26 33 2 82
26 34 2 70
26 35 2 92
26 36 2 64
26 37 2 49
26 38 2 51
27 28 2 33
27 29 2 59
27 30 2 84
27 31 2 57
27 32 2 96
27 33 2 94
27 34 2 31
27 35 2 87
27 36 2 61
27 37 2 71
27 38 2 71
28 29 2 43
28 30 2 58
28 31 2 61
28 32 2 95
28 33 2 37
28 34 2 54
28 35 2 70
28 36 2 57
28 37 2 33
28 38 2 70
29 30 2 14
29 31 2 30
29 32 2 22
29 33 2 15
29 34 2 12
29 35 2 25
29 36 2 22
29 37 2 33
29 38 2 28
29 39 2 68
29 40 2 35
29 41 2 64
29 42 2 62
29 43 2 74
29 44 2 94
29 45 2 51
29 46 2 65
29 47 2 100
30 31 2 21
30 32 2 29
30 33 2 44
30 34 2 14
30 35 2 14
30 36 2 35
30 37 2 32
30 38 2 50
30 39 2 45
30 40 2 65
30 41 2 85
30 42 2 32
30 43 2 69
30 44 2 49
30 45 2 60
30 46 2 97
30 47 2 41
31 32 2 13
31 33 2 39
31 34 2 37
31 35 2 16
31 36 2 40
31 37 2 32
31 38 2 32
31 39 2 67
31 40 2 61
31 41 2 50
31 42 2 35
31 43 2 41
31 44 2 37
31 45 2 88
31 46 2 57
31 47 2 63
32 33 2 40
32 34 2 10
32 35 2 10
32 36 2 26
32 37 2 41
32 38 2 33
32 39 2 63
32 40 2 32
32 41 2 95
32 42 2 37
32 43 2 82
32 44 2 85
32 45 2 85
32 46 2 64
32 47 2 49
33 34 2 33
33 35 2 46
33 36 2 27
33 37 2 21
33 38 2 11
33 39 2 34
33 40 2 96
33 41 2 60
33 42 2 93
33 43 2 88
33 44 2 39
33 45 2 100
33 46 2 65
33 47 2 73
34 35 2 42
34 36 2 12
34 37 2 29
34 38 2 18
34 39 2 82
34 40 2 84
34 41 2 56
34 42 2 44
34 43 2 53
34 44 2 73
34 45 2 89
34 46 2 58
34 47 2 91
35 36 2 35
35 37 2 23
35 38 2 29
35 39 2 85
35 40 2 52
35 41 2 71
35 42 2 40
35 43 2 54
35 44 2 36
35 45 2 62
35 46 2 73
35 47 2 43
36 37 2 48
36 38 2 23
36 39 2 42
36 40 2 91
36 41 2 72
36 42 2 60
36 43 2 81
36 44 2 47
36 45 2 68
36 46 2 33
36 47 2 73
37 38 2 28
37 39 2 49
37 40 2 93
37 41 2 85
37 42 2 60
37 43 2 54
37 44 2 80
37 45 2 46
37 46 2 53
37 47 2 33
38 39 2 62
38 40 2 34
38 41 2 34
38 42 2 61
38 43 2 88
38 44 2 77
38 45 2 62
38 46 2 87
38 47 2 80
39 40 2 41
39 41 2 42
39 42 2 11
39 43 2 36
39 44 2 13
39 45 2 40
39 46 2 43
39 47 2 39
39 48 2 31
39 49 2 81
39 50 2 87
39 51 2 56
39 52 2 86
39 53 2 49
39 54 2 41
39 55 2 52
39 56 2 89
40 41 2 48
40 42 2 12
40 43 2 34
40 44 2 18
40 45 2 37
40 46 2 37
40 47 2 35
40 48 2 42
40 49 2 56
40 50 2 60
40 51 2 56
40 52 2 61
40 53 2 45
40 54 2 83
40 55 2 38
40 56 2 95
41 42 2 44
41 43 2 38
41 44 2 39
41 45 2 42
41 46 2 13
41 47 2 27
41 48 2 67
41 49 2 56
41 50 2 99
41 51 2 31
41 52 2 68
41 53 2 44
41 54 2 82
41 55 2 52
41 56 2 42
42 43 2 10
42 44 2 33
42 45 2 15
42 46 2 35
42 47 2 24
42 48 2 32
42 49 2 63
42 50 2 55
42 51 2 30
42 52 2 30
42 53 2 79
42 54 2 90
42 55 2 64
42 56 2 71
43 44 2 35
43 45 2 23
43 46 2 36
43 47 2 29
43 48 2 95
43 49 2 67
43 50 2 53
43 51 2 36
43 52 2 59
43 53 2 30
43 54 2 82
43 55 2 70
43 56 2 79
44 45 2 49
44 46 2 21
44 47 2 50
44 48 2 92
44 49 2 61
44 50 2 34
44 51 2 30
44 52 2 49
44 53 2 43
44 54 2 76
44 55 2 85
44 56 2 68
45 46 2 27
45 47 2 31
45 48 2 74
45 49 2 41
45 50 2 51
45 51 2 81
45 52 2 96
45 53 2 94
45 54 2 63
45 55 2 33
45 56 2 31
46 47 2 36
46 48 2 99
46 49 2 82
46 50 2 57
46 51 2 38
46 52 2 60
46 53 2 92
46 54 2 49
46 55 2 43
46 56 2 30
47 48 2 92
47 49 2 60
47 50 2 61
47 51 2 78
47 52 2 63
47 53 2 72
47 54 2 74
47 55 2 43
47 56 2 77
48 49 2 19
48 50 2 30
48 51 2 18
48 52 2 17
48 53 2 48
48 54 2 31
48 55 2 31
48 56 2 14
48 57 2 36
48 58 2 31
48 59 2 43
48 60 2 80
48 61 2 79
48 62 2 65
48 63 2 44
48 64 2 74
48 65 2 44
49 50 2 48
49 51 2 20
49 52 2 23
49 53 2 46
49 54 2 41
49 55 2 47
49 56 2 19
49 57 2 84
49 58 2 38
49 59 2 83
49 60 2 81
49 61 2 54
49 62 2 58
49 63 2 88
49 64 2 39
49 65 2 63
50 51 2 30
50 52 2 45
50 53 2 36
50 54 2 15
50 55 2 24
50 56 2 29
50 57 2 53
50 58 2 95
50 59 2 37
50 60 2 33
50 61 2 79
50 62 2 49
50 63 2 68
50 64 2 77
50 65 2 90
51 52 2 49
51 53 2 18
51 54 2 42
51 55 2 33
51 56 2 13
51 57 2 67
51 58 2 99
51 59 2 99
51 60 2 85
51 61 2 34
51 62 2 48
51 63 2 52
51 64 2 62
51 65 2 83
52 53 2 45
52 54 2 36
52 55 2 30
52 56 2 39
52 57 2 70
52 58 2 71
52 59 2 45
52 60 2 71
52 61 2 36
52 62 2 87
52 63 2 76
52 64 2 98
52 65 2 67
53 54 2 14
53 55 2 30
53 56 2 29
53 57 2 31
53 58 2 95
53 59 2 38
53 60 2 47
53 61 2 71
53 62 2 55
53 63 2 97
53 64 2 40
53 65 2 82
54 55 2 12
54 56 2 41
54 57 2 71
54 58 2 42
54 59 2 58
54 60 2 100
54 61 2 46
54 62 2 38
54 63 2 32
54 64 2 82
54 65 2 79
55 56 2 30
55 57 2 60
55 58 2 42
55 59 2 62
55 60 2 33
55 61 2 90
55 62 2 66
55 63 2 93
55 64 2 73
55 65 2 82
56 57 2 40
56 58 2 87
56 59 2 55
56 60 2 79
56 61 2 49
56 62 2 77
56 63 2 36
56 64 2 37
56 65 2 65
57 58 2 50
57 59 2 31
57 60 2 36
57 61 2 12
57 62 2 42
57 63 2 49
57 64 2 32
57 65 2 13
57 66 2 94
57 67 2 42
57 68 2 56
57 69 2 34
57 70 2 55
57 71 2 43
57 72 2 52
57 73 2 65
57 74 2 53
57 75 2 77
57 76 2 78
57 77 2 65
58 59 2 45
58 60 2 29
58 61 2 17
58 62 2 37
58 63 2 24
58 64 2 43
58 65 2 18
58 66 2 92
58 67 2 79
58 68 2 55
58 69 2 47
58 70 2 98
58 71 2 81
58 72 2 75
58 73 2 43
58 74 2 83
58 75 2 78
58 76 2 76
58 77 2 85
59 60 2 37
59 61 2 13
59 62 2 44
59 63 2 43
59 64 2 33
59 65 2 25
59 66 2 68
59 67 2 63
59 68 2 92
59 69 2 92
59 70 2 100
59 71 2 58
59 72 2 40
59 73 2 40
59 74 2 84
59 75 2 56
59 76 2 65
59 77 2 69
60 61 2 31
60 62 2 29
60 63 2 11
60 64 2 40
60 65 2 26
60 66 2 91
60 67 2 74
60 68 2 93
60 69 2 78
60 70 2 47
60 71 2 91
60 72 2 45
60 73 2 42
60 74 2 82
60 75 2 59
60 76 2 95
60 77 2 81
61 62 2 38
61 63 2 41
61 64 2 37
61 65 2 23
61 66 2 36
61 67 2 37
61 68 2 44
61 69 2 67
61 70 2 36
61 71 2 33
61 72 2 46
61 73 2 93
61 74 2 72
61 75 2 84
61 76 2 100
61 77 2 71
62 63 2 24
62 64 2 27
62 65 2 26
62 66 2 53
62 67 2 43
62 68 2 75
62 69 2 67
62 70 2 73
62 71 2 84
62 72 2 63
62 73 2 88
62 74 2 46
62 75 2 40
62 76 2 65
62 77 2 85
63 64 2 14
63 65 2 18
63 66 2 43
63 67 2 66
63 68 2 81
63 69 2 79
63 70 2 63
63 71 2 45
63 72 2 33
63 73 2 48
63 74 2 59
63 75 2 43
63 76 2 40
63 77 2 69
64 65 2 11
64 66 2 63
64 67 2 64
64 68 2 71
64 69 2 80
64 70 2 43
64 71 2 67
64 72 2 92
64 73 2 44
64 74 2 75
64 75 2 41
64 76 2 69
64 77 2 54
65 66 2 79
65 67 2 68
65 68 2 96
65 69 2 95
65 70 2 65
65 71 2 66
65 72 2 96
65 73 2 54
65 74 2 78
65 75 2 36
65 76 2 71
65 77 2 78
66 67 2 43
66 68 2 23
66 69 2 37
66 70 2 12
66 71 2 41
66 72 2 44
66 73 2 35
66 74 2 45
66 75 2 29
66 76 2 25
66 77 2 32
66 78 2 50
66 79 2 98
66 80 2 83
66 81 2 80
66 82 2 34
66 83 2 65
66 84 2 61
66 85 2 72
66 86 2 35
66 87 2 74
67 68 2 31
67 69 2 45
67 70 2 36
67 71 2 45
67 72 2 25
67 73 2 25
67 74 2 42
67 75 2 19
67 76 2 23
67 77 2 42
67 78 2 38
67 79 2 100
67 80 2 79
67 81 2 54
67 82 2 100
67 83 2 79
67 84 2 87
67 85 2 50
67 86 2 64
67 87 2 80
68 69 2 48
68 70 2 49
68 71 2 21
68 72 2 39
68 73 2 27
68 74 2 38
68 75 2 37
68 76 2 44
68 77 2 22
68 78 2 98
68 79 2 47
68 80 2 56
68 81 2 98
68 82 2 55
68 83 2 81
68 84 2 84
68 85 2 35
68 86 2 90
68 87 2 46
69 70 2 29
69 71 2 17
69 72 2 14
69 73 2 26
69 74 2 36
69 75 2 44
69 76 2 11
69 77 2 27
69 78 2 42
69 79 2 74
69 80 2 95
69 81 2 60
69 82 2 55
69 83 2 89
69 84 2 50
69 85 2 93
69 86 2 32
69 87 2 91
70 71 2 24
70 72 2 49
70 73 2 27
70 74 2 39
70 75 2 14
70 76 2 38
70 77 2 30
70 78 2 84
70 79 2 96
70 80 2 83
70 81 2 55
70 82 2 52
70 83 2 74
70 84 2 65
70 85 2 42
70 86 2 63
70 87 2 58
71 72 2 30
71 73 2 35
71 74 2 43
71 75 2 22
71 76 2 45
71 77 2 24
71 78 2 69
71 79 2 90
71 80 2 88
71 81 2 35
71 82 2 77
71 83 2 78
71 84 2 78
71 85 2 49
71 86 2 40
71 87 2 82
72 73 2 10
72 74 2 11
72 75 2 23
72 76 2 46
72 77 2 35
72 78 2 33
72 79 2 77
72 80 2 81
72 81 2 42
72 82 2 40
72 83 2 44
72 84 2 77
72 85 2 50
72 86 2 30
72 87 2 89
73 74 2 42
73 75 2 14
73 76 2 22
73 77 2 28
73 78 2 47
73 79 2 71
73 80 2 63
73 81 2 59
73 82 2 57
73 83 2 78
73 84 2 73
73 85 2 67
73 86 2 36
73 87 2 42
74 75 2 15
74 76 2 21
74 77 2 38
74 78 2 30
74 79 2 57
74 80 2 69
74 81 2 36
74 82 2 56
74 83 2 100
74 84 2 82
74 85 2 78
74 86 2 86
74 87 2 77
75 76 2 37
75 77 2 28
75 78 2 60
75 79 2 97
75 80 2 66
75 81 2 75
75 82 2 57
75 83 2 82
75 84 2 77
75 85 2 83
75 86 2 49
75 87 2 31
76 77 2 25
76 78 2 42
76 79 2 80
76 80 2 43
76 81 2 63
76 82 2 30
76 83 2 55
76 84 2 38
76 85 2 96
76 86 2 63
76 87 2 60
77 78 2 56
77 79 2 70
77 80 2 56
77 81 2 68
77 82 2 62
77 83 2 45
77 84 2 94
77 85 2 83
77 86 2 96
77 87 2 72
78 79 2 10
78 80 2 41
78 81 2 14
78 82 2 35
78 83 2 26
78 84 2 38
78 85 2 45
78 86 2 30
78 87 2 21
78 88 2 100
78 89 2 54
78 90 2 71
78 91 2 60
78 92 2 93
78 93 2 50
78 94 2 66
78 95 2 83
78 96 2 77
78 97 2 68
78 98 2 55
78 99 2 34
79 80 2 28
79 81 2 45
79 82 2 40
79 83 2 26
79 84 2 27
79 85 2 41
79 86 2 43
79 87 2 13
79 88 2 63
79 89 2 57
79 90 2 55
79 91 2 33
79 92 2 67
79 93 2 82
79 94 2 67
79 95 2 78
79 96 2 51
79 97 2 92
79 98 2 56
79 99 2 49
80 81 2 26
80 82 2 50
80 83 2 29
80 84 2 28
80 85 2 25
80 86 2 22
80 87 2 23
80 88 2 96
80 89 2 66
80 90 2 36
80 91 2 77
80 92 2 98
80 93 2 66
80 94 2 38
80 95 2 84
80 96 2 66
80 97 2 58
80 98 2 87
80 99 2 88
81 82 2 12
81 83 2 25
81 84 2 18
81 85 2 30
81 86 2 25
81 87 2 13
81 88 2 38
81 89 2 46
81 90 2 52
81 91 2 97
81 92 2 48
81 93 2 52
81 94 2 52
81 95 2 64
81 96 2 43
81 97 2 77
81 98 2 41
81 99 2 53
82 83 2 31
82 84 2 41
82 85 2 19
82 86 2 39
82 87 2 10
82 88 2 51
82 89 2 60
82 90 2 71
82 91 2 36
82 92 2 82
82 93 2 35
82 94 2 44
82 95 2 84
82 96 2 48
82 97 2 42
82 98 2 52
82 99 2 38
83 84 2 15
83 85 2 37
83 86 2 43
83 87 2 11
83 88 2 39
83 89 2 35
83 90 2 94
83 91 2 78
83 92 2 57
83 93 2 32
83 94 2 37
83 95 2 68
83 96 2 32
83 97 2 35
83 98 2 72
83 99 2 100
84 85 2 19
84 86 2 26
84 87 2 50
84 88 2 35
84 89 2 61
84 90 2 48
84 91 2 92
84 92 2 38
84 93 2 68
84 94 2 93
84 95 2 54
84 96 2 86
84 97 2 92
84 98 2 60
84 99 2 35
85 86 2 12
85 87 2 32
85 88 2 76
85 89 2 34
85 90 2 60
85 91 2 41
85 92 2 81
85 93 2 43
85 94 2 100
85 95 2 35
85 96 2 53
85 97 2 95
85 98 2 64
85 99 2 34
86 87 2 37
86 88 2 75
86 89 2 35
86 90 2 71
86 91 2 88
86 92 2 47
86 93 2 93
86 94 2 47
86 95 2 66
86 96 2 72
86 97 2 36
86 98 2 48
86 99 2 97
87 88 2 75
87 89 2 63
87 90 2 92
87 91 2 73
87 92 2 84
87 93 2 36
87 94 2 72
87 95 2 36
87 96 2 70
87 97 2 35
87 98 2 68
87 99 2 44
88 89 2 44
88 90 2 24
88 91 2 44
88 92 2 26
88 93 2 48
88 94 2 37
88 95 2 19
88 96 2 43
88 97 2 46
88 98 2 15
88 99 2 17
88 100 2 50
89 90 2 30
89 91 2 27
89 92 2 44
89 93 2 14
89 94 2 20
89 95 2 34
89 96 2 15
89 97 2 26
89 98 2 27
89 99 2 41
89 100 2 90
90 91 2 38
90 92 2 48
90 93 2 24
90 94 2 14
90 95 2 15
90 96 2 38
90 97 2 49
90 98 2 43
90 99 2 12
90 100 2 55
91 92 2 30
91 93 2 23
91 94 2 39
91 95 2 31
91 96 2 19
91 97 2 29
91 98 2 31
91 99 2 21
91 100 2 71
92 93 2 39
92 94 2 29
92 95 2 44
92 96 2 15
92 97 2 32
92 98 2 12
92 99 2 34
92 100 2 55
93 94 2 11
93 95 2 25
93 96 2 19
93 97 2 22
93 98 2 13
93 99 2 36
93 100 2 97
94 95 2 44
94 96 2 42
94 97 2 39
94 98 2 47
94 99 2 26
94 100 2 57
95 96 2 39
95 97 2 47
95 98 2 26
95 99 2 47
95 100 2 75
96 97 2 23
96 98 2 50
96 99 2 28
96 100 2 88
97 98 2 47
97 99 2 16
97 100 2 57
98 99 2 48
98 100 2 46
99 100 2 84

1 2 3 69
1 3 3 93
1 4 3 88
1 5 3 35
1 6 3 41
1 7 3 58
1 8 3 82
1 9 3 96
1 10 3 47
1 11 3 58
2 3 3 12
2 4 3 18
2 5 3 21
2 6 3 45
2 7 3 28
2 8 3 30
2 9 3 41
2 10 3 45
2 11 3 38
2 12 3 60
2 13 3 84
2 14 3 45
2 15 3 100
2 16 3 82
2 17 3 99
2 18 3 73
2 19 3 48
2 20 3 30
3 4 3 47
3 5 3 28
3 6 3 41
3 7 3 25
3 8 3 12
3 9 3 19
3 10 3 23
3 11 3 47
3 12 3 79
3 13 3 41
3 14 3 33
3 15 3 56
3 16 3 46
3 17 3 73
3 18 3 41
3 19 3 39
3 20 3 47
4 5 3 25
4 6 3 40
4 7 3 19
4 8 3 41
4 9 3 37
4 10 3 17
4 11 3 21
4 12 3 45
4 13 3 75
4 14 3 64
4 15 3 81
4 16 3 73
4 17 3 34
4 18 3 61
4 19 3 46
4 20 3 95
5 6 3 36
5 7 3 36
5 8 3 43
5 9 3 38
5 10 3 28
5 11 3 17
5 12 3 83
5 13 3 84
5 14 3 71
5 15 3 57
5 16 3 99
5 17 3 93
5 18 3 79
5 19 3 43
5 20 3 53
6 7 3 29
6 8 3 34
6 9 3 15
6 10 3 47
6 11 3 40
6 12 3 62
6 13 3 71
6 14 3 78
6 15 3 72
6 16 3 97
6 17 3 94
6 18 3 45
6 19 3 66
6 20 3 38
7 8 3 11
7 9 3 19
7 10 3 41
7 11 3 41
7 12 3 91
7 13 3 88
7 14 3 59
7 15 3 89
7 16 3 53
7 17 3 54
7 18 3 44
7 19 3 92
7 20 3 98
8 9 3 49
8 10 3 32
8 11 3 20
8 12 3 48
8 13 3 58
8 14 3 30
8 15 3 58
8 16 3 80
8 17 3 55
8 18 3 97
8 19 3 31
8 20 3 46
9 10 3 13
9 11 3 34
9 12 3 82
9 13 3 70
9 14 3 52
9 15 3 48
9 16 3 85
9 17 3 50
9 18 3 60
9 19 3 96
9 20 3 80
10 11 3 17
10 12 3 30
10 13 3 35
10 14 3 90
10 15 3 85
10 16 3 81
10 17 3 83
10 18 3 63
10 19 3 58
10 20 3 90
11 12 3 50
11 13 3 62
11 14 3 60
11 15 3 65
11 16 3 36
11 17 3 81
11 18 3 98
11 19 3 98
11 20 3 98
12 13 3 23
12 14 3 10
12 15 3 39
12 16 3 10
12 17 3 45
12 18 3 35
12 19 3 43
12 20 3 16
12 21 3 42
12 22 3 85
12 23 3 39
12 24 3 49
12 25 3 91
12 26 3 96
12 27 3 67
12 28 3 91
13 14 3 13
13 15 3 35
13 16 3 24
13 17 3 22
13 18 3 44
13 19 3 11
13 20 3 38
13 21 3 73
13 22 3 47
13 23 3 69
13 24 3 84
13 25 3 58
13 26 3 54
13 27 3 48
13 28 3 32
14 15 3 39
14 16 3 13
14 17 3 26
14 18 3 49
14 19 3 50
14 20 3 17
14 21 3 89
14 22 3 90
14 23 3 48
14 24 3 79
14 25 3 67
14 26 3 87
14 27 3 62
14 28 3 79
15 16 3 41
15 17 3 24
15 18 3 33
15 19 3 10
15 20 3 25
15 21 3 75
15 22 3 31
15 23 3 95
15 24 3 71
15 25 3 66
15 26 3 75
15 27 3 71
15 28 3 93
16 17 3 31
16 18 3 41
16 19 3 27
16 20 3 29
16 21 3 60
16 22 3 88
16 23 3 41
16 24 3 47
16 25 3 78
16 26 3 44
16 27 3 61
16 28 3 95
17 18 3 44
17 19 3 28
17 20 3 19
17 21 3 71
17 22 3 78
17 23 3 46
17 24 3 81
17 25 3 74
17 26 3 44
17 27 3 67
17 28 3 67
18 19 3 50
18 20 3 50
18 21 3 88
18 22 3 40
18 23 3 41
18 24 3 32
18 25 3 48
18 26 3 58
18 27 3 42
18 28 3 61
19 20 3 19
19 21 3 74
19 22 3 40
19 23 3 51
19 24 3 58
19 25 3 31
19 26 3 80
19 27 3 52
19 28 3 68
20 21 3 36
20 22 3 36
20 23 3 70
20 24 3 52
20 25 3 60
20 26 3 35
20 27 3 40
20 28 3 80
21 22 3 11
21 23 3 29
21 24 3 37
21 25 3 12
21 26 3 45
21 27 3 30
21 28 3 36
21 29 3 76
21 30 3 87
21 31 3 62
21 32 3 41
21 33 3 55
21 34 3 43
21 35 3 46
21 36 3 48
21 37 3 40
21 38 3 67
22 23 3 32
22 24 3 35
22 25 3 47
22 26 3 12
22 27 3 33
22 28 3 31
22 29 3 78
22 30 3 60
22 31 3 75
22 32 3 47
22 33 3 77
22 34 3 63
22 35 3 84
22 36 3 75
22 37 3 85
22 38 3 90
23 24 3 28
23 25 3 22
23 26 3 26
23 27 3 10
23 28 3 33
23 29 3 62
23 30 3 70
23 31 3 77
23 32 3 88
23 33 3 35
23 34 3 32
23 35 3 98
23 36 3 45
23 37 3 42
23 38 3 49
24 25 3 14
24 26 3 42
24 27 3 33
24 28 3 37
24 29 3 47
24 30 3 62
24 31 3 30
24 32 3 62
24 33 3 60
24 34 3 76
24 35 3 41
24 36 3 44
24 37 3 39
24 38 3 87
25 26 3 29
25 27 3 27
25 28 3 40
25 29 3 93
25 30 3 69
25 31 3 63
25 32 3 84
25 33 3 84
25 34 3 91
25 35 3 34
25 36 3 68
25 37 3 73
25 38 3 33
26 27 3 45
26 28 3 16
26 29 3 81
26 30 3 90
26 31 3 46
26 32 3 46
26 33 3 83
26 34 3 34
26 35 3 35
26 36 3 51
26 37 3 70
26 38 3 77
27 28 3 11
27 29 3 54
27 30 3 43
27 31 3 40
27 32 3 79
27 33 3 44
27 34 3 45
27 35 3 80
27 36 3 42
27 37 3 58
27 38 3 71
28 29 3 42
28 30 3 49
28 31 3 41
28 32 3 75
28 33 3 52
28 34 3 56
28 35 3 50
28 36 3 33
28 37 3 44
28 38 3 41
29 30 3 15
29 31 3 19
29 32 3 33
29 33 3 33
29 34 3 21
29 35 3 23
29 36 3 47
29 37 3 42
29 38 3 37
29 39 3 91
29 40 3 81
29 41 3 30
29 42 3 58
29 43 3 67
29 44 3 83
29 45 3 52
29 46 3 72
29 47 3 51
30 31 3 23
30 32 3 46
30 33 3 19
30 34 3 32
30 35 3 28
30 36 3 48
30 37 3 37
30 38 3 47
30 39 3 72
30 40 3 58
30 41 3 62
30 42 3 86
30 43 3 65
30 44 3 73
30 45 3 55
30 46 3 98
30 47 3 53
31 32 3 13
31 33 3 28
31 34 3 14
31 35 3 23
31 36 3 37
31 37 3 25
31 38 3 40
31 39 3 75
31 40 3 63
31 41 3 37
31 42 3 53
31 43 3 84
31 44 3 36
31 45 3 85
31 46 3 75
31 47 3 66
32 33 3 16
32 34 3 13
32 35 3 11
32 36 3 36
32 37 3 43
32 38 3 16
32 39 3 41
32 40 3 45
32 41 3 92
32 42 3 33
32 43 3 74
32 44 3 59
32 45 3 93
32 46 3 35
32 47 3 62
33 34 3 34
33 35 3 14
33 36 3 45
33 37 3 50
33 38 3 28
33 39 3 97
33 40 3 34
33 41 3 91
33 42 3 63
33 43 3 32
33 44 3 39
33 45 3 76
33 46 3 36
33 47 3 59
34 35 3 25
34 36 3 19
34 37 3 16
34 38 3 18
34 39 3 82
34 40 3 87
34 41 3 48
34 42 3 96
34 43 3 51
34 44 3 96
34 45 3 83
34 46 3 89
34 47 3 35
35 36 3 11
35 37 3 43
35 38 3 20
35 39 3 35
35 40 3 82
35 41 3 47
35 42 3 44
35 43 3 39
35 44 3 41
35 45 3 100
35 46 3 86
35 47 3 94
36 37 3 14
36 38 3 15
36 39 3 31
36 40 3 57
36 41 3 48
36 42 3 81
36 43 3 52
36 44 3 35
36 45 3 51
36 46 3 81
36 47 3 96
37 38 3 38
37 39 3 45
37 40 3 36
37 41 3 31
37 42 3 91
37 43 3 43
37 44 3 78
37 45 3 70
37 46 3 39
37 47 3 59
38 39 3 53
38 40 3 37
38 41 3 31
38 42 3 87
38 43 3 45
38 44 3 84
38 45 3 42
38 46 3 97
38 47 3 67
39 40 3 14
39 41 3 33
39 42 3 35
39 43 3 49
39 44 3 40
39 45 3 47
39 46 3 45
39 47 3 14
39 48 3 36
39 49 3 50
39 50 3 34
39 51 3 38
39 52 3 52
39 53 3 78
39 54 3 99
39 55 3 74
39 56 3 44
40 41 3 19
40 42 3 46
40 43 3 17
40 44 3 19
40 45 3 32
40 46 3 14
40 47 3 50
40 48 3 77
40 49 3 47
40 50 3 56
40 51 3 86
40 52 3 77
40 53 3 36
40 54 3 55
40 55 3 36
40 56 3 36
41 42 3 26
41 43 3 10
41 44 3 31
41 45 3 10
41 46 3 10
41 47 3 20
41 48 3 45
41 49 3 77
41 50 3 39
41 51 3 64
41 52 3 86
41 53 3 61
41 54 3 53
41 55 3 32
41 56 3 69
42 43 3 38
42 44 3 43
42 45 3 10
42 46 3 43
42 47 3 22
42 48 3 85
42 49 3 32
42 50 3 53
42 51 3 88
42 52 3 66
42 53 3 92
42 54 3 86
42 55 3 76
42 56 3 31
43 44 3 14
43 45 3 39
43 46 3 20
43 47 3 10
43 48 3 30
43 49 3 42
43 50 3 52
43 51 3 52
43 52 3 30
43 53 3 54
43 54 3 33
43 55 3 99
43 56 3 65
44 45 3 25
44 46 3 20
44 47 3 15
44 48 3 57
44 49 3 88
44 50 3 97
44 51 3 41
44 52 3 72
44 53 3 49
44 54 3 46
44 55 3 97
44 56 3 55
45 46 3 33
45 47 3 32
45 48 3 47
45 49 3 37
45 50 3 60
45 51 3 55
45 52 3 94
45 53 3 89
45 54 3 59
45 55 3 100
45 56 3 98
46 47 3 35
46 48 3 61
46 49 3 44
46 50 3 78
46 51 3 72
46 52 3 91
46 53 3 88
46 54 3 37
46 55 3 40
46 56 3 42
47 48 3 67
47 49 3 56
47 50 3 33
47 51 3 45
47 52 3 44
47 53 3 93
47 54 3 79
47 55 3 78
47 56 3 93
48 49 3 38
48 50 3 49
48 51 3 16
48 52 3 47
48 53 3 18
48 54 3 41
48 55 3 35
48 56 3 11
48 57 3 31
48 58 3 68
48 59 3 94
48 60 3 79
48 61 3 74
48 62 3 65
48 63 3 79
48 64 3 86
48 65 3 48
49 50 3 44
49 51 3 41
49 52 3 25
49 53 3 43
49 54 3 23
49 55 3 23
49 56 3 45
49 57 3 67
49 58 3 41
49 59 3 36
49 60 3 36
49 61 3 70
49 62 3 58
49 63 3 33
49 64 3 94
49 65 3 74
50 51 3 14
50 52 3 28
50 53 3 23
50 54 3 33
50 55 3 36
50 56 3 50
50 57 3 31
50 58 3 77
50 59 3 81
50 60 3 70
50 61 3 58
50 62 3 58
50 63 3 63
50 64 3 49
50 65 3 72
51 52 3 35
51 53 3 10
51 54 3 41
51 55 3 15
51 56 3 42
51 57 3 67
51 58 3 41
51 59 3 46
51 60 3 82
51 61 3 66
51 62 3 62
51 63 3 42
51 64 3 46
51 65 3 99
52 53 3 35
52 54 3 15
52 55 3 10
52 56 3 31
52 57 3 66
52 58 3 36
52 59 3 65
52 60 3 30
52 61 3 63
52 62 3 55
52 63 3 51
52 64 3 32
52 65 3 80
53 54 3 35
53 55 3 35
53 56 3 41
53 57 3 81
53 58 3 87
53 59 3 63
53 60 3 64
53 61 3 52
53 62 3 87
53 63 3 68
53 64 3 96
53 65 3 90
54 55 3 50
54 56 3 27
54 57 3 55
54 58 3 89
54 59 3 95
54 60 3 90
54 61 3 72
54 62 3 33
54 63 3 46
54 64 3 61
54 65 3 33
55 56 3 17
55 57 3 65
55 58 3 95
55 59 3 33
55 60 3 54
55 61 3 50
55 62 3 93
55 63 3 58
55 64 3 62
55 65 3 44
56 57 3 54
56 58 3 53
56 59 3 97
56 60 3 42
56 61 3 36
56 62 3 81
56 63 3 50
56 64 3 60
56 65 3 68
57 58 3 29
57 59 3 23
57 60 3 13
57 61 3 13
57 62 3 18
57 63 3 11
57 64 3 34
57 65 3 44
57 66 3 71
57 67 3 70
57 68 3 90
57 69 3 95
57 70 3 67
57 71 3 64
57 72 3 39
57 73 3 56
57 74 3 71
57 75 3 54
57 76 3 57
57 77 3 74
58 59 3 43
58 60 3 26
58 61 3 50
58 62 3 47
58 63 3 22
58 64 3 33
58 65 3 33
58 66 3 54
58 67 3 68
58 68 3 41
58 69 3 54
58 70 3 37
58 71 3 56
58 72 3 61
58 73 3 32
58 74 3 84
58 75 3 60
58 76 3 99
58 77 3 44
59 60 3 10
59 61 3 49
59 62 3 20
59 63 3 34
59 64 3 45
59 65 3 47
59 66 3 82
59 67 3 44
59 68 3 91
59 69 3 63
59 70 3 73
59 71 3 96
59 72 3 80
59 73 3 30
59 74 3 66
59 75 3 99
59 76 3 90
59 77 3 91
60 61 3 35
60 62 3 41
60 63 3 40
60 64 3 47
60 65 3 40
60 66 3 69
60 67 3 35
60 68 3 82
60 69 3 80
60 70 3 89
60 71 3 82
60 72 3 43
60 73 3 64
60 74 3 99
60 75 3 64
60 76 3 91
60 77 3 49
61 62 3 24
61 63 3 49
61 64 3 16
61 65 3 21
61 66 3 30
61 67 3 66
61 68 3 45
61 69 3 75
61 70 3 34
61 71 3 75
61 72 3 96
61 73 3 99
61 74 3 50
61 75 3 57
61 76 3 91
61 77 3 39
62 63 3 35
62 64 3 15
62 65 3 16
62 66 3 97
62 67 3 40
62 68 3 54
62 69 3 50
62 70 3 68
62 71 3 91
62 72 3 34
62 73 3 92
62 74 3 61
62 75 3 94
62 76 3 56
62 77 3 44
63 64 3 50
63 65 3 47
63 66 3 74
63 67 3 67
63 68 3 97
63 69 3 53
63 70 3 97
63 71 3 96
63 72 3 71
63 73 3 53
63 74 3 78
63 75 3 49
63 76 3 67
63 77 3 85
64 65 3 22
64 66 3 74
64 67 3 44
64 68 3 50
64 69 3 50
64 70 3 51
64 71 3 32
64 72 3 64
64 73 3 75
64 74 3 42
64 75 3 37
64 76 3 78
64 77 3 95
65 66 3 69
65 67 3 96
65 68 3 35
65 69 3 100
65 70 3 61
65 71 3 100
65 72 3 64
65 73 3 61
65 74 3 93
65 75 3 33
65 76 3 100
65 77 3 81
66 67 3 19
66 68 3 29
66 69 3 14
66 70 3 16
66 71 3 23
66 72 3 49
66 73 3 17
66 74 3 27
66 75 3 48
66 76 3 48
66 77 3 36
66 78 3 70
66 79 3 67
66 80 3 46
66 81 3 44
66 82 3 68
66 83 3 51
66 84 3 61
66 85 3 90
66 86 3 53
66 87 3 55
67 68 3 28
67 69 3 49
67 70 3 11
67 71 3 26
67 72 3 37
67 73 3 44
67 74 3 20
67 75 3 10
67 76 3 13
67 77 3 41
67 78 3 37
67 79 3 31
67 80 3 53
67 81 3 58
67 82 3 76
67 83 3 31
67 84 3 72
67 85 3 54
67 86 3 90
67 87 3 94
68 69 3 26
68 70 3 43
68 71 3 19
68 72 3 38
68 73 3 33
68 74 3 27
68 75 3 15
68 76 3 48
68 77 3 16
68 78 3 51
68 79 3 54
68 80 3 41
68 81 3 53
68 82 3 63
68 83 3 95
68 84 3 80
68 85 3 39
68 86 3 38
68 87 3 74
69 70 3 18
69 71 3 49
69 72 3 23
69 73 3 33
69 74 3 42
69 75 3 21
69 76 3 50
69 77 3 33
69 78 3 37
69 79 3 65
69 80 3 63
69 81 3 83
69 82 3 36
69 83 3 77
69 84 3 61
69 85 3 45
69 86 3 74
69 87 3 57
70 71 3 35
70 72 3 44
70 73 3 12
70 74 3 29
70 75 3 37
70 76 3 46
70 77 3 14
70 78 3 33
70 79 3 82
70 80 3 59
70 81 3 37
70 82 3 69
70 83 3 67
70 84 3 69
70 85 3 35
70 86 3 85
70 87 3 44
71 72 3 32
71 73 3 25
71 74 3 28
71 75 3 21
71 76 3 27
71 77 3 30
71 78 3 95
71 79 3 89
71 80 3 98
71 81 3 79
71 82 3 68
71 83 3 95
71 84 3 87
71 85 3 51
71 86 3 72
71 87 3 31
72 73 3 19
72 74 3 44
72 75 3 47
72 76 3 42
72 77 3 18
72 78 3 30
72 79 3 45
72 80 3 52
72 81 3 80
72 82 3 48
72 83 3 98
72 84 3 76
72 85 3 91
72 86 3 69
72 87 3 99
73 74 3 21
73 75 3 16
73 76 3 31
73 77 3 44
73 78 3 71
73 79 3 48
73 80 3 55
73 81 3 76
73 82 3 47
73 83 3 62
73 84 3 84
73 85 3 42
73 86 3 99
73 87 3 62
74 75 3 20
74 76 3 49
74 77 3 43
74 78 3 92
74 79 3 63
74 80 3 45
74 81 3 48
74 82 3 86
74 83 3 81
74 84 3 76
74 85 3 57
74 86 3 77
74 87 3 65
75 76 3 43
75 77 3 49
75 78 3 62
75 79 3 98
75 80 3 51
75 81 3 34
75 82 3 62
75 83 3 69
75 84 3 38
75 85 3 31
75 86 3 47
75 87 3 82
76 77 3 32
76 78 3 53
76 79 3 94
76 80 3 47
76 81 3 46
76 82 3 64
76 83 3 62
76 84 3 76
76 85 3 75
76 86 3 52
76 87 3 82
77 78 3 75
77 79 3 50
77 80 3 86
77 81 3 35
77 82 3 73
77 83 3 69
77 84 3 66
77 85 3 99
77 86 3 90
77 87 3 97
78 79 3 14
78 80 3 45
78 81 3 43
78 82 3 36
78 83 3 37
78 84 3 33
78 85 3 25
78 86 3 22
78 87 3 16
78 88 3 66
78 89 3 49
78 90 3 67
78 91 3 99
78 92 3 62
78 93 3 33
78 94 3 68
78 95 3 91
78 96 3 80
78 97 3 49
78 98 3 33
78 99 3 88
79 80 3 27
79 81 3 13
79 82 3 40
79 83 3 16
79 84 3 18
79 85 3 19
79 86 3 44
79 87 3 43
79 88 3 71
79 89 3 89
79 90 3 61
79 91 3 98
79 92 3 48
79 93 3 62
79 94 3 45
79 95 3 58
79 96 3 50
79 97 3 53
79 98 3 34
79 99 3 46
80 81 3 39
80 82 3 20
80 83 3 11
80 84 3 49
80 85 3 15
80 86 3 49
80 87 3 32
80 88 3 79
80 89 3 55
80 90 3 43
80 91 3 49
80 92 3 40
80 93 3 66
80 94 3 57
80 95 3 92
80 96 3 89
80 97 3 33
80 98 3 56
80 99 3 57
81 82 3 23
81 83 3 36
81 84 3 36
81 85 3 30
81 86 3 28
81 87 3 44
81 88 3 43
81 89 3 40
81 90 3 63
81 91 3 70
81 92 3 43
81 93 3 86
81 94 3 98
81 95 3 86
81 96 3 89
81 97 3 86
81 98 3 37
81 99 3 71
82 83 3 18
82 84 3 28
82 85 3 46
82 86 3 12
82 87 3 38
82 88 3 49
82 89 3 89
82 90 3 44
82 91 3 84
82 92 3 50
82 93 3 86
82 94 3 58
82 95 3 40
82 96 3 99
82 97 3 49
82 98 3 74
82 99 3 60
83 84 3 29
83 85 3 48
83 86 3 12
83 87 3 49
83 88 3 79
83 89 3 100
83 90 3 95
83 91 3 32
83 92 3 64
83 93 3 42
83 94 3 67
83 95 3 47
83 96 3 62
83 97 3 53
83 98 3 77
83 99 3 94
84 85 3 13
84 86 3 27
84 87 3 24
84 88 3 40
84 89 3 38
84 90 3 48
84 91 3 47
84 92 3 76
84 93 3 78
84 94 3 53
84 95 3 31
84 96 3 85
84 97 3 89
84 98 3 85
84 99 3 78
85 86 3 37
85 87 3 24
85 88 3 68
85 89 3 85
85 90 3 88
85 91 3 86
85 92 3 76
85 93 3 40
85 94 3 48
85 95 3 97
85 96 3 87
85 97 3 84
85 98 3 68
85 99 3 44
86 87 3 14
86 88 3 92
86 89 3 55
86 90 3 51
86 91 3 74
86 92 3 78
86 93 3 68
86 94 3 73
86 95 3 45
86 96 3 65
86 97 3 94
86 98 3 92
86 99 3 71
87 88 3 36
87 89 3 48
87 90 3 99
87 91 3 63
87 92 3 62
87 93 3 79
87 94 3 92
87 95 3 85
87 96 3 77
87 97 3 41
87 98 3 38
87 99 3 98
88 89 3 11
88 90 3 37
88 91 3 11
88 92 3 29
88 93 3 12
88 94 3 48
88 95 3 13
88 96 3 21
88 97 3 12
88 98 3 45
88 99 3 50
88 100 3 92
89 90 3 14
89 91 3 30
89 92 3 40
89 93 3 37
89 94 3 45
89 95 3 19
89 96 3 18
89 97 3 43
89 98 3 24
89 99 3 30
89 100 3 78
90 91 3 26
90 92 3 44
90 93 3 28
90 94 3 37
90 95 3 16
90 96 3 17
90 97 3 50
90 98 3 32
90 99 3 18
90 100 3 97
91 92 3 14
91 93 3 37
91 94 3 32
91 95 3 27
91 96 3 34
91 97 3 49
91 98 3 32
91 99 3 35
91 100 3 37
92 93 3 10
92 94 3 19
92 95 3 26
92 96 3 46
92 97 3 11
92 98 3 11
92 99 3 14
92 100 3 52
93 94 3 14
93 95 3 37
93 96 3 45
93 97 3 36
93 98 3 28
93 99 3 22
93 100 3 34
94 95 3 49
94 96 3 16
94 97 3 18
94 98 3 42
94 99 3 19
94 100 3 79
95 96 3 28
95 97 3 46
95 98 3 28
95 99 3 42
95 100 3 80
96 97 3 47
96 98 3 50
96 99 3 20
96 100 3 61
97 98 3 26
97 99 3 26
97 100 3 73
98 99 3 47
98 100 3 96
99 100 3 34

