1 2 1 93
1 3 1 49
1 4 1 32
1 5 1 78
1 6 1 48
1 7 1 74
1 8 1 80
1 9 1 92
1 10 1 78
1 11 1 84
2 3 1 13
2 4 1 17
2 5 1 19
2 6 1 27
2 7 1 32
2 8 1 14
2 9 1 14
2 10 1 36
2 11 1 14
2 12 1 42
2 13 1 49
2 14 1 94
2 15 1 45
2 16 1 77
2 17 1 71
2 18 1 79
2 19 1 64
2 20 1 30
2 21 1 98
3 4 1 10
3 5 1 43
3 6 1 13
3 7 1 41
3 8 1 46
3 9 1 34
3 10 1 28
3 11 1 43
3 12 1 91
3 13 1 42
3 14 1 81
3 15 1 76
3 16 1 45
3 17 1 72
3 18 1 100
3 19 1 84
3 20 1 50
3 21 1 59
4 5 1 24
4 6 1 31
4 7 1 39
4 8 1 20
4 9 1 10
4 10 1 18
4 11 1 21
4 12 1 61
4 13 1 90
4 14 1 88
4 15 1 92
4 16 1 33
4 17 1 36
4 18 1 69
4 19 1 65
4 20 1 36
4 21 1 38
5 6 1 20
5 7 1 10
5 8 1 20
5 9 1 37
5 10 1 49
5 11 1 47
5 12 1 75
5 13 1 44
5 14 1 75
5 15 1 36
5 16 1 93
5 17 1 48
5 18 1 45
5 19 1 38
5 20 1 35
5 21 1 42
6 7 1 27
6 8 1 50
6 9 1 27
6 10 1 42
6 11 1 31
6 12 1 37
6 13 1 41
6 14 1 54
6 15 1 79
6 16 1 73
6 17 1 35
6 18 1 63
6 19 1 57
6 20 1 64
6 21 1 52
7 8 1 17
7 9 1 28
7 10 1 35
7 11 1 39
7 12 1 55
7 13 1 46
7 14 1 41
7 15 1 97
7 16 1 77
7 17 1 64
7 18 1 51
7 19 1 73
7 20 1 69
7 21 1 31
8 9 1 31
8 10 1 18
8 11 1 10
8 12 1 81
8 13 1 64
8 14 1 75
8 15 1 92
8 16 1 54
8 17 1 31
8 18 1 31
8 19 1 55
8 20 1 62
8 21 1 57
9 10 1 33
9 11 1 25
9 12 1 42
9 13 1 42
9 14 1 49
9 15 1 87
9 16 1 39
9 17 1 50
9 18 1 56
9 19 1 43
9 20 1 45
9 21 1 39
10 11 1 24
10 12 1 71
10 13 1 80
10 14 1 80
10 15 1 35
10 16 1 93
10 17 1 70
10 18 1 41
10 19 1 94
10 20 1 43
10 21 1 58
11 12 1 92
11 13 1 42
11 14 1 98
11 15 1 56
11 16 1 72
11 17 1 31
11 18 1 52
11 19 1 59
11 20 1 71
11 21 1 78
12 13 1 45
12 14 1 46
12 15 1 10
12 16 1 24
12 17 1 48
12 18 1 42
12 19 1 11
12 20 1 45
12 21 1 34
12 22 1 40
12 23 1 78
12 24 1 64
12 25 1 51
12 26 1 56
12 27 1 45
12 28 1 51
12 29 1 44
12 30 1 44
12 31 1 53
12 32 1 54
12 33 1 80
13 14 1 37
13 15 1 46
13 16 1 12
13 17 1 21
13 18 1 18
13 19 1 24
13 20 1 28
13 21 1 20
13 22 1 46
13 23 1 64
13 24 1 84
13 25 1 78
13 26 1 33
13 27 1 91
13 28 1 66
13 29 1 72
13 30 1 99
13 31 1 60
13 32 1 87
13 33 1 60
14 15 1 41
14 16 1 36
14 17 1 30
14 18 1 31
14 19 1 13
14 20 1 37
14 21 1 40
14 22 1 53
14 23 1 78
14 24 1 83
14 25 1 47
14 26 1 70
14 27 1 89
14 28 1 43
14 29 1 88
14 30 1 33
14 31 1 85
14 32 1 74
14 33 1 31
15 16 1 41
15 17 1 40
15 18 1 50
15 19 1 36
15 20 1 25
15 21 1 32
15 22 1 66
15 23 1 49
15 24 1 99
15 25 1 69
15 26 1 44
15 27 1 57
15 28 1 77
15 29 1 94
15 30 1 44
15 31 1 52
15 32 1 77
15 33 1 37
16 17 1 19
16 18 1 11
16 19 1 35
16 20 1 18
16 21 1 35
16 22 1 33
16 23 1 37
16 24 1 74
16 25 1 100
16 26 1 52
16 27 1 33
16 28 1 50
16 29 1 33
16 30 1 94
16 31 1 48
16 32 1 49
16 33 1 82
17 18 1 47
17 19 1 34
17 20 1 44
17 21 1 11
17 22 1 62
17 23 1 96
17 24 1 89
17 25 1 95
17 26 1 85
17 27 1 37
17 28 1 86
17 29 1 99
17 30 1 36
17 31 1 88
17 32 1 49
17 33 1 68
18 19 1 15
18 20 1 10
18 21 1 29
18 22 1 41
18 23 1 54
18 24 1 65
18 25 1 58
18 26 1 50
18 27 1 59
18 28 1 92
18 29 1 92
18 30 1 73
18 31 1 85
18 32 1 40
18 33 1 45
19 20 1 12
19 21 1 11
19 22 1 68
19 23 1 81
19 24 1 44
19 25 1 63
19 26 1 41
19 27 1 100
19 28 1 56
19 29 1 61
19 30 1 42
19 31 1 48
19 32 1 81
19 33 1 93
20 21 1 15
20 22 1 87
20 23 1 99
20 24 1 34
20 25 1 33
20 26 1 87
20 27 1 88
20 28 1 90
20 29 1 94
20 30 1 38
20 31 1 67
20 32 1 79
20 33 1 37
21 22 1 50
21 23 1 66
21 24 1 50
21 25 1 80
21 26 1 74
21 27 1 37
21 28 1 59
21 29 1 96
21 30 1 80
21 31 1 79
21 32 1 51
21 33 1 48
22 23 1 49
22 24 1 38
22 25 1 45
22 26 1 16
22 27 1 31
22 28 1 46
22 29 1 34
22 30 1 20
22 31 1 22
22 32 1 27
22 33 1 38
22 34 1 47
22 35 1 48
22 36 1 63
22 37 1 60
22 38 1 83
22 39 1 53
22 40 1 100
22 41 1 59
22 42 1 94
22 43 1 86
23 24 1 49
23 25 1 34
23 26 1 28
23 27 1 40
23 28 1 28
23 29 1 42
23 30 1 37
23 31 1 43
23 32 1 20
23 33 1 43
23 34 1 64
23 35 1 52
23 36 1 34
23 37 1 41
23 38 1 88
23 39 1 37
23 40 1 34
23 41 1 44
23 42 1 52
23 43 1 48
24 25 1 35
24 26 1 18
24 27 1 33
24 28 1 37
24 29 1 22
24 30 1 48
24 31 1 16
24 32 1 31
24 33 1 19
24 34 1 47
24 35 1 88
24 36 1 91
24 37 1 63
24 38 1 91
24 39 1 88
24 40 1 54
24 41 1 41
24 42 1 47
24 43 1 93
25 26 1 13
25 27 1 39
25 28 1 22
25 29 1 21
25 30 1 38
25 31 1 44
25 32 1 29
25 33 1 15
25 34 1 37
25 35 1 95
25 36 1 90
25 37 1 82
25 38 1 78
25 39 1 53
25 40 1 89
25 41 1 83
25 42 1 48
25 43 1 91
26 27 1 43
26 28 1 43
26 29 1 10
26 30 1 25
26 31 1 31
26 32 1 25
26 33 1 11
26 34 1 55
26 35 1 65
26 36 1 61
26 37 1 70
26 38 1 67
26 39 1 42
26 40 1 49
26 41 1 62
26 42 1 92
26 43 1 55
27 28 1 25
27 29 1 32
27 30 1 36
27 31 1 44
27 32 1 30
27 33 1 37
27 34 1 92
27 35 1 76
27 36 1 61
27 37 1 78
27 38 1 87
27 39 1 78
27 40 1 67
27 41 1 38
27 42 1 32
27 43 1 42
28 29 1 36
28 30 1 47
28 31 1 12
28 32 1 39
28 33 1 29
28 34 1 46
28 35 1 64
28 36 1 53
28 37 1 62
28 38 1 93
28 39 1 76
28 40 1 60
28 41 1 61
28 42 1 41
28 43 1 100
29 30 1 10
29 31 1 19
29 32 1 13
29 33 1 50
29 34 1 76
29 35 1 80
29 36 1 39
29 37 1 32
29 38 1 48
29 39 1 57
29 40 1 53
29 41 1 60
29 42 1 31
29 43 1 73
30 31 1 44
30 32 1 45
30 33 1 35
30 34 1 48
30 35 1 81
30 36 1 79
30 37 1 58
30 38 1 56
30 39 1 68
30 40 1 44
30 41 1 42
30 42 1 78
30 43 1 74
31 32 1 41
31 33 1 40
31 34 1 74
31 35 1 78
31 36 1 95
31 37 1 60
31 38 1 54
31 39 1 70
31 40 1 42
31 41 1 67
31 42 1 75
31 43 1 45
32 33 1 48
32 34 1 36
32 35 1 93
32 36 1 68
32 37 1 77
32 38 1 63
32 39 1 88
32 40 1 80
32 41 1 99
32 42 1 78
32 43 1 77
33 34 1 79
33 35 1 59
33 36 1 54
33 37 1 35
33 38 1 97
33 39 1 32
33 40 1 37
33 41 1 47
33 42 1 87
33 43 1 86
34 35 1 31
34 36 1 28
34 37 1 37
34 38 1 30
34 39 1 46
34 40 1 44
34 41 1 13
34 42 1 12
34 43 1 43
34 44 1 73
34 45 1 41
34 46 1 64
34 47 1 88
34 48 1 74
34 49 1 75
34 50 1 86
34 51 1 47
34 52 1 98
35 36 1 30
35 37 1 37
35 38 1 36
35 39 1 50
35 40 1 50
35 41 1 28
35 42 1 24
35 43 1 37
35 44 1 41
35 45 1 92
35 46 1 57
35 47 1 36
35 48 1 40
35 49 1 97
35 50 1 32
35 51 1 65
35 52 1 37
36 37 1 31
36 38 1 26
36 39 1 43
36 40 1 36
36 41 1 25
36 42 1 32
36 43 1 33
36 44 1 49
36 45 1 72
36 46 1 37
36 47 1 80
36 48 1 89
36 49 1 75
36 50 1 40
36 51 1 45
36 52 1 54
37 38 1 22
37 39 1 16
37 40 1 35
37 41 1 19
37 42 1 26
37 43 1 12
37 44 1 90
37 45 1 100
37 46 1 89
37 47 1 54
37 48 1 83
37 49 1 81
37 50 1 49
37 51 1 54
37 52 1 75
38 39 1 35
38 40 1 15
38 41 1 33
38 42 1 48
38 43 1 37
38 44 1 80
38 45 1 75
38 46 1 49
38 47 1 89
38 48 1 97
38 49 1 40
38 50 1 48
38 51 1 71
38 52 1 97
39 40 1 18
39 41 1 40
39 42 1 31
39 43 1 11
39 44 1 32
39 45 1 77
39 46 1 30
39 47 1 53
39 48 1 50
39 49 1 77
39 50 1 79
39 51 1 100
39 52 1 97
40 41 1 46
40 42 1 10
40 43 1 12
40 44 1 74
40 45 1 41
40 46 1 36
40 47 1 81
40 48 1 93
40 49 1 52
40 50 1 100
40 51 1 79
40 52 1 61
41 42 1 47
41 43 1 46
41 44 1 37
41 45 1 99
41 46 1 81
41 47 1 82
41 48 1 69
41 49 1 36
41 50 1 60
41 51 1 87
41 52 1 69
42 43 1 38
42 44 1 66
42 45 1 34
42 46 1 89
42 47 1 67
42 48 1 99
42 49 1 61
42 50 1 61
42 51 1 35
42 52 1 45
43 44 1 91
43 45 1 48
43 46 1 34
43 47 1 61
43 48 1 56
43 49 1 71
43 50 1 46
43 51 1 31
43 52 1 65
44 45 1 32
44 46 1 43
44 47 1 46
44 48 1 32
44 49 1 22
44 50 1 27
44 51 1 24
44 52 1 48
44 53 1 74
44 54 1 95
44 55 1 62
44 56 1 97
44 57 1 98
44 58 1 75
44 59 1 65
44 60 1 50
45 46 1 42
45 47 1 21
45 48 1 30
45 49 1 19
45 50 1 32
45 51 1 10
45 52 1 26
45 53 1 56
45 54 1 94
45 55 1 93
45 56 1 73
45 57 1 100
45 58 1 94
45 59 1 47
45 60 1 99
46 47 1 37
46 48 1 47
46 49 1 28
46 50 1 40
46 51 1 39
46 52 1 47
46 53 1 69
46 54 1 31
46 55 1 70
46 56 1 62
46 57 1 93
46 58 1 88
46 59 1 69
46 60 1 36
47 48 1 35
47 49 1 31
47 50 1 50
47 51 1 14
47 52 1 50
47 53 1 81
47 54 1 65
47 55 1 46
47 56 1 80
47 57 1 43
47 58 1 64
47 59 1 55
47 60 1 99
48 49 1 12
48 50 1 34
48 51 1 42
48 52 1 14
48 53 1 49
48 54 1 65
48 55 1 71
48 56 1 44
48 57 1 92
48 58 1 42
48 59 1 33
48 60 1 97
49 50 1 50
49 51 1 21
49 52 1 27
49 53 1 35
49 54 1 40
49 55 1 74
49 56 1 84
49 57 1 71
49 58 1 31
49 59 1 89
49 60 1 88
50 51 1 33
50 52 1 17
50 53 1 63
50 54 1 79
50 55 1 44
50 56 1 48
50 57 1 93
50 58 1 91
50 59 1 69
50 60 1 94
51 52 1 48
51 53 1 45
51 54 1 53
51 55 1 90
51 56 1 65
51 57 1 69
51 58 1 42
51 59 1 33
51 60 1 44
52 53 1 82
52 54 1 88
52 55 1 66
52 56 1 86
52 57 1 74
52 58 1 51
52 59 1 47
52 60 1 64
53 54 1 24
53 55 1 40
53 56 1 41
53 57 1 41
53 58 1 23
53 59 1 34
53 60 1 18
53 61 1 65
53 62 1 55
53 63 1 90
53 64 1 31
53 65 1 90
53 66 1 85
53 67 1 41
53 68 1 61
53 69 1 70
53 70 1 100
54 55 1 10
54 56 1 31
54 57 1 11
54 58 1 46
54 59 1 40
54 60 1 15
54 61 1 58
54 62 1 78
54 63 1 99
54 64 1 73
54 65 1 71
54 66 1 89
54 67 1 77
54 68 1 72
54 69 1 33
54 70 1 81
55 56 1 15
55 57 1 15
55 58 1 45
55 59 1 18
55 60 1 32
55 61 1 85
55 62 1 86
55 63 1 31
55 64 1 80
55 65 1 99
55 66 1 64
55 67 1 32
55 68 1 64
55 69 1 85
55 70 1 81
56 57 1 41
56 58 1 35
56 59 1 37
56 60 1 35
56 61 1 95
56 62 1 47
56 63 1 75
56 64 1 45
56 65 1 92
56 66 1 83
56 67 1 67
56 68 1 57
56 69 1 42
56 70 1 71
57 58 1 23
57 59 1 46
57 60 1 41
57 61 1 34
57 62 1 85
57 63 1 82
57 64 1 68
57 65 1 85
57 66 1 52
57 67 1 59
57 68 1 74
57 69 1 66
57 70 1 47
58 59 1 45
58 60 1 17
58 61 1 38
58 62 1 100
58 63 1 92
58 64 1 86
58 65 1 88
58 66 1 61
58 67 1 67
58 68 1 54
58 69 1 51
58 70 1 81
59 60 1 32
59 61 1 30
59 62 1 54
59 63 1 90
59 64 1 81
59 65 1 92
59 66 1 49
59 67 1 31
59 68 1 47
59 69 1 72
59 70 1 99
60 61 1 55
60 62 1 68
60 63 1 71
60 64 1 63
60 65 1 80
60 66 1 100
60 67 1 77
60 68 1 59
60 69 1 38
60 70 1 94
61 62 1 17
61 63 1 22
61 64 1 39
61 65 1 33
61 66 1 43
61 67 1 26
61 68 1 14
61 69 1 12
61 70 1 10
61 71 1 45
61 72 1 71
61 73 1 88
61 74 1 99
61 75 1 50
61 76 1 61
61 77 1 35
61 78 1 50
61 79 1 88
62 63 1 46
62 64 1 27
62 65 1 13
62 66 1 21
62 67 1 44
62 68 1 27
62 69 1 15
62 70 1 27
62 71 1 57
62 72 1 99
62 73 1 60
62 74 1 97
62 75 1 70
62 76 1 42
62 77 1 100
62 78 1 50
62 79 1 65
63 64 1 19
63 65 1 15
63 66 1 15
63 67 1 10
63 68 1 10
63 69 1 36
63 70 1 47
63 71 1 77
63 72 1 55
63 73 1 95
63 74 1 82
63 75 1 99
63 76 1 50
63 77 1 61
63 78 1 90
63 79 1 60
64 65 1 46
64 66 1 31
64 67 1 18
64 68 1 13
64 69 1 47
64 70 1 15
64 71 1 56
64 72 1 61
64 73 1 41
64 74 1 83
64 75 1 61
64 76 1 64
64 77 1 89
64 78 1 76
64 79 1 71
65 66 1 44
65 67 1 14
65 68 1 50
65 69 1 14
65 70 1 41
65 71 1 38
65 72 1 93
65 73 1 77
65 74 1 43
65 75 1 61
65 76 1 45
65 77 1 60
65 78 1 73
65 79 1 72
66 67 1 23
66 68 1 49
66 69 1 12
66 70 1 26
66 71 1 78
66 72 1 55
66 73 1 70
66 74 1 87
66 75 1 53
66 76 1 52
66 77 1 61
66 78 1 66
66 79 1 79
67 68 1 29
67 69 1 32
67 70 1 45
67 71 1 68
67 72 1 76
67 73 1 48
67 74 1 60
67 75 1 70
67 76 1 53
67 77 1 88
67 78 1 38
67 79 1 58
68 69 1 24
68 70 1 38
68 71 1 99
68 72 1 82
68 73 1 56
68 74 1 51
68 75 1 38
68 76 1 100
68 77 1 59
68 78 1 76
68 79 1 79
69 70 1 43
69 71 1 49
69 72 1 54
69 73 1 66
69 74 1 31
69 75 1 98
69 76 1 73
69 77 1 63
69 78 1 67
69 79 1 50
70 71 1 55
70 72 1 32
70 73 1 34
70 74 1 48
70 75 1 30
70 76 1 46
70 77 1 83
70 78 1 99
70 79 1 92
71 72 1 23
71 73 1 20
71 74 1 40
71 75 1 15
71 76 1 11
71 77 1 36
71 78 1 30
71 79 1 38
71 80 1 62
71 81 1 30
71 82 1 52
71 83 1 43
71 84 1 73
71 85 1 77
71 86 1 81
71 87 1 44
71 88 1 30
72 73 1 29
72 74 1 23
72 75 1 31
72 76 1 34
72 77 1 50
72 78 1 18
72 79 1 18
72 80 1 46
72 81 1 80
72 82 1 58
72 83 1 31
72 84 1 77
72 85 1 87
72 86 1 54
72 87 1 49
72 88 1 49
73 74 1 25
73 75 1 15
73 76 1 19
73 77 1 23
73 78 1 43
73 79 1 39
73 80 1 39
73 81 1 55
73 82 1 85
73 83 1 84
73 84 1 77
73 85 1 59
73 86 1 67
73 87 1 93
73 88 1 58
74 75 1 16
74 76 1 43
74 77 1 41
74 78 1 29
74 79 1 37
74 80 1 61
74 81 1 41
74 82 1 33
74 83 1 30
74 84 1 35
74 85 1 72
74 86 1 72
74 87 1 75
74 88 1 93
75 76 1 20
75 77 1 50
75 78 1 21
75 79 1 20
75 80 1 46
75 81 1 55
75 82 1 83
75 83 1 94
75 84 1 100
75 85 1 100
75 86 1 46
75 87 1 97
75 88 1 59
76 77 1 36
76 78 1 44
76 79 1 31
76 80 1 76
76 81 1 94
76 82 1 77
76 83 1 48
76 84 1 58
76 85 1 75
76 86 1 53
76 87 1 48
76 88 1 43
77 78 1 15
77 79 1 16
77 80 1 93
77 81 1 84
77 82 1 65
77 83 1 87
77 84 1 82
77 85 1 74
77 86 1 55
77 87 1 45
77 88 1 98
78 79 1 32
78 80 1 100
78 81 1 70
78 82 1 70
78 83 1 43
78 84 1 70
78 85 1 89
78 86 1 73
78 87 1 91
78 88 1 87
79 80 1 81
79 81 1 35
79 82 1 46
79 83 1 32
79 84 1 92
79 85 1 73
79 86 1 41
79 87 1 43
79 88 1 86
80 81 1 30
80 82 1 42
80 83 1 20
80 84 1 38
80 85 1 23
80 86 1 31
80 87 1 14
80 88 1 24
80 89 1 90
80 90 1 75
80 91 1 34
80 92 1 92
80 93 1 85
80 94 1 75
80 95 1 90
80 96 1 95
80 97 1 63
80 98 1 87
80 99 1 34
81 82 1 31
81 83 1 23
81 84 1 18
81 85 1 28
81 86 1 31
81 87 1 20
81 88 1 14
81 89 1 49
81 90 1 72
81 91 1 37
81 92 1 69
81 93 1 39
81 94 1 83
81 95 1 78
81 96 1 72
81 97 1 54
81 98 1 94
81 99 1 44
82 83 1 25
82 84 1 25
82 85 1 50
82 86 1 50
82 87 1 40
82 88 1 47
82 89 1 51
82 90 1 59
82 91 1 64
82 92 1 91
82 93 1 71
82 94 1 44
82 95 1 100
82 96 1 74
82 97 1 40
82 98 1 90
82 99 1 92
83 84 1 20
83 85 1 10
83 86 1 27
83 87 1 24
83 88 1 27
83 89 1 71
83 90 1 61
83 91 1 31
83 92 1 34
83 93 1 99
83 94 1 56
83 95 1 64
83 96 1 82
83 97 1 78
83 98 1 75
83 99 1 62
84 85 1 44
84 86 1 28
84 87 1 34
84 88 1 29
84 89 1 37
84 90 1 60
84 91 1 61
84 92 1 47
84 93 1 65
84 94 1 68
84 95 1 72
84 96 1 43
84 97 1 98
84 98 1 82
84 99 1 85
85 86 1 39
85 87 1 45
85 88 1 46
85 89 1 71
85 90 1 33
85 91 1 36
85 92 1 51
85 93 1 34
85 94 1 51
85 95 1 75
85 96 1 96
85 97 1 90
85 98 1 93
85 99 1 82
86 87 1 36
86 88 1 40
86 89 1 85
86 90 1 68
86 91 1 47
86 92 1 58
86 93 1 99
86 94 1 43
86 95 1 78
86 96 1 40
86 97 1 41
86 98 1 32
86 99 1 53
87 88 1 25
87 89 1 83
87 90 1 44
87 91 1 91
87 92 1 57
87 93 1 89
87 94 1 44
87 95 1 93
87 96 1 93
87 97 1 90
87 98 1 48
87 99 1 76
88 89 1 46
88 90 1 48
88 91 1 33
88 92 1 59
88 93 1 56
88 94 1 55
88 95 1 34
88 96 1 64
88 97 1 67
88 98 1 51
88 99 1 87
89 90 1 32
89 91 1 28
89 92 1 34
89 93 1 46
89 94 1 28
89 95 1 47
89 96 1 49
89 97 1 13
89 98 1 18
89 99 1 40
89 100 1 92
90 91 1 29
90 92 1 38
90 93 1 19
90 94 1 37
90 95 1 25
90 96 1 29
90 97 1 41
90 98 1 11
90 99 1 34
90 100 1 43
91 92 1 40
91 93 1 32
91 94 1 11
91 95 1 47
91 96 1 32
91 97 1 14
91 98 1 19
91 99 1 16
91 100 1 71
92 93 1 44
92 94 1 22
92 95 1 44
92 96 1 35
92 97 1 39
92 98 1 42
92 99 1 34
92 100 1 65
93 94 1 50
93 95 1 39
93 96 1 39
93 97 1 13
93 98 1 36
93 99 1 23
93 100 1 49
94 95 1 17
94 96 1 21
94 97 1 12
94 98 1 42
94 99 1 49
94 100 1 75
95 96 1 30
95 97 1 29
95 98 1 29
95 99 1 27
95 100 1 71
96 97 1 16
96 98 1 18
96 99 1 22
96 100 1 94
97 98 1 38
97 99 1 42
97 100 1 39
98 99 1 25
98 100 1 71
99 100 1 80

1 2 2 42
1 3 2 35
1 4 2 32
1 5 2 100
1 6 2 83
1 7 2 74
1 8 2 50
1 9 2 71
1 10 2 45
1 11 2 38
2 3 2 41
2 4 2 17
2 5 2 35
2 6 2 48
2 7 2 27
2 8 2 36
2 9 2 45
2 10 2 33
2 11 2 29
2 12 2 66
2 13 2 100
2 14 2 68
2 15 2 90
2 16 2 46
2 17 2 54
2 18 2 54
2 19 2 97
2 20 2 71
2 21 2 79
3 4 2 29
3 5 2 31
3 6 2 24
3 7 2 31
3 8 2 19
3 9 2 27
3 10 2 40
3 11 2 10
3 12 2 70
3 13 2 32
3 14 2 85
3 15 2 55
3 16 2 77
3 17 2 100
3 18 2 33
3 19 2 57
3 20 2 87
3 21 2 51
4 5 2 39
4 6 2 16
4 7 2 47
4 8 2 48
4 9 2 35
4 10 2 45
4 11 2 41
4 12 2 67
4 13 2 90
4 14 2 84
4 15 2 89
4 16 2 95
4 17 2 32
4 18 2 91
4 19 2 88
4 20 2 44
4 21 2 34
5 6 2 25
5 7 2 12
5 8 2 15
5 9 2 16
5 10 2 48
5 11 2 30
5 12 2 43
5 13 2 74
5 14 2 54
5 15 2 40
5 16 2 63
5 17 2 73
5 18 2 72
5 19 2 80
5 20 2 59
5 21 2 61
6 7 2 29
6 8 2 46
6 9 2 44
6 10 2 21
6 11 2 47
6 12 2 82
6 13 2 96
6 14 2 35
6 15 2 71
6 16 2 45
6 17 2 93
6 18 2 94
6 19 2 46
6 20 2 93
6 21 2 72
7 8 2 30
7 9 2 47
7 10 2 38
7 11 2 26
7 12 2 74
7 13 2 78
7 14 2 54
7 15 2 59
7 16 2 86
7 17 2 93
7 18 2 74
7 19 2 81
7 20 2 98
7 21 2 63
8 9 2 14
8 10 2 44
8 11 2 30
8 12 2 65
8 13 2 63
8 14 2 35
8 15 2 90
8 16 2 86
8 17 2 90
8 18 2 47
8 19 2 55
8 20 2 77
8 21 2 51
9 10 2 22
9 11 2 15
9 12 2 54
9 13 2 88
9 14 2 75
9 15 2 47
9 16 2 91
9 17 2 62
9 18 2 96
9 19 2 88
9 20 2 93
9 21 2 39
10 11 2 33
10 12 2 83
10 13 2 39
10 14 2 50
10 15 2 96
10 16 2 70
10 17 2 84
10 18 2 59
10 19 2 54
10 20 2 40
10 21 2 100
11 12 2 54
11 13 2 84
11 14 2 59
11 15 2 86
11 16 2 59
11 17 2 30
11 18 2 58
11 19 2 100
11 20 2 34
11 21 2 91
12 13 2 46
12 14 2 49
12 15 2 40
12 16 2 17
12 17 2 49
12 18 2 10
12 19 2 25
12 20 2 32
12 21 2 23
12 22 2 54
12 23 2 31
12 24 2 60
12 25 2 94
12 26 2 61
12 27 2 78
12 28 2 93
12 29 2 70
12 30 2 79
12 31 2 70
12 32 2 43
12 33 2 68
13 14 2 46
13 15 2 37
13 16 2 46
13 17 2 12
13 18 2 19
13 19 2 17
13 20 2 29
13 21 2 38
13 22 2 57
13 23 2 65
13 24 2 83
13 25 2 62
13 26 2 90
13 27 2 35
13 28 2 67
13 29 2 98
13 30 2 72
13 31 2 61
13 32 2 54
13 33 2 53
14 15 2 26
14 16 2 43
14 17 2 27
14 18 2 48
14 19 2 20
14 20 2 23
14 21 2 41
14 22 2 75
14 23 2 74
14 24 2 98
14 25 2 38
14 26 2 36
14 27 2 89
14 28 2 41
14 29 2 66
14 30 2 59
14 31 2 35
14 32 2 32
14 33 2 81
15 16 2 27
15 17 2 16
15 18 2 11
15 19 2 49
15 20 2 47
15 21 2 50
15 22 2 44
15 23 2 48
15 24 2 44
15 25 2 84
15 26 2 66
15 27 2 55
15 28 2 73
15 29 2 86
15 30 2 89
15 31 2 62
15 32 2 32
15 33 2 64
16 17 2 19
16 18 2 34
16 19 2 23
16 20 2 45
16 21 2 41
16 22 2 66
16 23 2 77
16 24 2 92
16 25 2 93
16 26 2 78
16 27 2 92
16 28 2 68
16 29 2 42
16 30 2 44
16 31 2 47
16 32 2 92
16 33 2 66
17 18 2 24
17 19 2 17
17 20 2 17
17 21 2 26
17 22 2 91
17 23 2 67
17 24 2 38
17 25 2 61
17 26 2 54
17 27 2 70
17 28 2 37
17 29 2 46
17 30 2 39
17 31 2 73
17 32 2 78
17 33 2 65
18 19 2 36
18 20 2 30
18 21 2 36
18 22 2 52
18 23 2 55
18 24 2 77
18 25 2 99
18 26 2 69
18 27 2 85
18 28 2 63
18 29 2 58
18 30 2 73
18 31 2 99
18 32 2 69
18 33 2 36
19 20 2 26
19 21 2 32
19 22 2 35
19 23 2 84
19 24 2 83
19 25 2 96
19 26 2 52
19 27 2 97
19 28 2 82
19 29 2 47
19 30 2 56
19 31 2 35
19 32 2 30
19 33 2 70
20 21 2 28
20 22 2 76
20 23 2 82
20 24 2 62
20 25 2 85
20 26 2 69
20 27 2 79
20 28 2 92
20 29 2 76
20 30 2 95
20 31 2 92
20 32 2 60
20 33 2 61
21 22 2 55
21 23 2 87
21 24 2 57
21 25 2 73
21 26 2 36
21 27 2 88
21 28 2 31
21 29 2 74
21 30 2 94
21 31 2 37
21 32 2 39
21 33 2 87
22 23 2 15
22 24 2 49
22 25 2 43
22 26 2 12
22 27 2 41
22 28 2 35
22 29 2 14
22 30 2 31
22 31 2 20
22 32 2 44
22 33 2 22
22 34 2 100
22 35 2 92
22 36 2 95
22 37 2 70
22 38 2 51
22 39 2 99
22 40 2 88
22 41 2 71
22 42 2 33
22 43 2 60
23 24 2 17
23 25 2 24
23 26 2 25
23 27 2 44
23 28 2 46
23 29 2 37
23 30 2 20
23 31 2 29
23 32 2 16
23 33 2 37
23 34 2 59
23 35 2 82
23 36 2 93
23 37 2 78
23 38 2 43
23 39 2 68
23 40 2 53
23 41 2 96
23 42 2 56
23 43 2 83
24 25 2 48
24 26 2 29
24 27 2 31
24 28 2 35
24 29 2 13
24 30 2 16
24 31 2 11
24 32 2 31
24 33 2 23
24 34 2 78
24 35 2 51
24 36 2 32
24 37 2 44
24 38 2 55
24 39 2 76
24 40 2 98
24 41 2 76
24 42 2 93
24 43 2 60
25 26 2 32
25 27 2 44
25 28 2 45
25 29 2 31
25 30 2 16
25 31 2 14
25 32 2 37
25 33 2 15
25 34 2 84
25 35 2 47
25 36 2 42
25 37 2 88
25 38 2 49
25 39 2 94
25 40 2 35
25 41 2 80
25 42 2 96
25 43 2 54
26 27 2 33
26 28 2 34
26 29 2 18
26 30 2 48
26 31 2 11
26 32 2 41
26 33 2 42
26 34 2 89
26 35 2 39
26 36 2 32
26 37 2 88
26 38 2 72
26 39 2 76
26 40 2 32
26 41 2 65
26 42 2 68
26 43 2 92
27 28 2 17
27 29 2 45
27 30 2 11
27 31 2 37
27 32 2 30
27 33 2 40
27 34 2 50
27 35 2 80
27 36 2 91
27 37 2 88
27 38 2 56
27 39 2 31
27 40 2 63
27 41 2 58
27 42 2 42
27 43 2 36
28 29 2 44
28 30 2 36
28 31 2 38
28 32 2 40
28 33 2 19
28 34 2 75
28 35 2 93
28 36 2 72
28 37 2 91
28 38 2 39
28 39 2 49
28 40 2 85
28 41 2 48
28 42 2 79
28 43 2 81
29 30 2 33
29 31 2 34
29 32 2 22
29 33 2 45
29 34 2 43
29 35 2 61
29 36 2 70
29 37 2 41
29 38 2 94
29 39 2 69
29 40 2 66
29 41 2 68
29 42 2 67
29 43 2 68
30 31 2 42
30 32 2 12
30 33 2 42
30 34 2 76
30 35 2 54
30 36 2 85
30 37 2 30
30 38 2 50
30 39 2 90
30 40 2 91
30 41 2 71
30 42 2 53
30 43 2 100
31 32 2 46
31 33 2 46
31 34 2 32
31 35 2 79
31 36 2 64
31 37 2 46
31 38 2 35
31 39 2 91
31 40 2 35
31 41 2 47
31 42 2 97
31 43 2 55
32 33 2 35
32 34 2 92
32 35 2 55
32 36 2 61
32 37 2 64
32 38 2 30
32 39 2 76
32 40 2 84
32 41 2 59
32 42 2 50
32 43 2 66
33 34 2 66
33 35 2 96
33 36 2 61
33 37 2 36
33 38 2 95
33 39 2 83
33 40 2 89
33 41 2 60
33 42 2 89
33 43 2 76
34 35 2 28
34 36 2 33
34 37 2 19
34 38 2 37
34 39 2 23
34 40 2 25
34 41 2 42
34 42 2 21
34 43 2 38
34 44 2 66
34 45 2 90
34 46 2 51
34 47 2 71
34 48 2 96
34 49 2 93
34 50 2 56
34 51 2 47
34 52 2 79
35 36 2 31
35 37 2 14
35 38 2 42
35 39 2 15
35 40 2 27
35 41 2 11
35 42 2 43
35 43 2 24
35 44 2 97
35 45 2 54
35 46 2 83
35 47 2 74
35 48 2 84
35 49 2 39
35 50 2 44
35 51 2 68
35 52 2 43
36 37 2 35
36 38 2 25
36 39 2 21
36 40 2 49
36 41 2 37
36 42 2 42
36 43 2 33
36 44 2 39
36 45 2 90
36 46 2 100
36 47 2 44
36 48 2 81
36 49 2 85
36 50 2 68
36 51 2 30
36 52 2 38
37 38 2 40
37 39 2 15
37 40 2 37
37 41 2 40
37 42 2 35
37 43 2 48
37 44 2 88
37 45 2 39
37 46 2 69
37 47 2 35
37 48 2 94
37 49 2 49
37 50 2 31
37 51 2 60
37 52 2 73
38 39 2 14
38 40 2 38
38 41 2 26
38 42 2 31
38 43 2 27
38 44 2 66
38 45 2 90
38 46 2 61
38 47 2 91
38 48 2 53
38 49 2 60
38 50 2 100
38 51 2 50
38 52 2 74
39 40 2 16
39 41 2 29
39 42 2 39
39 43 2 33
39 44 2 43
39 45 2 81
39 46 2 47
39 47 2 75
39 48 2 58
39 49 2 84
39 50 2 62
39 51 2 93
39 52 2 42
40 41 2 29
40 42 2 34
40 43 2 32
40 44 2 42
40 45 2 42
40 46 2 46
40 47 2 91
40 48 2 42
40 49 2 71
40 50 2 51
40 51 2 90
40 52 2 30
41 42 2 26
41 43 2 27
41 44 2 43
41 45 2 72
41 46 2 49
41 47 2 36
41 48 2 70
41 49 2 45
41 50 2 96
41 51 2 81
41 52 2 76
42 43 2 20
42 44 2 31
42 45 2 57
42 46 2 40
42 47 2 78
42 48 2 49
42 49 2 42
42 50 2 71
42 51 2 74
42 52 2 67
43 44 2 64
43 45 2 43
43 46 2 58
43 47 2 52
43 48 2 49
43 49 2 97
43 50 2 55
43 51 2 37
43 52 2 44
44 45 2 27
44 46 2 42
44 47 2 35
44 48 2 20
44 49 2 38
44 50 2 31
44 51 2 49
44 52 2 20
44 53 2 57
44 54 2 85
44 55 2 43
44 56 2 91
44 57 2 65
44 58 2 63
44 59 2 64
44 60 2 41
45 46 2 15
45 47 2 27
45 48 2 36
45 49 2 24
45 50 2 44
45 51 2 38
45 52 2 38
45 53 2 36
45 54 2 82
45 55 2 88
45 56 2 45
45 57 2 71
45 58 2 42
45 59 2 55
45 60 2 36
46 47 2 20
46 48 2 39
46 49 2 15
46 50 2 43
46 51 2 47
46 52 2 29
46 53 2 92
46 54 2 71
46 55 2 53
46 56 2 94
46 57 2 59
46 58 2 92
46 59 2 31
46 60 2 67
47 48 2 23
47 49 2 33
47 50 2 14
47 51 2 44
47 52 2 10
47 53 2 31
47 54 2 44
47 55 2 94
47 56 2 78
47 57 2 71
47 58 2 53
47 59 2 37
47 60 2 43
48 49 2 44
48 50 2 16
48 51 2 39
48 52 2 41
48 53 2 68
48 54 2 37
48 55 2 35
48 56 2 31
48 57 2 71
48 58 2 51
48 59 2 44
48 60 2 47
49 50 2 28
49 51 2 35
49 52 2 11
49 53 2 40
49 54 2 30
49 55 2 34
49 56 2 61
49 57 2 43
49 58 2 87
49 59 2 89
49 60 2 56
50 51 2 49
50 52 2 41
50 53 2 78
50 54 2 99
50 55 2 85
50 56 2 38
50 57 2 76
50 58 2 97
50 59 2 84
50 60 2 46
51 52 2 38
51 53 2 45
51 54 2 38
51 55 2 41
51 56 2 90
51 57 2 91
51 58 2 97
51 59 2 35
51 60 2 71
52 53 2 31
52 54 2 36
52 55 2 92
52 56 2 43
52 57 2 86
52 58 2 81
52 59 2 40
52 60 2 94
53 54 2 10
53 55 2 32
53 56 2 25
53 57 2 23
53 58 2 19
53 59 2 25
53 60 2 50
53 61 2 95
53 62 2 94
53 63 2 40
53 64 2 94
53 65 2 72
53 66 2 85
53 67 2 98
53 68 2 68
53 69 2 55
53 70 2 72
54 55 2 50
54 56 2 49
54 57 2 25
54 58 2 18
54 59 2 10
54 60 2 12
54 61 2 90
54 62 2 49
54 63 2 84
54 64 2 91
54 65 2 75
54 66 2 80
54 67 2 91
54 68 2 48
54 69 2 74
54 70 2 98
55 56 2 26
55 57 2 48
55 58 2 17
55 59 2 16
55 60 2 33
55 61 2 78
55 62 2 75
55 63 2 36
55 64 2 67
55 65 2 86
55 66 2 44
55 67 2 94
55 68 2 48
55 69 2 97
55 70 2 35
56 57 2 11
56 58 2 45
56 59 2 16
56 60 2 30
56 61 2 72
56 62 2 60
56 63 2 93
56 64 2 70
56 65 2 72
56 66 2 99
56 67 2 31
56 68 2 84
56 69 2 48
56 70 2 55
57 58 2 16
57 59 2 25
57 60 2 18
57 61 2 34
57 62 2 60
57 63 2 75
57 64 2 72
57 65 2 38
57 66 2 69
57 67 2 47
57 68 2 58
57 69 2 31
57 70 2 30
58 59 2 18
58 60 2 10
58 61 2 37
58 62 2 49
58 63 2 97
58 64 2 69
58 65 2 53
58 66 2 78
58 67 2 98
58 68 2 77
58 69 2 38
58 70 2 82
59 60 2 25
59 61 2 98
59 62 2 38
59 63 2 88
59 64 2 77
59 65 2 34
59 66 2 66
59 67 2 81
59 68 2 70
59 69 2 59
59 70 2 68
60 61 2 86
60 62 2 92
60 63 2 74
60 64 2 75
60 65 2 42
60 66 2 40
60 67 2 82
60 68 2 38
60 69 2 63
60 70 2 63
61 62 2 19
61 63 2 24
61 64 2 20
61 65 2 10
61 66 2 38
61 67 2 33
61 68 2 25
61 69 2 48
61 70 2 31
61 71 2 94
61 72 2 98
61 73 2 78
61 74 2 43
61 75 2 91
61 76 2 81
61 77 2 46
61 78 2 63
61 79 2 46
62 63 2 25
62 64 2 22
62 65 2 41
62 66 2 47
62 67 2 43
62 68 2 33
62 69 2 14
62 70 2 24
62 71 2 42
62 72 2 84
62 73 2 51
62 74 2 36
62 75 2 86
62 76 2 68
62 77 2 38
62 78 2 99
62 79 2 42
63 64 2 13
63 65 2 13
63 66 2 41
63 67 2 35
63 68 2 18
63 69 2 38
63 70 2 49
63 71 2 39
63 72 2 85
63 73 2 98
63 74 2 55
63 75 2 88
63 76 2 43
63 77 2 89
63 78 2 66
63 79 2 94
64 65 2 25
64 66 2 10
64 67 2 41
64 68 2 23
64 69 2 35
64 70 2 19
64 71 2 63
64 72 2 87
64 73 2 50
64 74 2 75
64 75 2 76
64 76 2 39
64 77 2 30
64 78 2 67
64 79 2 38
65 66 2 34
65 67 2 28
65 68 2 12
65 69 2 27
65 70 2 46
65 71 2 88
65 72 2 89
65 73 2 97
65 74 2 95
65 75 2 62
65 76 2 95
65 77 2 66
65 78 2 55
65 79 2 48
66 67 2 45
66 68 2 41
66 69 2 28
66 70 2 14
66 71 2 64
66 72 2 66
66 73 2 32
66 74 2 60
66 75 2 94
66 76 2 59
66 77 2 55
66 78 2 36
66 79 2 82
67 68 2 24
67 69 2 40
67 70 2 45
67 71 2 63
67 72 2 64
67 73 2 63
67 74 2 80
67 75 2 86
67 76 2 98
67 77 2 65
67 78 2 52
67 79 2 87
68 69 2 36
68 70 2 25
68 71 2 68
68 72 2 72
68 73 2 49
68 74 2 44
68 75 2 63
68 76 2 67
68 77 2 71
68 78 2 91
68 79 2 100
69 70 2 31
69 71 2 36
69 72 2 59
69 73 2 34
69 74 2 74
69 75 2 70
69 76 2 37
69 77 2 89
69 78 2 58
69 79 2 56
70 71 2 43
70 72 2 77
70 73 2 62
70 74 2 32
70 75 2 50
70 76 2 97
70 77 2 42
70 78 2 72
70 79 2 61
71 72 2 17
71 73 2 35
71 74 2 48
71 75 2 26
71 76 2 14
71 77 2 20
71 78 2 32
71 79 2 15
71 80 2 79
71 81 2 64
71 82 2 96
71 83 2 45
71 84 2 68
71 85 2 54
71 86 2 76
71 87 2 64
71 88 2 83
72 73 2 45
72 74 2 48
72 75 2 41
72 76 2 45
72 77 2 41
72 78 2 35
72 79 2 13
72 80 2 59
72 81 2 62
72 82 2 83
72 83 2 68
72 84 2 96
72 85 2 45
72 86 2 88
72 87 2 85
72 88 2 71
73 74 2 19
73 75 2 45
73 76 2 28
73 77 2 34
73 78 2 42
73 79 2 23
73 80 2 52
73 81 2 46
73 82 2 78
73 83 2 46
73 84 2 33
73 85 2 77
73 86 2 37
73 87 2 73
73 88 2 59
74 75 2 16
74 76 2 16
74 77 2 21
74 78 2 49
74 79 2 46
74 80 2 45
74 81 2 94
74 82 2 36
74 83 2 45
74 84 2 35
74 85 2 30
74 86 2 70
74 87 2 94
74 88 2 55
75 76 2 39
75 77 2 20
75 78 2 39
75 79 2 38
75 80 2 57
75 81 2 33
75 82 2 84
75 83 2 79
75 84 2 59
75 85 2 81
75 86 2 85
75 87 2 36
75 88 2 65
76 77 2 48
76 78 2 16
76 79 2 38
76 80 2 45
76 81 2 39
76 82 2 67
76 83 2 65
76 84 2 96
76 85 2 93
76 86 2 41
76 87 2 43
76 88 2 34
77 78 2 45
77 79 2 37
77 80 2 90
77 81 2 72
77 82 2 99
77 83 2 59
77 84 2 42
77 85 2 35
77 86 2 66
77 87 2 86
77 88 2 72
78 79 2 13
78 80 2 39
78 81 2 34
78 82 2 91
78 83 2 68
78 84 2 86
78 85 2 63
78 86 2 78
78 87 2 64
78 88 2 55
79 80 2 55
79 81 2 34
79 82 2 57
79 83 2 46
79 84 2 99
79 85 2 32
79 86 2 79
79 87 2 78
79 88 2 80
80 81 2 43
80 82 2 48
80 83 2 44
80 84 2 19
80 85 2 27
80 86 2 25
80 87 2 38
80 88 2 40
80 89 2 86
80 90 2 33
80 91 2 91
80 92 2 61
80 93 2 30
80 94 2 49
80 95 2 67
80 96 2 55
80 97 2 45
80 98 2 93
80 99 2 33
81 82 2 49
81 83 2 43
81 84 2 22
81 85 2 13
81 86 2 45
81 87 2 11
81 88 2 41
81 89 2 98
81 90 2 64
81 91 2 91
81 92 2 72
81 93 2 45
81 94 2 64
81 95 2 78
81 96 2 69
81 97 2 31
81 98 2 36
81 99 2 92
82 83 2 17
82 84 2 27
82 85 2 30
82 86 2 10
82 87 2 11
82 88 2 37
82 89 2 91
82 90 2 77
82 91 2 81
82 92 2 46
82 93 2 31
82 94 2 55
82 95 2 69
82 96 2 50
82 97 2 90
82 98 2 48
82 99 2 33
83 84 2 49
83 85 2 28
83 86 2 25
83 87 2 42
83 88 2 12
83 89 2 76
83 90 2 34
83 91 2 53
83 92 2 97
83 93 2 92
83 94 2 50
83 95 2 39
83 96 2 34
83 97 2 87
83 98 2 44
83 99 2 58
84 85 2 11
84 86 2 12
84 87 2 41
84 88 2 16
84 89 2 89
84 90 2 58
84 91 2 62
84 92 2 88
84 93 2 88
84 94 2 35
84 95 2 58
84 96 2 76
84 97 2 60
84 98 2 85
84 99 2 40
85 86 2 23
85 87 2 13
85 88 2 48
85 89 2 82
85 90 2 58
85 91 2 33
85 92 2 75
85 93 2 64
85 94 2 93
85 95 2 63
85 96 2 31
85 97 2 67
85 98 2 38
85 99 2 79
86 87 2 41
86 88 2 41
86 89 2 56
86 90 2 81
86 91 2 77
86 92 2 61
86 93 2 95
86 94 2 98
86 95 2 90
86 96 2 65
86 97 2 37
86 98 2 37
86 99 2 68
87 88 2 45
87 89 2 78
87 90 2 93
87 91 2 59
87 92 2 71
87 93 2 82
87 94 2 35
87 95 2 83
87 96 2 69
87 97 2 49
87 98 2 74
87 99 2 72
88 89 2 44
88 90 2 66
88 91 2 72
88 92 2 98
88 93 2 48
88 94 2 53
88 95 2 50
88 96 2 57
88 97 2 85
88 98 2 32
88 99 2 42
89 90 2 46
89 91 2 38
89 92 2 22
89 93 2 47
89 94 2 50
89 95 2 14
89 96 2 19
89 97 2 27
89 98 2 31
89 99 2 24
89 100 2 52
90 91 2 42
90 92 2 48
90 93 2 17
90 94 2 40
90 95 2 19
90 96 2 33
90 97 2 46
90 98 2 28
90 99 2 33
90 100 2 93
91 92 2 10
91 93 2 35
91 94 2 18
91 95 2 31
91 96 2 29
91 97 2 42
91 98 2 22
91 99 2 10
91 100 2 53
92 93 2 14
92 94 2 33
92 95 2 14
92 96 2 21
92 97 2 45
92 98 2 14
92 99 2 31
92 100 2 74
93 94 2 16
93 95 2 20
93 96 2 32
93 97 2 23
93 98 2 20
93 99 2 44
93 100 2 75
94 95 2 46
94 96 2 46
94 97 2 24
94 98 2 27
94 99 2 49
94 100 2 72
95 96 2 41
95 97 2 27
95 98 2 14
95 99 2 17
95 100 2 32
96 97 2 14
96 98 2 20
96 99 2 34
96 100 2 87
97 98 2 22
97 99 2 39
97 100 2 81
98 99 2 31
98 100 2 34
99 100 2 87

1 2 3 89
1 3 3 72
1 4 3 63
1 5 3 71
1 6 3 31
1 7 3 34
1 8 3 73
1 9 3 72
1 10 3 51
1 11 3 45
2 3 3 49
2 4 3 43
2 5 3 20
2 6 3 48
2 7 3 21
2 8 3 34
2 9 3 25
2 10 3 31
2 11 3 31
2 12 3 35
2 13 3 34
2 14 3 93
2 15 3 32
2 16 3 74
2 17 3 90
2 18 3 40
2 19 3 93
2 20 3 47
2 21 3 60
3 4 3 31
3 5 3 13
3 6 3 12
3 7 3 25
3 8 3 41
3 9 3 26
3 10 3 33
3 11 3 27
3 12 3 54
3 13 3 60
3 14 3 75
3 15 3 51
3 16 3 86
3 17 3 37
3 18 3 37
3 19 3 91
3 20 3 55
3 21 3 45
4 5 3 19
4 6 3 13
4 7 3 13
4 8 3 33
4 9 3 39
4 10 3 35
4 11 3 46
4 12 3 95
4 13 3 36
4 14 3 38
4 15 3 81
4 16 3 59
4 17 3 98
4 18 3 38
4 19 3 93
4 20 3 43
4 21 3 96
5 6 3 16
5 7 3 13
5 8 3 47
5 9 3 26
5 10 3 36
5 11 3 50
5 12 3 94
5 13 3 38
5 14 3 88
5 15 3 99
5 16 3 44
5 17 3 97
5 18 3 86
5 19 3 46
5 20 3 72
5 21 3 43
6 7 3 34
6 8 3 24
6 9 3 41
6 10 3 15
6 11 3 15
6 12 3 59
6 13 3 55
6 14 3 36
6 15 3 53
6 16 3 96
6 17 3 63
6 18 3 88
6 19 3 94
6 20 3 91
6 21 3 42
7 8 3 43
7 9 3 12
7 10 3 24
7 11 3 31
7 12 3 46
7 13 3 30
7 14 3 34
7 15 3 94
7 16 3 88
7 17 3 57
7 18 3 50
7 19 3 75
7 20 3 70
7 21 3 30
8 9 3 49
8 10 3 38
8 11 3 25
8 12 3 93
8 13 3 50
8 14 3 54
8 15 3 51
8 16 3 55
8 17 3 35
8 18 3 49
8 19 3 86
8 20 3 94
8 21 3 70
9 10 3 38
9 11 3 49
9 12 3 75
9 13 3 64
9 14 3 98
9 15 3 45
9 16 3 59
9 17 3 53
9 18 3 55
9 19 3 60
9 20 3 61
9 21 3 42
10 11 3 26
10 12 3 92
10 13 3 76
10 14 3 76
10 15 3 72
10 16 3 70
10 17 3 70
10 18 3 48
10 19 3 32
10 20 3 69
10 21 3 65
11 12 3 74
11 13 3 71
11 14 3 51
11 15 3 44
11 16 3 88
11 17 3 90
11 18 3 31
11 19 3 66
11 20 3 34
11 21 3 39
12 13 3 23
12 14 3 19
12 15 3 19
12 16 3 44
12 17 3 21
12 18 3 21
12 19 3 12
12 20 3 44
12 21 3 46
12 22 3 41
12 23 3 66
12 24 3 85
12 25 3 82
12 26 3 32
12 27 3 77
12 28 3 58
12 29 3 56
12 30 3 46
12 31 3 52
12 32 3 69
12 33 3 82
13 14 3 16
13 15 3 18
13 16 3 17
13 17 3 36
13 18 3 41
13 19 3 33
13 20 3 49
13 21 3 43
13 22 3 60
13 23 3 47
13 24 3 67
13 25 3 63
13 26 3 58
13 27 3 37
13 28 3 68
13 29 3 42
13 30 3 77
13 31 3 55
13 32 3 50
13 33 3 80
14 15 3 49
14 16 3 27
14 17 3 17
14 18 3 39
14 19 3 40
14 20 3 25
14 21 3 16
14 22 3 32
14 23 3 50
14 24 3 50
14 25 3 69
14 26 3 55
14 27 3 70
14 28 3 33
14 29 3 53
14 30 3 70
14 31 3 74
14 32 3 85
14 33 3 75
15 16 3 48
15 17 3 34
15 18 3 26
15 19 3 14
15 20 3 11
15 21 3 36
15 22 3 56
15 23 3 76
15 24 3 46
15 25 3 90
15 26 3 52
15 27 3 78
15 28 3 52
15 29 3 90
15 30 3 88
15 31 3 89
15 32 3 95
15 33 3 41
16 17 3 45
16 18 3 42
16 19 3 35
16 20 3 44
16 21 3 16
16 22 3 81
16 23 3 73
16 24 3 76
16 25 3 30
16 26 3 70
16 27 3 56
16 28 3 47
16 29 3 94
16 30 3 37
16 31 3 50
16 32 3 88
16 33 3 57
17 18 3 36
17 19 3 43
17 20 3 44
17 21 3 16
17 22 3 88
17 23 3 100
17 24 3 46
17 25 3 71
17 26 3 80
17 27 3 46
17 28 3 48
17 29 3 35
17 30 3 44
17 31 3 60
17 32 3 32
17 33 3 75
18 19 3 21
18 20 3 25
18 21 3 19
18 22 3 62
18 23 3 67
18 24 3 38
18 25 3 71
18 26 3 39
18 27 3 75
18 28 3 78
18 29 3 54
18 30 3 39
18 31 3 53
18 32 3 76
18 33 3 83
19 20 3 37
19 21 3 12
19 22 3 31
19 23 3 49
19 24 3 62
19 25 3 53
19 26 3 55
19 27 3 46
19 28 3 57
19 29 3 41
19 30 3 74
19 31 3 51
19 32 3 98
19 33 3 73
20 21 3 33
20 22 3 100
20 23 3 75
20 24 3 100
20 25 3 78
20 26 3 41
20 27 3 81
20 28 3 39
20 29 3 56
20 30 3 56
20 31 3 38
20 32 3 40
20 33 3 30
21 22 3 33
21 23 3 33
21 24 3 38
21 25 3 84
21 26 3 69
21 27 3 38
21 28 3 84
21 29 3 71
21 30 3 91
21 31 3 57
21 32 3 41
21 33 3 76
22 23 3 34
22 24 3 21
22 25 3 12
22 26 3 20
22 27 3 35
22 28 3 47
22 29 3 37
22 30 3 25
22 31 3 38
22 32 3 43
22 33 3 47
22 34 3 95
22 35 3 66
22 36 3 51
22 37 3 92
22 38 3 67
22 39 3 45
22 40 3 73
22 41 3 80
22 42 3 67
22 43 3 96
23 24 3 50
23 25 3 48
23 26 3 22
23 27 3 46
23 28 3 32
23 29 3 39
23 30 3 25
23 31 3 44
23 32 3 25
23 33 3 37
23 34 3 35
23 35 3 51
23 36 3 94
23 37 3 53
23 38 3 73
23 39 3 87
23 40 3 67
23 41 3 40
23 42 3 61
23 43 3 64
24 25 3 40
24 26 3 28
24 27 3 41
24 28 3 10
24 29 3 18
24 30 3 44
24 31 3 23
24 32 3 38
24 33 3 12
24 34 3 65
24 35 3 94
24 36 3 37
24 37 3 97
24 38 3 39
24 39 3 53
24 40 3 57
24 41 3 92
24 42 3 73
24 43 3 41
25 26 3 15
25 27 3 50
25 28 3 14
25 29 3 30
25 30 3 27
25 31 3 41
25 32 3 42
25 33 3 47
25 34 3 51
25 35 3 53
25 36 3 58
25 37 3 51
25 38 3 54
25 39 3 93
25 40 3 73
25 41 3 48
25 42 3 39
25 43 3 91
26 27 3 36
26 28 3 18
26 29 3 13
26 30 3 36
26 31 3 47
26 32 3 31
26 33 3 33
26 34 3 68
26 35 3 50
26 36 3 89
26 37 3 34
26 38 3 39
26 39 3 41
26 40 3 51
26 41 3 69
26 42 3 60
26 43 3 37
27 28 3 31
27 29 3 45
27 30 3 39
27 31 3 22
27 32 3 21
27 33 3 17
27 34 3 50
27 35 3 38
27 36 3 94
27 37 3 64
27 38 3 47
27 39 3 55
27 40 3 49
27 41 3 77
27 42 3 68
27 43 3 75
28 29 3 45
28 30 3 19
28 31 3 35
28 32 3 29
28 33 3 38
28 34 3 30
28 35 3 74
28 36 3 98
28 37 3 66
28 38 3 46
28 39 3 32
28 40 3 47
28 41 3 65
28 42 3 53
28 43 3 37
29 30 3 30
29 31 3 49
29 32 3 14
29 33 3 23
29 34 3 94
29 35 3 67
29 36 3 81
29 37 3 72
29 38 3 98
29 39 3 54
29 40 3 40
29 41 3 72
29 42 3 96
29 43 3 66
30 31 3 29
30 32 3 37
30 33 3 21
30 34 3 70
30 35 3 79
30 36 3 64
30 37 3 63
30 38 3 56
30 39 3 64
30 40 3 99
30 41 3 90
30 42 3 62
30 43 3 59
31 32 3 50
31 33 3 15
31 34 3 94
31 35 3 88
31 36 3 60
31 37 3 71
31 38 3 81
31 39 3 98
31 40 3 82
31 41 3 80
31 42 3 60
31 43 3 96
32 33 3 27
32 34 3 79
32 35 3 57
32 36 3 77
32 37 3 41
32 38 3 70
32 39 3 32
32 40 3 50
32 41 3 62
32 42 3 82
32 43 3 78
33 34 3 94
33 35 3 76
33 36 3 97
33 37 3 40
33 38 3 81
33 39 3 97
33 40 3 57
33 41 3 41
33 42 3 84
33 43 3 53
34 35 3 25
34 36 3 19
34 37 3 50
34 38 3 29
34 39 3 12
34 40 3 46
34 41 3 25
34 42 3 19
34 43 3 49
34 44 3 35
34 45 3 82
34 46 3 89
34 47 3 62
34 48 3 57
34 49 3 85
34 50 3 69
34 51 3 52
34 52 3 61
35 36 3 33
35 37 3 31
35 38 3 41
35 39 3 28
35 40 3 20
35 41 3 37
35 42 3 40
35 43 3 33
35 44 3 66
35 45 3 57
35 46 3 60
35 47 3 75
35 48 3 74
35 49 3 43
35 50 3 69
35 51 3 49
35 52 3 96
36 37 3 18
36 38 3 45
36 39 3 36
36 40 3 41
36 41 3 31
36 42 3 35
36 43 3 21
36 44 3 67
36 45 3 95
36 46 3 77
36 47 3 97
36 48 3 65
36 49 3 56
36 50 3 51
36 51 3 100
36 52 3 59
37 38 3 45
37 39 3 14
37 40 3 38
37 41 3 15
37 42 3 23
37 43 3 42
37 44 3 39
37 45 3 73
37 46 3 53
37 47 3 47
37 48 3 51
37 49 3 49
37 50 3 64
37 51 3 80
37 52 3 34
38 39 3 16
38 40 3 14
38 41 3 40
38 42 3 13
38 43 3 21
38 44 3 68
38 45 3 64
38 46 3 39
38 47 3 39
38 48 3 44
38 49 3 38
38 50 3 74
38 51 3 96
38 52 3 100
39 40 3 28
39 41 3 20
39 42 3 43
39 43 3 11
39 44 3 49
39 45 3 31
39 46 3 42
39 47 3 67
39 48 3 50
39 49 3 95
39 50 3 47
39 51 3 87
39 52 3 30
40 41 3 33
40 42 3 37
40 43 3 26
40 44 3 52
40 45 3 95
40 46 3 91
40 47 3 35
40 48 3 94
40 49 3 98
40 50 3 89
40 51 3 74
40 52 3 65
41 42 3 15
41 43 3 42
41 44 3 81
41 45 3 39
41 46 3 73
41 47 3 94
41 48 3 48
41 49 3 44
41 50 3 81
41 51 3 47
41 52 3 30
42 43 3 23
42 44 3 81
42 45 3 53
42 46 3 61
42 47 3 60
42 48 3 87
42 49 3 48
42 50 3 97
42 51 3 79
42 52 3 48
43 44 3 40
43 45 3 58
43 46 3 32
43 47 3 51
43 48 3 45
43 49 3 100
43 50 3 43
43 51 3 58
43 52 3 62
44 45 3 37
44 46 3 28
44 47 3 20
44 48 3 45
44 49 3 26
44 50 3 43
44 51 3 19
44 52 3 16
44 53 3 35
44 54 3 96
44 55 3 73
44 56 3 68
44 57 3 92
44 58 3 63
44 59 3 57
44 60 3 52
45 46 3 23
45 47 3 42
45 48 3 13
45 49 3 39
45 50 3 19
45 51 3 41
45 52 3 34
45 53 3 49
45 54 3 79
45 55 3 61
45 56 3 71
45 57 3 65
45 58 3 41
45 59 3 67
45 60 3 97
46 47 3 23
46 48 3 40
46 49 3 26
46 50 3 25
46 51 3 17
46 52 3 32
46 53 3 67
46 54 3 82
46 55 3 31
46 56 3 96
46 57 3 71
46 58 3 76
46 59 3 50
46 60 3 82
47 48 3 40
47 49 3 40
47 50 3 13
47 51 3 26
47 52 3 33
47 53 3 44
47 54 3 53
47 55 3 60
47 56 3 37
47 57 3 53
47 58 3 42
47 59 3 46
47 60 3 35
48 49 3 15
48 50 3 17
48 51 3 18
48 52 3 13
48 53 3 92
48 54 3 56
48 55 3 90
48 56 3 87
48 57 3 95
48 58 3 67
48 59 3 49
48 60 3 80
49 50 3 39
49 51 3 48
49 52 3 11
49 53 3 93
49 54 3 60
49 55 3 51
49 56 3 41
49 57 3 69
49 58 3 40
49 59 3 69
49 60 3 81
50 51 3 45
50 52 3 11
50 53 3 71
50 54 3 64
50 55 3 80
50 56 3 77
50 57 3 43
50 58 3 79
50 59 3 58
50 60 3 91
51 52 3 23
51 53 3 99
51 54 3 100
51 55 3 45
51 56 3 54
51 57 3 44
51 58 3 85
51 59 3 41
51 60 3 53
52 53 3 87
52 54 3 88
52 55 3 75
52 56 3 55
52 57 3 57
52 58 3 73
52 59 3 82
52 60 3 94
53 54 3 39
53 55 3 47
53 56 3 47
53 57 3 49
53 58 3 17
53 59 3 35
53 60 3 20
53 61 3 31
53 62 3 95
53 63 3 57
53 64 3 47
53 65 3 50
53 66 3 35
53 67 3 58
53 68 3 89
53 69 3 82
53 70 3 41
54 55 3 22
54 56 3 37
54 57 3 17
54 58 3 19
54 59 3 49
54 60 3 42
54 61 3 34
54 62 3 35
54 63 3 57
54 64 3 52
54 65 3 66
54 66 3 43
54 67 3 52
54 68 3 58
54 69 3 90
54 70 3 51
55 56 3 46
55 57 3 20
55 58 3 41
55 59 3 35
55 60 3 23
55 61 3 76
55 62 3 38
55 63 3 38
55 64 3 67
55 65 3 30
55 66 3 80
55 67 3 68
55 68 3 66
55 69 3 99
55 70 3 46
56 57 3 31
56 58 3 38
56 59 3 27
56 60 3 15
56 61 3 38
56 62 3 84
56 63 3 88
56 64 3 87
56 65 3 90
56 66 3 78
56 67 3 71
56 68 3 71
56 69 3 64
56 70 3 33
57 58 3 24
57 59 3 45
57 60 3 46
57 61 3 94
57 62 3 31
57 63 3 46
57 64 3 36
57 65 3 100
57 66 3 63
57 67 3 57
57 68 3 43
57 69 3 46
57 70 3 48
58 59 3 26
58 60 3 13
58 61 3 73
58 62 3 99
58 63 3 48
58 64 3 84
58 65 3 37
58 66 3 74
58 67 3 84
58 68 3 80
58 69 3 33
58 70 3 33
59 60 3 38
59 61 3 48
59 62 3 57
59 63 3 50
59 64 3 32
59 65 3 67
59 66 3 89
59 67 3 58
59 68 3 75
59 69 3 54
59 70 3 34
60 61 3 63
60 62 3 100
60 63 3 55
60 64 3 30
60 65 3 31
60 66 3 71
60 67 3 59
60 68 3 82
60 69 3 78
60 70 3 80
61 62 3 44
61 63 3 10
61 64 3 23
61 65 3 44
61 66 3 34
61 67 3 42
61 68 3 26
61 69 3 10
61 70 3 37
61 71 3 87
61 72 3 75
61 73 3 31
61 74 3 62
61 75 3 31
61 76 3 97
61 77 3 97
61 78 3 45
61 79 3 68
62 63 3 22
62 64 3 34
62 65 3 44
62 66 3 12
62 67 3 10
62 68 3 47
62 69 3 46
62 70 3 15
62 71 3 97
62 72 3 69
62 73 3 40
62 74 3 93
62 75 3 60
62 76 3 51
62 77 3 72
62 78 3 55
62 79 3 31
63 64 3 10
63 65 3 45
63 66 3 34
63 67 3 21
63 68 3 41
63 69 3 48
63 70 3 35
63 71 3 79
63 72 3 82
63 73 3 86
63 74 3 48
63 75 3 100
63 76 3 80
63 77 3 30
63 78 3 51
63 79 3 78
64 65 3 39
64 66 3 31
64 67 3 31
64 68 3 13
64 69 3 10
64 70 3 12
64 71 3 43
64 72 3 76
64 73 3 56
64 74 3 88
64 75 3 62
64 76 3 94
64 77 3 38
64 78 3 71
64 79 3 34
65 66 3 31
65 67 3 44
65 68 3 41
65 69 3 13
65 70 3 11
65 71 3 99
65 72 3 67
65 73 3 94
65 74 3 40
65 75 3 90
65 76 3 68
65 77 3 31
65 78 3 76
65 79 3 43
66 67 3 32
66 68 3 28
66 69 3 46
66 70 3 42
66 71 3 35
66 72 3 57
66 73 3 31
66 74 3 68
66 75 3 46
66 76 3 55
66 77 3 56
66 78 3 76
66 79 3 81
67 68 3 45
67 69 3 22
67 70 3 28
67 71 3 46
67 72 3 48
67 73 3 80
67 74 3 73
67 75 3 54
67 76 3 94
67 77 3 72
67 78 3 77
67 79 3 82
68 69 3 23
68 70 3 42
68 71 3 98
68 72 3 74
68 73 3 44
68 74 3 58
68 75 3 34
68 76 3 80
68 77 3 44
68 78 3 88
68 79 3 85
69 70 3 10
69 71 3 58
69 72 3 99
69 73 3 74
69 74 3 80
69 75 3 47
69 76 3 46
69 77 3 67
69 78 3 80
69 79 3 96
70 71 3 87
70 72 3 97
70 73 3 94
70 74 3 91
70 75 3 75
70 76 3 93
70 77 3 42
70 78 3 63
70 79 3 93
71 72 3 21
71 73 3 33
71 74 3 20
71 75 3 25
71 76 3 17
71 77 3 28
71 78 3 46
71 79 3 33
71 80 3 69
71 81 3 69
71 82 3 90
71 83 3 60
71 84 3 70
71 85 3 98
71 86 3 73
71 87 3 72
71 88 3 99
72 73 3 11
72 74 3 41
72 75 3 21
72 76 3 41
72 77 3 31
72 78 3 17
72 79 3 12
72 80 3 41
72 81 3 63
72 82 3 100
72 83 3 50
72 84 3 43
72 85 3 50
72 86 3 71
72 87 3 69
72 88 3 76
73 74 3 40
73 75 3 25
73 76 3 49
73 77 3 41
73 78 3 41
73 79 3 18
73 80 3 37
73 81 3 37
73 82 3 51
73 83 3 35
73 84 3 75
73 85 3 69
73 86 3 91
73 87 3 98
73 88 3 63
74 75 3 28
74 76 3 18
74 77 3 47
74 78 3 11
74 79 3 37
74 80 3 63
74 81 3 33
74 82 3 67
74 83 3 94
74 84 3 93
74 85 3 86
74 86 3 50
74 87 3 54
74 88 3 94
75 76 3 45
75 77 3 38
75 78 3 46
75 79 3 15
75 80 3 85
75 81 3 70
75 82 3 56
75 83 3 34
75 84 3 71
75 85 3 72
75 86 3 33
75 87 3 93
75 88 3 57
76 77 3 44
76 78 3 16
76 79 3 22
76 80 3 31
76 81 3 33
76 82 3 90
76 83 3 37
76 84 3 90
76 85 3 37
76 86 3 60
76 87 3 41
76 88 3 98
77 78 3 42
77 79 3 16
77 80 3 99
77 81 3 58
77 82 3 70
77 83 3 41
77 84 3 90
77 85 3 70
77 86 3 96
77 87 3 84
77 88 3 60
78 79 3 13
78 80 3 57
78 81 3 81
78 82 3 79
78 83 3 38
78 84 3 67
78 85 3 49
78 86 3 98
78 87 3 62
78 88 3 47
79 80 3 57
79 81 3 96
79 82 3 55
79 83 3 39
79 84 3 32
79 85 3 93
79 86 3 46
79 87 3 34
79 88 3 84
80 81 3 31
80 82 3 50
80 83 3 22
80 84 3 15
80 85 3 42
80 86 3 15
80 87 3 29
80 88 3 43
80 89 3 93
80 90 3 88
80 91 3 80
80 92 3 70
80 93 3 52
80 94 3 43
80 95 3 77
80 96 3 61
80 97 3 75
80 98 3 65
80 99 3 36
81 82 3 32
81 83 3 45
81 84 3 30
81 85 3 31
81 86 3 28
81 87 3 21
81 88 3 17
81 89 3 99
81 90 3 62
81 91 3 32
81 92 3 39
81 93 3 73
81 94 3 99
81 95 3 99
81 96 3 95
81 97 3 58
81 98 3 69
81 99 3 44
82 83 3 31
82 84 3 48
82 85 3 20
82 86 3 38
82 87 3 34
82 88 3 23
82 89 3 62
82 90 3 50
82 91 3 82
82 92 3 51
82 93 3 93
82 94 3 59
82 95 3 68
82 96 3 97
82 97 3 74
82 98 3 65
82 99 3 53
83 84 3 40
83 85 3 19
83 86 3 49
83 87 3 32
83 88 3 13
83 89 3 92
83 90 3 33
83 91 3 38
83 92 3 61
83 93 3 61
83 94 3 47
83 95 3 53
83 96 3 84
83 97 3 56
83 98 3 31
83 99 3 60
84 85 3 39
84 86 3 39
84 87 3 32
84 88 3 39
84 89 3 41
84 90 3 47
84 91 3 80
84 92 3 68
84 93 3 81
84 94 3 97
84 95 3 78
84 96 3 99
84 97 3 75
84 98 3 94
84 99 3 66
85 86 3 14
85 87 3 41
85 88 3 26
85 89 3 30
85 90 3 61
85 91 3 42
85 92 3 87
85 93 3 73
85 94 3 43
85 95 3 99
85 96 3 97
85 97 3 62
85 98 3 50
85 99 3 36
86 87 3 31
86 88 3 35
86 89 3 76
86 90 3 35
86 91 3 90
86 92 3 64
86 93 3 31
86 94 3 89
86 95 3 50
86 96 3 88
86 97 3 41
86 98 3 87
86 99 3 52
87 88 3 48
87 89 3 91
87 90 3 44
87 91 3 75
87 92 3 68
87 93 3 55
87 94 3 36
87 95 3 36
87 96 3 96
87 97 3 92
87 98 3 40
87 99 3 62
88 89 3 90
88 90 3 67
88 91 3 80
88 92 3 72
88 93 3 72
88 94 3 81
88 95 3 30
88 96 3 74
88 97 3 84
88 98 3 100
88 99 3 100
89 90 3 42
89 91 3 48
89 92 3 40
89 93 3 41
89 94 3 39
89 95 3 40
89 96 3 20
89 97 3 48
89 98 3 17
89 99 3 25
89 100 3 84
90 91 3 47
90 92 3 29
90 93 3 13
90 94 3 43
90 95 3 40
90 96 3 33
90 97 3 28
90 98 3 50
90 99 3 13
90 100 3 66
91 92 3 45
91 93 3 39
91 94 3 42
91 95 3 36
91 96 3 29
91 97 3 21
91 98 3 27
91 99 3 48
91 100 3 52
92 93 3 30
92 94 3 35
92 95 3 29
92 96 3 21
92 97 3 10
92 98 3 36
92 99 3 42
92 100 3 30
93 94 3 17
93 95 3 46
93 96 3 15
93 97 3 36
93 98 3 32
93 99 3 23
93 100 3 81
94 95 3 14
94 96 3 26
94 97 3 10
94 98 3 19
94 99 3 42
94 100 3 82
95 96 3 29
95 97 3 22
95 98 3 27
95 99 3 42
95 100 3 37
96 97 3 37
96 98 3 22
96 99 3 21
96 100 3 61
97 98 3 18
97 99 3 16
97 100 3 77
98 99 3 25
98 100 3 84
99 100 3 61

