20000 52 65 58 63 46 66 72 95 42 29 73 36 77 35 
52 20000 47 25 80 81 87 62 41 40 54 40 77 73 37 
65 47 20000 68 96 63 22 86 78 70 32 24 95 16 39 
58 25 68 20000 33 82 16 54 31 23 69 86 46 54 54 
63 80 96 33 20000 56 42 15 67 97 23 67 32 70 35 
46 81 63 82 56 20000 11 43 33 30 40 68 35 15 31 
66 87 22 16 42 11 20000 16 22 58 62 71 37 82 67 
72 62 86 54 15 43 16 20000 85 83 19 70 19 83 42 
95 41 78 31 67 33 22 85 20000 14 78 83 43 69 99 
42 40 70 23 97 30 58 83 14 20000 33 53 55 98 48 
29 54 32 69 23 40 62 19 78 33 20000 28 43 21 25 
73 40 24 86 67 68 71 70 83 53 28 20000 25 96 53 
36 77 95 46 32 35 37 19 43 55 43 25 20000 99 66 
77 73 16 54 70 15 82 83 69 98 21 96 99 20000 54 
35 37 39 54 35 31 67 42 99 48 25 53 66 54 20000 

20000 30 94 69 46 29 27 26 45 79 86 60 40 38 40 
30 20000 73 88 54 26 95 38 75 78 71 62 73 78 54 
94 73 20000 31 56 23 49 78 23 10 43 48 72 84 51 
69 88 31 20000 51 97 52 65 74 64 57 34 46 93 20 
46 54 56 51 20000 26 53 68 74 95 83 90 62 54 64 
29 26 23 97 26 20000 14 43 28 54 37 87 73 43 93 
27 95 49 52 53 14 20000 97 29 45 37 49 44 11 19 
26 38 78 65 68 43 97 20000 43 61 15 39 39 75 81 
45 75 23 74 74 28 29 43 20000 88 64 76 83 69 31 
79 78 10 64 95 54 45 61 88 20000 43 62 36 97 78 
86 71 43 57 83 37 37 15 64 43 20000 59 61 21 79 
60 62 48 34 90 87 49 39 76 62 59 20000 70 84 83 
40 73 72 46 62 73 44 39 83 36 61 70 20000 38 59 
38 78 84 93 54 43 11 75 69 97 21 84 38 20000 76 
40 54 51 20 64 93 19 81 31 78 79 83 59 76 20000 

