405
884
29.942
1469 1624 1979 
1496 1760 1969 
1505 1733 1959 
1530 1683 1959 
1541 1696 1958 
1502 1766 1956 
1513 1779 1955 
1555 1660 1954 
1521 1774 1953 
1547 1734 1953 
1503 1800 1952 
1558 1747 1952 
1521 1814 1947 
1479 1820 1944 
1490 1833 1943 
1535 1778 1943 
1546 1791 1942 
1567 1720 1942 
1592 1670 1942 
1511 1830 1941 
1590 1743 1941 
1522 1843 1940 
1569 1870 1939 
1606 1634 1938 
1617 1647 1937 
1594 1817 1936 
1594 1847 1934 
1619 1806 1932 
1647 1762 1928 
1633 1770 1928 
1586 1898 1927 
1644 1783 1927 
1597 1856 1923 
1615 1818 1923 
1604 1828 1921 
1596 1860 1920 
1642 1789 1919 
1645 1821 1918 
1653 1756 1917 
1614 1872 1916 
1647 1792 1916 
1624 1875 1915 
1670 1830 1915 
1626 1846 1915 
1624 1919 1914 
1648 1862 1913 
1659 1840 1913 
1582 1925 1911 
1637 1872 1911 
1695 1757 1911 
1593 1938 1910 
1660 1930 1907 
1704 1730 1901 
1679 1832 1898 
1718 1740 1898 
1676 1848 1897 
1691 1801 1897 
1666 1880 1896 
1696 1772 1896 
1690 1823 1895 
1723 1743 1895 
1702 1797 1894 
1671 1883 1893 
1595 1934 1892 
1695 1826 1892 
1715 1770 1892 
1700 1846 1891 
1726 1717 1890 
1669 1889 1889 
1723 1782 1888 
1723 1908 1886 
1603 1969 1884 
1625 1932 1883 
1640 1956 1880 
1648 1932 1878 
1730 1783 1878 
1690 1933 1877 
1736 1741 1874 
1700 1915 1872 
1726 1786 1871 
1574 1985 1870 
1647 1942 1870 
1732 1749 1870 
1701 1961 1869 
1612 1968 1869 
1730 1948 1869 
1745 1848 1868 
1723 1977 1867 
1750 1851 1865 
1755 1749 1865 
1753 1860 1864 
1768 1848 1863 
1778 1807 1861 
1671 2005 1858 
1734 1877 1858 
1732 1950 1857 
1735 1881 1856 
1742 1863 1856 
1779 1845 1855 
1754 1933 1853 
1752 1985 1852 
1730 2017 1850 
1784 1757 1850 
1777 1912 1848 
1755 1964 1847 
1790 1885 1846 
1768 1917 1844 
1756 1935 1841 
1798 1800 1841 
1754 2002 1834 
1739 2019 1833 
1805 1675 1831 
1799 1873 1830 
1784 1952 1829 
1797 1925 1829 
1775 1957 1827 
1705 2022 1825 
1807 1864 1824 
1832 1811 1821 
1810 1843 1819 
1801 1875 1818 
1786 1954 1817 
1798 1884 1817 
1575 2039 1816 
1798 1928 1816 
1668 2023 1815 
1772 1978 1815 
1813 1828 1815 
1816 1837 1814 
1771 2001 1813 
1808 1937 1813 
1831 1825 1813 
1786 1969 1811 
1799 1942 1811 
1841 1784 1811 
1652 2034 1810 
1784 2021 1810 
1796 1951 1810 
1811 1916 1808 
1809 1968 1807 
1814 1904 1807 
1666 2025 1806 
1829 1892 1806 
1578 2040 1804 
1839 1851 1804 
1817 1910 1803 
1810 1939 1801 
1852 1804 1801 
1727 2026 1800 
1793 1994 1800 
1661 2038 1798 
1840 1889 1798 
1697 2028 1797 
1818 1941 1797 
1772 2047 1796 
1795 2012 1796 
1808 2006 1794 
1831 1894 1794 
1843 1868 1793 
1786 2038 1792 
1861 1777 1791 
1823 1906 1790 
1853 1877 1790 
1811 1985 1789 
1831 1909 1788 
1829 1961 1787 
1840 1908 1785 
1817 1979 1784 
1859 1844 1784 
1659 2056 1783 
1796 2032 1780 
1842 1906 1780 
1862 1850 1780 
1883 1764 1780 
1797 2029 1778 
1855 1879 1778 
1838 1934 1777 
1867 1853 1777 
1839 1955 1775 
1849 1881 1775 
1870 1779 1774 
1825 2005 1773 
1840 1952 1773 
1843 1886 1772 
1853 1946 1771 
1572 2063 1770 
1855 1888 1770 
1831 1978 1769 
1873 1820 1769 
1862 1869 1767 
1868 1846 1767 
1860 1921 1766 
1661 2073 1765 
1804 2013 1765 
1859 1934 1765 
1856 1943 1764 
1834 1978 1763 
1871 1887 1762 
1885 1781 1762 
1862 1919 1761 
1817 2042 1759 
1837 1960 1758 
1874 1893 1758 
1895 1807 1758 
1849 1990 1757 
1877 1819 1757 
1827 2022 1755 
1897 1805 1753 
1708 2055 1752 
1858 2002 1752 
1880 1860 1752 
1678 2065 1751 
1881 1881 1750 
1870 1925 1749 
1888 1826 1749 
1893 1813 1749 
1868 1998 1748 
1889 1847 1748 
1692 2056 1747 
1730 2049 1746 
1835 2024 1746 
1895 1872 1746 
1873 1904 1744 
1877 1900 1744 
1883 1890 1743 
1849 2015 1742 
1880 1895 1742 
1891 1880 1742 
1902 1847 1741 
1717 2059 1740 
1741 2067 1739 
1687 2069 1739 
1874 1962 1739 
1879 1898 1739 
1894 1886 1738 
1915 1800 1738 
1903 1807 1737 
1904 1845 1736 
1767 2067 1735 
1903 1885 1735 
1902 1898 1734 
1912 1811 1733 
1917 1798 1733 
1781 2058 1731 
1871 2002 1731 
1883 1932 1731 
1859 2009 1730 
1837 2041 1728 
1860 2006 1728 
1887 1924 1728 
1924 1773 1728 
1916 1873 1727 
1913 1938 1725 
1926 1832 1725 
1880 1964 1723 
1939 1785 1722 
1880 1975 1721 
1922 1840 1721 
1894 1955 1719 
1925 1846 1717 
1922 1911 1715 
1919 1920 1714 
1804 2060 1713 
1948 1758 1712 
1732 2069 1711 
1846 2018 1710 
1779 2074 1709 
1932 1834 1709 
1916 1942 1708 
1625 2082 1707 
1904 1949 1707 
1860 2009 1706 
1785 2063 1705 
1890 1999 1705 
1905 1946 1705 
1946 1825 1705 
1839 2031 1704 
1931 1842 1704 
1812 2046 1703 
1924 1857 1703 
1921 1979 1702 
1814 2046 1699 
1928 1848 1699 
1933 1840 1699 
1645 2076 1698 
1829 2059 1698 
1925 1915 1698 
1922 1924 1697 
1692 2081 1696 
1831 2043 1695 
1870 2003 1694 
1936 1881 1694 
1734 2086 1693 
1772 2079 1692 
1848 2035 1692 
1878 2025 1691 
1942 1869 1691 
1960 1801 1690 
1955 1827 1688 
1944 1877 1687 
1832 2060 1686 
1933 1921 1686 
1840 2047 1683 
1958 1868 1683 
1656 2089 1682 
1946 1875 1682 
1743 2090 1681 
1946 1909 1681 
1846 2036 1679 
1924 1941 1679 
1964 1800 1678 
1938 1917 1677 
1910 2000 1674 
1943 1915 1674 
1956 1874 1674 
1966 1803 1674 
1967 1841 1673 
1934 1920 1670 
1980 1794 1670 
1891 2017 1668 
1754 2081 1667 
1832 2061 1667 
1947 1890 1667 
1964 1870 1667 
1949 1879 1665 
1938 1927 1664 
1952 1888 1664 
1867 2037 1663 
1978 1861 1663 
1966 1868 1662 
1927 1939 1661 
1921 1991 1660 
1952 1918 1660 
1941 1921 1660 
1543 2092 1658 
1924 1945 1658 
1990 1788 1658 
1913 2004 1657 
1959 1878 1657 
1718 2095 1656 
1746 2085 1656 
1902 2008 1654 
1941 1960 1653 
1960 1914 1653 
1987 1834 1653 
1988 1855 1651 
1540 2104 1650 
1930 1964 1650 
1974 1905 1649 
1930 1995 1648 
1962 1912 1648 
1780 2083 1644 
1784 2074 1644 
1936 1984 1644 
1967 1945 1644 
1797 2063 1643 
1835 2056 1642 
1911 2012 1642 
1997 1828 1641 
1837 2065 1640 
1952 1951 1639 
1983 1878 1639 
1917 2001 1638 
1939 1968 1638 
1843 2054 1636 
1950 1962 1636 
1996 1836 1636 
1687 2101 1635 
1806 2067 1631 
1875 2026 1631 
1933 1999 1631 
1846 2038 1630 
1939 1988 1627 
1985 1858 1626 
1984 1924 1622 
1992 1880 1622 
1942 1972 1621 
1897 2013 1620 
1787 2069 1619 
2009 1871 1619 
1773 2086 1616 
1594 2108 1610 
1964 1957 1608 
1880 2023 1606 
1869 2027 1603 
2029 1864 1599 
2032 1818 1597 
1741 2105 1595 
1847 2051 1594 
1747 2094 1591 
1967 1961 1591 
1853 2040 1590 
1999 1879 1589 
1884 2020 1587 
2025 1908 1585 
1978 1952 1577 
1989 1922 1574 
2036 1861 1562 
1979 1944 1561 
2029 1880 1546 
2043 1756 1539 
2046 1819 1533 
2042 1863 1519 
2054 1709 1516 
2053 1816 1496 
