2790
5400
1559.98
2821 2886 4303 
2979 3076 4300 
2984 3018 4293 
3010 3104 4292 
2947 3106 4286 
3017 3056 4286 
2989 3138 4284 
2996 3107 4284 
3013 3066 4282 
2990 3174 4280 
3050 3072 4279 
2982 3184 4278 
2997 3117 4276 
3022 3102 4276 
3041 3130 4275 
3008 3134 4275 
3021 3150 4274 
3013 3160 4272 
2979 3191 4270 
3021 3167 4270 
3049 3111 4270 
3053 3130 4268 
2986 3200 4267 
3052 3178 4266 
3054 3240 4265 
3063 3127 4265 
3069 3007 4264 
3094 3158 4263 
3062 3175 4263 
3061 3195 4261 
3032 3242 4260 
2999 3246 4260 
3085 3216 4259 
3096 3129 4259 
3089 3195 4256 
3126 3088 4256 
3060 3258 4255 
3105 3165 4255 
3069 3258 4254 
3098 3266 4253 
3138 3216 4251 
3014 3267 4250 
3103 3217 4250 
3131 3317 4249 
3139 3252 4247 
3148 3148 4246 
3143 3226 4244 
3045 3325 4242 
3155 3096 4242 
3170 3228 4241 
3072 3325 4240 
3144 3262 4240 
3158 3232 4239 
3167 3303 4236 
3059 3326 4234 
3175 3238 4234 
3077 3335 4233 
3123 3323 4233 
3086 3358 4231 
3191 3124 4231 
3178 3127 4228 
3185 3142 4227 
3186 3294 4226 
3201 3127 4226 
3113 3346 4225 
3088 3348 4225 
3206 3225 4225 
3091 3368 4224 
3140 3305 4224 
3222 3126 4224 
3100 3347 4223 
3195 3266 4223 
3186 3295 4221 
3147 3321 4220 
3159 3309 4220 
3229 3207 4220 
3246 3268 4218 
3159 3331 4217 
3161 3309 4217 
3188 3269 4217 
3103 3353 4216 
3047 3379 4215 
3130 3353 4214 
3185 3344 4212 
3192 3285 4211 
3193 3279 4210 
3097 3359 4209 
3093 3363 4209 
3203 3290 4209 
3084 3390 4208 
3166 3372 4208 
3098 3374 4207 
3187 3308 4206 
3223 3279 4206 
3211 3300 4205 
3195 3301 4205 
3251 3157 4205 
3125 3378 4204 
3190 3341 4204 
3267 3229 4204 
3191 3316 4203 
3224 3315 4202 
3048 3399 4200 
3105 3385 4199 
3210 3318 4198 
3226 3285 4198 
3130 3388 4197 
3156 3378 4197 
3141 3380 4197 
3242 3275 4197 
3126 3395 4196 
3177 3350 4196 
3225 3333 4196 
3227 3311 4196 
3157 3388 4195 
3233 3309 4195 
3253 3259 4195 
3264 3309 4194 
3227 3337 4193 
3076 3396 4192 
3189 3382 4192 
3097 3421 4191 
3200 3343 4191 
3229 3310 4191 
3130 3408 4190 
3198 3351 4190 
3222 3343 4190 
3252 3321 4190 
3271 3204 4190 
3242 3328 4189 
3142 3392 4188 
3171 3383 4188 
3278 3284 4188 
3283 3278 4188 
3158 3405 4187 
3199 3349 4187 
3286 3278 4187 
3139 3420 4186 
3147 3407 4186 
3166 3395 4186 
3204 3356 4185 
3221 3351 4185 
3228 3334 4185 
3286 3296 4185 
3295 3115 4185 
3106 3441 4184 
3200 3374 4184 
3129 3431 4182 
3238 3331 4182 
3261 3319 4182 
3162 3418 4181 
3230 3361 4181 
3294 3166 4181 
3088 3445 4180 
3143 3419 4180 
3171 3384 4180 
3143 3436 4179 
3241 3372 4179 
3121 3458 4178 
3242 3356 4178 
3291 3306 4178 
3305 3199 4178 
3212 3390 4177 
3170 3394 4177 
3256 3326 4177 
3201 3401 4175 
3232 3384 4175 
3252 3333 4175 
3314 3270 4175 
3143 3438 4173 
3270 3355 4173 
3158 3424 4172 
3218 3404 4172 
3248 3363 4172 
3273 3332 4172 
3175 3429 4171 
3190 3413 4171 
3220 3399 4171 
3157 3469 4170 
3249 3388 4169 
3321 3282 4169 
3299 3292 4169 
3176 3422 4168 
3250 3363 4168 
3320 3296 4168 
3292 3300 4168 
3160 3443 4167 
3163 3431 4165 
3206 3425 4165 
3251 3375 4165 
3333 3261 4165 
3223 3397 4164 
3284 3388 4164 
3195 3427 4163 
3211 3416 4163 
3165 3448 4162 
3238 3399 4162 
3222 3409 4161 
3302 3334 4161 
3306 3308 4161 
3088 3470 4160 
3183 3434 4160 
3218 3415 4160 
3184 3432 4159 
3249 3409 4159 
3115 3470 4158 
3199 3426 4158 
3313 3297 4158 
3193 3452 4157 
3296 3361 4157 
3315 3305 4157 
3336 3201 4157 
3312 3359 4155 
3328 3286 4155 
3158 3454 4154 
3221 3427 4154 
3292 3407 4154 
3101 3479 4153 
3227 3435 4153 
3156 3493 4152 
3228 3410 4152 
3361 3205 4152 
3345 3211 4152 
3166 3468 4151 
3250 3425 4151 
3332 3311 4151 
3339 3252 4150 
3263 3455 4149 
3343 3335 4149 
3170 3475 4148 
3331 3362 4147 
3301 3384 4147 
3194 3458 4146 
3181 3468 4146 
3238 3495 4145 
3126 3499 4144 
3338 3337 4144 
3267 3412 4143 
3310 3395 4143 
3269 3418 4142 
3344 3294 4142 
3353 3239 4142 
3083 3505 4141 
3273 3428 4141 
3274 3408 4141 
3107 3501 4140 
3319 3367 4139 
3381 3197 4139 
3176 3496 4138 
3384 3215 4136 
3108 3508 4135 
3094 3509 4135 
3069 3511 4135 
3346 3250 4135 
3284 3425 4134 
3215 3506 4133 
3316 3395 4133 
3321 3382 4133 
3347 3241 4133 
3366 3219 4133 
3257 3485 4132 
3303 3415 4132 
3352 3299 4132 
3353 3281 4132 
3362 3256 4132 
3264 3432 4131 
3346 3327 4131 
3363 3241 4131 
3264 3441 4130 
3374 3337 4130 
3269 3444 4129 
3307 3407 4129 
3084 3512 4128 
3269 3464 4128 
3379 3246 4128 
3191 3528 4127 
3281 3434 4127 
3315 3400 4127 
3345 3378 4127 
3238 3523 4125 
3316 3413 4125 
3361 3376 4125 
3303 3416 4124 
3276 3452 4123 
3279 3448 4123 
3287 3423 4123 
3320 3401 4123 
3394 3266 4123 
3162 3554 4122 
3294 3425 4122 
3320 3421 4122 
3332 3379 4122 
3279 3454 4121 
3282 3441 4121 
3325 3390 4121 
3339 3395 4120 
3246 3487 4119 
3291 3443 4119 
3304 3422 4119 
3326 3398 4119 
3288 3450 4118 
3299 3434 4118 
3321 3403 4118 
3291 3469 4117 
3282 3474 4117 
3263 3494 4116 
3299 3468 4116 
3302 3436 4116 
3376 3291 4116 
3168 3539 4115 
3265 3507 4115 
3273 3478 4115 
3310 3460 4115 
3320 3431 4115 
3329 3398 4115 
3399 3238 4115 
3183 3535 4114 
3215 3534 4113 
3332 3499 4113 
3335 3398 4113 
3376 3382 4113 
3254 3510 4112 
3393 3282 4112 
3402 3256 4112 
3405 3252 4112 
3342 3397 4111 
3379 3308 4111 
3139 3565 4110 
3378 3328 4110 
3339 3423 4109 
3393 3316 4109 
3235 3527 4108 
3348 3399 4108 
3355 3441 4107 
3378 3337 4107 
3388 3318 4107 
3380 3320 4106 
3414 3184 4106 
3171 3562 4105 
3211 3536 4105 
3172 3537 4105 
3362 3401 4105 
3380 3323 4105 
3337 3444 4104 
3242 3518 4103 
3258 3509 4103 
3371 3408 4103 
3373 3395 4103 
3394 3304 4103 
3385 3340 4102 
3401 3319 4102 
3407 3237 4102 
3178 3542 4101 
3309 3510 4101 
3410 3338 4101 
3218 3544 4100 
3380 3359 4100 
3172 3554 4099 
3259 3512 4099 
3366 3439 4099 
3414 3208 4099 
3419 3194 4099 
3384 3352 4098 
3246 3514 4097 
3389 3349 4097 
3246 3516 4096 
3388 3357 4096 
3412 3299 4096 
3419 3226 4096 
3121 3572 4095 
3255 3537 4095 
3378 3363 4095 
3131 3571 4094 
3209 3551 4094 
3261 3511 4094 
3338 3482 4094 
3268 3513 4093 
3412 3309 4093 
3217 3560 4092 
3264 3528 4092 
3380 3376 4091 
3383 3361 4091 
3404 3343 4091 
3190 3568 4090 
3275 3540 4090 
3388 3385 4090 
3426 3365 4090 
3361 3464 4089 
3394 3423 4089 
3297 3579 4088 
3363 3450 4088 
3385 3427 4087 
3306 3530 4086 
3400 3379 4086 
3428 3304 4086 
3435 3319 4085 
3385 3462 4084 
3107 3580 4083 
3356 3473 4082 
3454 3269 4082 
3303 3542 4081 
3328 3521 4081 
3441 3280 4081 
3307 3552 4080 
3391 3428 4080 
3399 3410 4080 
3448 3295 4080 
3335 3492 4079 
3340 3474 4079 
3396 3449 4078 
3177 3588 4077 
3274 3590 4076 
3402 3373 4076 
3360 3472 4074 
3438 3314 4074 
3349 3487 4073 
3366 3468 4073 
3404 3384 4073 
3431 3321 4073 
3321 3533 4072 
3341 3497 4072 
3362 3473 4072 
3430 3343 4072 
3337 3516 4071 
3399 3422 4071 
3350 3511 4070 
3409 3368 4070 
3395 3454 4069 
3401 3416 4069 
3413 3366 4069 
3235 3601 4068 
3205 3614 4068 
3335 3520 4068 
3410 3410 4068 
3444 3325 4068 
3339 3524 4067 
3398 3426 4067 
3340 3521 4066 
3353 3497 4066 
3372 3473 4066 
3444 3406 4066 
3379 3505 4065 
3404 3414 4065 
3406 3411 4065 
3337 3529 4064 
3385 3482 4064 
3413 3426 4064 
3454 3311 4064 
3427 3452 4063 
3424 3476 4062 
3446 3345 4062 
3338 3554 4061 
3453 3360 4061 
3455 3195 4061 
3266 3596 4060 
3345 3536 4060 
3340 3540 4060 
3458 3252 4060 
3382 3485 4059 
3463 3228 4059 
3321 3573 4058 
3380 3491 4058 
3418 3480 4058 
3455 3297 4057 
3325 3593 4056 
3328 3589 4056 
3356 3514 4056 
3466 3336 4056 
3467 3297 4056 
3470 3250 4056 
3359 3514 4055 
3220 3614 4054 
3360 3522 4054 
3384 3490 4054 
3225 3605 4053 
3227 3607 4052 
3465 3387 4052 
3360 3524 4051 
3352 3527 4051 
3433 3430 4051 
3180 3623 4050 
3358 3532 4050 
3378 3513 4050 
3401 3487 4050 
3488 3199 4050 
3475 3212 4050 
3331 3556 4049 
3384 3509 4049 
3243 3598 4048 
3413 3505 4048 
3472 3234 4048 
3165 3637 4046 
3344 3549 4046 
3330 3560 4045 
3429 3432 4045 
3471 3246 4045 
3302 3604 4044 
3345 3544 4044 
3482 3272 4044 
3348 3534 4043 
3434 3424 4043 
3470 3299 4043 
3250 3615 4042 
3390 3514 4042 
3363 3522 4042 
3366 3518 4042 
3416 3485 4042 
3477 3314 4042 
3253 3611 4041 
3355 3559 4041 
3239 3632 4040 
3355 3583 4040 
3379 3520 4040 
3426 3471 4040 
3441 3410 4040 
3443 3407 4040 
3478 3303 4040 
3276 3627 4039 
3385 3520 4039 
3448 3425 4039 
3466 3342 4039 
3486 3237 4039 
3361 3547 4038 
3414 3486 4038 
3427 3478 4038 
3477 3324 4038 
3479 3309 4038 
3489 3126 4038 
3282 3612 4037 
3356 3595 4037 
3386 3539 4037 
3398 3523 4037 
3445 3453 4037 
3486 3324 4037 
3399 3507 4036 
3421 3480 4036 
3432 3468 4036 
3366 3543 4035 
3440 3462 4035 
3454 3414 4035 
3290 3623 4034 
3404 3519 4034 
3451 3439 4034 
3478 3355 4034 
3499 3253 4034 
3379 3545 4033 
3398 3528 4033 
3407 3519 4033 
3410 3515 4033 
3490 3300 4033 
3379 3577 4032 
3417 3530 4032 
3418 3509 4032 
3387 3571 4031 
3441 3473 4031 
3467 3420 4031 
3430 3483 4030 
3478 3357 4030 
3422 3493 4029 
3446 3451 4029 
3328 3610 4028 
3429 3489 4028 
3453 3432 4028 
3485 3367 4028 
3253 3638 4027 
3422 3504 4027 
3462 3451 4027 
3515 3247 4026 
3272 3632 4025 
3421 3508 4025 
3492 3294 4025 
3393 3538 4024 
3497 3346 4024 
3426 3500 4023 
3471 3368 4023 
3280 3637 4022 
3310 3624 4022 
3359 3586 4022 
3452 3495 4022 
3348 3601 4021 
3471 3382 4021 
3395 3547 4020 
3402 3538 4020 
3498 3303 4020 
3285 3633 4019 
3466 3468 4019 
3424 3514 4018 
3511 3289 4018 
3519 3209 4018 
3141 3640 4017 
3339 3605 4017 
3396 3572 4017 
3432 3532 4017 
3424 3534 4017 
3457 3476 4017 
3468 3389 4017 
3477 3382 4017 
3232 3654 4016 
3371 3583 4016 
3405 3558 4016 
3400 3561 4016 
3479 3390 4016 
3466 3481 4015 
3478 3446 4015 
3472 3447 4015 
3495 3347 4015 
3488 3350 4015 
3500 3331 4015 
3447 3498 4014 
3482 3382 4014 
3495 3365 4014 
3367 3585 4013 
3441 3509 4013 
3436 3512 4013 
3453 3485 4013 
3502 3300 4013 
3514 3275 4013 
3412 3539 4012 
3442 3506 4012 
3445 3502 4012 
3483 3396 4012 
3506 3335 4012 
3514 3297 4012 
3384 3587 4011 
3455 3510 4011 
3461 3499 4011 
3498 3355 4011 
3116 3668 4010 
3257 3648 4010 
3441 3523 4010 
3496 3396 4010 
3501 3380 4010 
3502 3341 4010 
3135 3658 4009 
3292 3634 4009 
3368 3614 4009 
3480 3441 4009 
3508 3341 4009 
3267 3646 4008 
3295 3637 4008 
3410 3544 4008 
3528 3326 4008 
3387 3607 4007 
3415 3563 4007 
3423 3536 4007 
3482 3420 4007 
3273 3641 4006 
3303 3633 4006 
3436 3531 4006 
3199 3662 4005 
3315 3615 4005 
3427 3550 4005 
3476 3456 4005 
3481 3431 4005 
3514 3338 4005 
3209 3665 4004 
3252 3655 4004 
3390 3580 4004 
3393 3576 4004 
3423 3558 4004 
3453 3536 4004 
3470 3473 4004 
3482 3428 4004 
3502 3355 4004 
3536 3157 4004 
3277 3639 4003 
3401 3602 4003 
3459 3532 4003 
3486 3452 4003 
3428 3539 4002 
3406 3598 4000 
3532 3288 4000 
3312 3638 3999 
3343 3621 3999 
3210 3665 3998 
3287 3642 3998 
3377 3627 3998 
3441 3545 3998 
3503 3365 3998 
3209 3667 3997 
3269 3645 3997 
3467 3504 3997 
3536 3213 3997 
3541 3167 3997 
3422 3565 3996 
3477 3461 3996 
3493 3422 3996 
3510 3381 3996 
3321 3649 3995 
3328 3634 3995 
3416 3570 3995 
3446 3539 3995 
3473 3521 3995 
3489 3434 3995 
3455 3539 3994 
3488 3445 3994 
3501 3393 3994 
3135 3668 3993 
3414 3613 3993 
3383 3618 3993 
3455 3541 3993 
3477 3481 3993 
3479 3477 3993 
3484 3459 3993 
3486 3454 3993 
3487 3448 3993 
3229 3666 3992 
3271 3662 3992 
3431 3586 3992 
3498 3398 3992 
3112 3675 3991 
3348 3628 3991 
3434 3569 3991 
3503 3399 3991 
3513 3388 3991 
3516 3384 3991 
3518 3372 3991 
3161 3676 3990 
3331 3630 3990 
3200 3669 3989 
3441 3566 3989 
3488 3468 3989 
3499 3435 3989 
3507 3397 3989 
3201 3671 3988 
3432 3573 3988 
3476 3527 3988 
3485 3495 3988 
3494 3450 3988 
3489 3454 3988 
3548 3338 3988 
3388 3622 3987 
3473 3551 3987 
3281 3654 3986 
3449 3578 3986 
3485 3524 3986 
3509 3410 3986 
3188 3674 3985 
3222 3667 3985 
3313 3653 3985 
3331 3642 3985 
3492 3451 3985 
3503 3442 3985 
3521 3378 3985 
3524 3363 3985 
3260 3668 3984 
3437 3590 3984 
3275 3656 3983 
3473 3564 3983 
3500 3461 3983 
3549 3162 3983 
3236 3671 3982 
3507 3435 3982 
3337 3655 3981 
3132 3680 3980 
3248 3673 3980 
3488 3514 3980 
3491 3510 3980 
3493 3475 3980 
3516 3412 3980 
3555 3090 3980 
3232 3676 3979 
3480 3531 3979 
3506 3491 3979 
3507 3437 3979 
3512 3431 3979 
3518 3388 3979 
3192 3683 3978 
3195 3677 3978 
3423 3615 3978 
3538 3343 3978 
3419 3617 3977 
3406 3619 3977 
3464 3580 3977 
3492 3496 3977 
3369 3628 3976 
3520 3385 3976 
3527 3357 3976 
3280 3670 3975 
3273 3672 3975 
3369 3654 3975 
3415 3621 3975 
3510 3451 3975 
3528 3398 3975 
3532 3353 3975 
3537 3347 3975 
3382 3631 3974 
3386 3627 3974 
3538 3402 3974 
3547 3388 3974 
3552 3372 3974 
3286 3665 3973 
3429 3595 3973 
3237 3679 3972 
3182 3684 3971 
3265 3679 3971 
3281 3666 3971 
3289 3656 3971 
3554 3188 3971 
3307 3677 3970 
3052 3693 3969 
3203 3686 3968 
3248 3680 3968 
3333 3656 3968 
3370 3640 3968 
3493 3493 3968 
3517 3445 3968 
3557 3334 3968 
3211 3702 3967 
3371 3635 3967 
3465 3570 3967 
3524 3440 3967 
3318 3657 3966 
3477 3533 3966 
3507 3485 3966 
3513 3456 3966 
3321 3660 3965 
3383 3630 3965 
3441 3591 3965 
3500 3538 3965 
3531 3456 3965 
3442 3599 3964 
3474 3541 3964 
3512 3491 3964 
3558 3199 3964 
3483 3553 3962 
3517 3468 3962 
3313 3668 3961 
3442 3627 3961 
3483 3586 3961 
3510 3492 3961 
3522 3474 3961 
3271 3682 3960 
3242 3690 3959 
3361 3660 3959 
3390 3638 3959 
3529 3490 3959 
3544 3398 3959 
3549 3382 3959 
3559 3255 3959 
3284 3688 3958 
3372 3649 3958 
3373 3640 3958 
3328 3683 3957 
3391 3639 3957 
3501 3515 3957 
3380 3650 3956 
3508 3530 3956 
3555 3371 3956 
3578 3190 3956 
3241 3706 3955 
3188 3713 3955 
3448 3608 3955 
3443 3613 3954 
3456 3602 3954 
3459 3587 3954 
3516 3493 3954 
3105 3714 3953 
3535 3414 3953 
3570 3244 3953 
3491 3549 3952 
3545 3392 3952 
3564 3279 3952 
3537 3420 3951 
3294 3684 3950 
3419 3634 3950 
3446 3610 3950 
3509 3509 3950 
3549 3397 3950 
3554 3381 3950 
3573 3288 3950 
3189 3713 3949 
3460 3597 3949 
3535 3427 3949 
3248 3693 3948 
3402 3637 3948 
3549 3410 3948 
3559 3292 3948 
3260 3690 3947 
3338 3671 3947 
3505 3545 3947 
3561 3349 3947 
3564 3305 3947 
3178 3716 3946 
3306 3693 3946 
3451 3629 3946 
3511 3523 3946 
3587 3317 3946 
3422 3659 3945 
3517 3553 3945 
3548 3432 3945 
3557 3426 3945 
3363 3662 3944 
3522 3491 3944 
3565 3329 3944 
3341 3675 3943 
3371 3665 3943 
3520 3519 3943 
3573 3323 3943 
3209 3711 3942 
3276 3694 3942 
3257 3698 3942 
3486 3575 3942 
3536 3451 3942 
3320 3689 3941 
3434 3631 3941 
3362 3683 3940 
3469 3612 3940 
3515 3556 3940 
3539 3470 3940 
3562 3434 3940 
3564 3389 3940 
3575 3327 3940 
3180 3719 3939 
3504 3577 3939 
3520 3524 3939 
3528 3494 3939 
3224 3708 3938 
3335 3691 3938 
3476 3628 3938 
3535 3509 3938 
3258 3724 3937 
3478 3590 3937 
3588 3315 3937 
3490 3582 3936 
3570 3348 3936 
3383 3664 3935 
3462 3640 3935 
3491 3578 3935 
3547 3531 3935 
3565 3391 3935 
3575 3366 3935 
3583 3328 3935 
3523 3558 3934 
3549 3446 3933 
3573 3412 3932 
3298 3699 3930 
3344 3684 3930 
3377 3668 3930 
3363 3669 3930 
3486 3601 3930 
3550 3488 3930 
3568 3425 3930 
3297 3700 3929 
3196 3725 3928 
3509 3590 3928 
3552 3456 3928 
3122 3735 3927 
3372 3670 3927 
3363 3671 3927 
3585 3321 3927 
3312 3702 3926 
3490 3610 3926 
3593 3189 3926 
3363 3672 3925 
3424 3665 3925 
3387 3668 3925 
3354 3689 3924 
3567 3445 3924 
3524 3542 3923 
3582 3346 3923 
3182 3733 3922 
3240 3725 3922 
3323 3703 3922 
3348 3694 3922 
3551 3483 3922 
3585 3325 3922 
3533 3537 3921 
3270 3727 3920 
3556 3447 3920 
3359 3705 3919 
3372 3682 3919 
3454 3646 3919 
3463 3632 3919 
3555 3461 3919 
3574 3368 3919 
3589 3225 3919 
3275 3710 3918 
3279 3706 3918 
3390 3680 3918 
3447 3648 3918 
3471 3629 3918 
3573 3461 3918 
3580 3375 3918 
3591 3204 3918 
3596 3189 3918 
3554 3496 3917 
3583 3377 3917 
3588 3345 3917 
3380 3724 3916 
3483 3644 3916 
3577 3388 3916 
3593 3368 3916 
3525 3558 3915 
3575 3404 3915 
3602 3055 3915 
3409 3668 3914 
3493 3592 3914 
3523 3559 3914 
3603 3279 3914 
3556 3486 3913 
3584 3371 3913 
3448 3663 3912 
3398 3684 3911 
3558 3485 3911 
3581 3390 3910 
3203 3731 3909 
3497 3594 3909 
3598 3400 3909 
3497 3626 3908 
3539 3551 3908 
3550 3523 3908 
3248 3730 3907 
3174 3739 3906 
3232 3731 3906 
3504 3642 3906 
3552 3500 3906 
3605 3281 3906 
3383 3686 3905 
3566 3487 3905 
3613 3268 3905 
3159 3743 3904 
3185 3733 3904 
3384 3690 3904 
3460 3655 3904 
3512 3577 3904 
3519 3560 3904 
3579 3425 3904 
3580 3410 3904 
3095 3744 3903 
3519 3592 3903 
3522 3588 3903 
3221 3740 3901 
3250 3729 3901 
3513 3596 3901 
3549 3537 3901 
3557 3488 3901 
3577 3430 3901 
3587 3410 3901 
3165 3742 3900 
3372 3730 3900 
3434 3667 3900 
3488 3648 3900 
3524 3559 3900 
3533 3554 3900 
3580 3424 3900 
3383 3691 3899 
3421 3682 3899 
3531 3560 3899 
3607 3291 3899 
3386 3694 3898 
3438 3685 3898 
3461 3655 3898 
3528 3563 3898 
3532 3557 3898 
3567 3466 3898 
3578 3449 3898 
3597 3429 3898 
3171 3751 3897 
3559 3501 3897 
3578 3466 3897 
3601 3323 3897 
3610 3280 3897 
3401 3707 3896 
3508 3609 3896 
3225 3741 3895 
3274 3740 3895 
3505 3633 3895 
3522 3592 3895 
3530 3575 3895 
3531 3565 3895 
3209 3742 3894 
3444 3664 3894 
3544 3538 3894 
3598 3416 3894 
3604 3294 3894 
3539 3563 3893 
3560 3495 3893 
3570 3474 3893 
3617 3121 3893 
3478 3658 3892 
3518 3610 3892 
3551 3510 3892 
3564 3497 3892 
3599 3327 3892 
3609 3315 3892 
3076 3757 3891 
3311 3750 3891 
3577 3514 3891 
3583 3436 3891 
3457 3663 3890 
3496 3648 3890 
3605 3392 3890 
3610 3288 3890 
3615 3141 3890 
3580 3452 3889 
3141 3759 3888 
3349 3741 3888 
3421 3694 3888 
3465 3659 3888 
3510 3622 3888 
3542 3539 3888 
3601 3396 3888 
3619 3244 3888 
3458 3665 3887 
3461 3661 3887 
3553 3560 3887 
3415 3696 3886 
3511 3658 3884 
3539 3569 3884 
3555 3532 3884 
3596 3479 3884 
3603 3393 3884 
3620 3169 3884 
3524 3594 3883 
3606 3332 3883 
3382 3712 3882 
3521 3606 3882 
3551 3573 3882 
3163 3757 3881 
3421 3702 3881 
3447 3693 3881 
3522 3603 3881 
3573 3520 3881 
3613 3368 3881 
3532 3593 3880 
3614 3314 3880 
3526 3617 3879 
3539 3608 3879 
3554 3540 3879 
3473 3659 3878 
3602 3413 3878 
3182 3751 3877 
3384 3723 3877 
3520 3629 3877 
3542 3574 3877 
3565 3531 3877 
3236 3761 3876 
3461 3689 3876 
3543 3577 3876 
3544 3574 3876 
3604 3442 3876 
3619 3350 3876 
3628 3318 3876 
3068 3763 3875 
3303 3756 3875 
3408 3711 3875 
3549 3590 3875 
3612 3388 3875 
3526 3618 3874 
3530 3614 3874 
3584 3502 3874 
3600 3446 3874 
3576 3536 3873 
3133 3765 3872 
3488 3669 3872 
3522 3622 3872 
3566 3541 3872 
3564 3545 3871 
3162 3762 3870 
3492 3665 3870 
3543 3594 3870 
3613 3373 3870 
3632 3101 3870 
3140 3768 3869 
3114 3769 3869 
3519 3630 3869 
3566 3553 3869 
3618 3395 3869 
3630 3281 3869 
3386 3725 3868 
3415 3703 3868 
3554 3555 3868 
3569 3551 3868 
3588 3485 3868 
3243 3757 3867 
3428 3695 3867 
3546 3592 3867 
3572 3539 3867 
3610 3417 3867 
3440 3696 3866 
3579 3554 3866 
3619 3352 3866 
3439 3699 3865 
3569 3573 3865 
3587 3489 3864 
3045 3774 3863 
3280 3767 3863 
3616 3430 3863 
3623 3395 3863 
3633 3218 3863 
3187 3770 3862 
3532 3642 3862 
3556 3575 3862 
3601 3487 3862 
3376 3729 3861 
3609 3437 3861 
3631 3244 3861 
3634 3212 3861 
3110 3776 3860 
3335 3757 3860 
3406 3712 3860 
3453 3695 3860 
3462 3681 3860 
3636 3132 3860 
3313 3761 3859 
3534 3620 3859 
3436 3730 3858 
3519 3650 3858 
3583 3510 3858 
3608 3492 3858 
3624 3385 3858 
3473 3673 3857 
3554 3583 3857 
3587 3497 3857 
3622 3415 3857 
3628 3357 3857 
3632 3263 3857 
3633 3225 3857 
3480 3675 3856 
3639 3103 3856 
3479 3700 3855 
3555 3579 3855 
3488 3676 3854 
3553 3604 3854 
3635 3152 3854 
3458 3714 3853 
3543 3611 3853 
3575 3559 3853 
3593 3512 3853 
3583 3514 3853 
3599 3503 3853 
3624 3407 3853 
3368 3738 3852 
3550 3626 3852 
3581 3526 3852 
3617 3421 3852 
3641 3239 3852 
3627 3377 3851 
3152 3773 3850 
3571 3560 3850 
3591 3521 3850 
3632 3339 3850 
3353 3740 3849 
3561 3579 3849 
3632 3371 3849 
3635 3308 3849 
3644 3278 3849 
3646 3100 3849 
3205 3778 3848 
3564 3578 3848 
3615 3459 3848 
3223 3770 3847 
3436 3736 3847 
3489 3673 3847 
3516 3651 3847 
3580 3536 3847 
3633 3360 3847 
3496 3661 3846 
3581 3568 3846 
3623 3431 3846 
3625 3405 3846 
3626 3403 3846 
3647 3345 3845 
3238 3772 3844 
3572 3596 3844 
3573 3575 3844 
3595 3504 3844 
3305 3767 3843 
3352 3742 3843 
3584 3541 3843 
3588 3523 3843 
3283 3769 3842 
3586 3539 3842 
3600 3517 3842 
3606 3502 3842 
3310 3768 3841 
3502 3667 3841 
3524 3643 3841 
3651 3253 3841 
3498 3687 3840 
3610 3469 3839 
3632 3400 3839 
3638 3366 3839 
3207 3777 3838 
3503 3664 3838 
3189 3782 3837 
3112 3785 3837 
3294 3774 3837 
3434 3741 3837 
3535 3631 3837 
3592 3525 3837 
3620 3433 3837 
3628 3402 3837 
3645 3398 3837 
3336 3760 3836 
3339 3752 3836 
3504 3682 3836 
3609 3482 3836 
3654 3147 3836 
3319 3772 3835 
3177 3787 3834 
3370 3748 3834 
3558 3606 3834 
3611 3461 3834 
3616 3442 3834 
3262 3784 3833 
3544 3642 3833 
3601 3517 3833 
3616 3451 3833 
3644 3416 3833 
3653 3163 3833 
3444 3722 3832 
3507 3666 3832 
3592 3601 3832 
3596 3545 3832 
3610 3472 3832 
3663 3119 3832 
3597 3521 3831 
3619 3453 3831 
3621 3439 3831 
3653 3309 3831 
3405 3747 3830 
3573 3621 3830 
3623 3467 3830 
3323 3763 3829 
3610 3491 3829 
3264 3783 3828 
3614 3489 3828 
3618 3475 3828 
3448 3717 3827 
3488 3688 3827 
3547 3632 3827 
3554 3626 3827 
3610 3503 3827 
3227 3788 3826 
3309 3775 3826 
3521 3661 3826 
3648 3326 3826 
3654 3243 3826 
3094 3792 3825 
3611 3553 3825 
3631 3450 3825 
3237 3785 3824 
3511 3711 3824 
3617 3509 3824 
3618 3488 3824 
3656 3166 3824 
3123 3789 3823 
3342 3750 3823 
3658 3201 3823 
3353 3752 3822 
3530 3659 3822 
3657 3314 3822 
3658 3208 3822 
3664 3188 3822 
3286 3780 3821 
3444 3728 3821 
3517 3662 3821 
3611 3556 3821 
3596 3560 3821 
3659 3212 3821 
3188 3791 3820 
3619 3477 3820 
3667 3150 3820 
3234 3791 3819 
3405 3753 3819 
3536 3671 3819 
3623 3495 3819 
3654 3329 3819 
3668 3070 3819 
3169 3793 3818 
3167 3794 3818 
3517 3695 3818 
3629 3462 3818 
3666 3206 3818 
3254 3790 3817 
3629 3494 3817 
3659 3298 3817 
3241 3794 3816 
3650 3389 3816 
3324 3761 3815 
3642 3532 3815 
3650 3441 3815 
3337 3756 3814 
3071 3803 3813 
3379 3754 3813 
3523 3674 3813 
3605 3566 3812 
3613 3536 3812 
3660 3218 3812 
3452 3718 3811 
3518 3678 3811 
3575 3623 3811 
3250 3798 3810 
3594 3569 3810 
3661 3334 3810 
3158 3799 3809 
3120 3804 3808 
3267 3783 3808 
3305 3777 3808 
3447 3722 3808 
3651 3341 3808 
3211 3802 3807 
3338 3768 3807 
3517 3699 3807 
3552 3634 3807 
3608 3600 3807 
3655 3381 3807 
3668 3226 3807 
3336 3770 3806 
3462 3723 3806 
3539 3654 3806 
3652 3393 3806 
3656 3356 3806 
3663 3248 3806 
3231 3801 3805 
3436 3752 3805 
3538 3693 3805 
3662 3254 3805 
3341 3763 3804 
3665 3256 3804 
3674 3129 3804 
3373 3755 3803 
3619 3543 3803 
3671 3144 3803 
3679 3123 3803 
3372 3759 3802 
3521 3696 3802 
3561 3625 3802 
3580 3610 3802 
3670 3167 3802 
3264 3795 3801 
3548 3675 3801 
3555 3626 3801 
3578 3619 3801 
3665 3321 3801 
3667 3246 3801 
3233 3800 3800 
3446 3733 3800 
3555 3628 3800 
3655 3407 3800 
3666 3318 3800 
3344 3761 3799 
3449 3751 3799 
3471 3715 3799 
3664 3326 3799 
3681 3233 3799 
3358 3761 3798 
3519 3703 3798 
3556 3640 3798 
3583 3630 3798 
3596 3621 3798 
3615 3548 3798 
3063 3809 3797 
3253 3799 3797 
3351 3777 3797 
3515 3706 3797 
3614 3601 3797 
3615 3567 3797 
3665 3326 3797 
3266 3794 3796 
3308 3778 3796 
3550 3646 3796 
3663 3354 3796 
3186 3803 3795 
3397 3759 3795 
3468 3717 3795 
3658 3361 3795 
3271 3782 3794 
3658 3421 3794 
3659 3370 3794 
3669 3256 3794 
3480 3727 3793 
3555 3644 3793 
3625 3549 3793 
3677 3251 3793 
3157 3808 3792 
3557 3655 3792 
3685 3259 3792 
3203 3808 3791 
3309 3780 3791 
3621 3553 3791 
3667 3302 3791 
3136 3811 3790 
3277 3784 3790 
3313 3779 3790 
3357 3767 3790 
3486 3712 3790 
3651 3430 3790 
3679 3260 3790 
3291 3783 3789 
3409 3753 3789 
3530 3699 3789 
3563 3634 3789 
3644 3467 3789 
3662 3392 3789 
3666 3375 3789 
3669 3341 3789 
3687 3172 3789 
3405 3756 3788 
3670 3285 3788 
3336 3780 3787 
3383 3760 3787 
3643 3499 3787 
3654 3448 3787 
3670 3356 3787 
3675 3338 3787 
3306 3801 3786 
3361 3775 3786 
3558 3646 3786 
3602 3604 3786 
3376 3774 3785 
3660 3424 3785 
3372 3777 3784 
3561 3640 3784 
3649 3522 3784 
3655 3513 3784 
3658 3435 3784 
3664 3388 3784 
3669 3382 3784 
3327 3794 3783 
3387 3762 3783 
3404 3760 3782 
3562 3646 3782 
3575 3636 3782 
3670 3382 3782 
3676 3345 3782 
3061 3812 3781 
3163 3811 3781 
3251 3808 3781 
3392 3763 3781 
3470 3732 3781 
3507 3712 3781 
3606 3607 3781 
3678 3280 3781 
3347 3780 3780 
3489 3719 3780 
3596 3631 3780 
3689 3120 3780 
3188 3815 3779 
3270 3802 3779 
3664 3408 3779 
3694 3198 3779 
3252 3809 3778 
3315 3795 3778 
3517 3723 3778 
3657 3452 3778 
3198 3812 3777 
3375 3778 3777 
3405 3769 3777 
3559 3665 3777 
3679 3305 3777 
3336 3784 3776 
3658 3440 3776 
3686 3247 3776 
3679 3358 3775 
3685 3262 3775 
3338 3786 3774 
3380 3777 3774 
3408 3754 3774 
3452 3743 3774 
3605 3612 3774 
3671 3386 3774 
3233 3812 3773 
3339 3782 3773 
3569 3643 3773 
3642 3549 3773 
3675 3435 3773 
3686 3264 3773 
3110 3822 3772 
3650 3525 3772 
3682 3298 3772 
3618 3555 3771 
3670 3465 3771 
3334 3794 3770 
3435 3758 3770 
3541 3677 3770 
3620 3564 3770 
3623 3556 3770 
3657 3485 3770 
3399 3784 3769 
3697 3234 3769 
3413 3761 3768 
3667 3480 3768 
3676 3443 3768 
3677 3368 3768 
3213 3813 3767 
3465 3736 3767 
3473 3728 3767 
3543 3690 3767 
3547 3685 3767 
3577 3633 3767 
3616 3580 3767 
3688 3266 3767 
3469 3738 3766 
3521 3714 3766 
3290 3804 3765 
3382 3799 3765 
3631 3555 3765 
3481 3725 3764 
3562 3660 3764 
3678 3364 3764 
3686 3354 3764 
3262 3808 3763 
3360 3802 3763 
3572 3645 3762 
3600 3624 3762 
3679 3423 3762 
3706 3280 3762 
3276 3808 3761 
3551 3671 3761 
3566 3654 3761 
3619 3570 3761 
3635 3558 3761 
3262 3809 3760 
3623 3567 3760 
3676 3476 3760 
3711 3231 3760 
3236 3838 3759 
3531 3712 3759 
3552 3678 3759 
3570 3655 3759 
3578 3632 3759 
3674 3485 3759 
3477 3738 3758 
3566 3657 3758 
3574 3643 3758 
3617 3579 3758 
3682 3360 3758 
3411 3764 3757 
3537 3695 3757 
3592 3642 3757 
3624 3560 3757 
3689 3367 3757 
3243 3814 3756 
3439 3757 3756 
3644 3526 3756 
3423 3763 3755 
3510 3753 3755 
3625 3561 3755 
3282 3807 3754 
3691 3299 3754 
3400 3776 3753 
3587 3656 3753 
3692 3306 3753 
3321 3807 3752 
3426 3765 3752 
3557 3667 3752 
3625 3566 3752 
3680 3377 3752 
3239 3819 3751 
3317 3810 3751 
3409 3766 3751 
3567 3657 3751 
3631 3567 3751 
3284 3812 3750 
3416 3770 3750 
3437 3761 3750 
3594 3648 3750 
3680 3443 3750 
3688 3405 3750 
3697 3381 3750 
3319 3819 3749 
3438 3765 3749 
3609 3602 3749 
3667 3490 3749 
3545 3692 3748 
3555 3673 3748 
3609 3615 3748 
3665 3511 3748 
3678 3473 3748 
3691 3382 3748 
3701 3351 3748 
3562 3667 3746 
3630 3570 3746 
3602 3618 3745 
3610 3605 3745 
3682 3478 3745 
3423 3769 3744 
3532 3702 3744 
3615 3588 3744 
3633 3575 3744 
3654 3523 3744 
3675 3484 3744 
3696 3401 3744 
3565 3672 3743 
3615 3597 3743 
3253 3823 3742 
3444 3761 3742 
3454 3754 3742 
3575 3665 3742 
3605 3639 3742 
3645 3573 3742 
3679 3493 3742 
3271 3830 3741 
3505 3757 3741 
3617 3590 3741 
3550 3679 3740 
3691 3404 3740 
3703 3307 3740 
3390 3791 3739 
3618 3579 3739 
3427 3766 3738 
3564 3677 3738 
3683 3414 3738 
3684 3412 3738 
3401 3795 3737 
3514 3729 3737 
3597 3644 3737 
3621 3586 3737 
3415 3772 3736 
3618 3588 3736 
3683 3476 3736 
3523 3716 3735 
3611 3602 3735 
3703 3359 3735 
3718 3208 3735 
3654 3561 3734 
3660 3552 3734 
3698 3369 3734 
3430 3766 3733 
3539 3704 3733 
3554 3700 3733 
3616 3622 3733 
3625 3594 3733 
3345 3808 3732 
3556 3698 3732 
3647 3563 3732 
3205 3855 3731 
3407 3773 3731 
3622 3618 3731 
3686 3427 3731 
3327 3809 3730 
3527 3725 3730 
3686 3459 3730 
3442 3777 3729 
3588 3652 3729 
3517 3734 3728 
3575 3675 3728 
3580 3660 3728 
3637 3575 3728 
3677 3509 3728 
3705 3351 3728 
3709 3232 3727 
3602 3657 3726 
3637 3579 3726 
3687 3412 3726 
3690 3407 3726 
3405 3788 3725 
3576 3663 3725 
3630 3610 3725 
3648 3569 3725 
3715 3210 3725 
3331 3816 3724 
3691 3407 3724 
3286 3827 3723 
3632 3605 3723 
3406 3778 3722 
3578 3665 3722 
3606 3634 3722 
3655 3564 3722 
3712 3219 3722 
3288 3836 3721 
3378 3800 3721 
3529 3716 3721 
3658 3563 3721 
3356 3804 3720 
3452 3760 3720 
3661 3523 3720 
3703 3432 3720 
3718 3402 3720 
3719 3224 3720 
3569 3677 3719 
3595 3671 3719 
3343 3826 3718 
3573 3679 3718 
3672 3519 3718 
3689 3439 3718 
3469 3758 3717 
3455 3759 3717 
3546 3706 3717 
3436 3783 3716 
3532 3725 3716 
3606 3665 3716 
3692 3461 3715 
3727 3139 3715 
3222 3840 3714 
3566 3680 3714 
3639 3595 3714 
3641 3577 3714 
3723 3220 3714 
3560 3684 3713 
3625 3618 3713 
3726 3222 3713 
3448 3775 3712 
3534 3713 3712 
3567 3681 3712 
3619 3624 3712 
3608 3631 3712 
3644 3574 3712 
3689 3476 3712 
3409 3787 3711 
3506 3754 3711 
3550 3702 3711 
3681 3504 3711 
3615 3626 3710 
3727 3242 3710 
3538 3717 3708 
3563 3689 3708 
3662 3520 3708 
3347 3805 3707 
3510 3756 3707 
3616 3657 3707 
3628 3626 3707 
3646 3593 3707 
3683 3487 3707 
3730 3205 3707 
3281 3844 3706 
3373 3804 3706 
3409 3793 3706 
3559 3693 3706 
3647 3570 3706 
3690 3473 3706 
3693 3459 3706 
3721 3296 3706 
3547 3709 3705 
3581 3678 3705 
3650 3569 3705 
3666 3535 3705 
3720 3304 3705 
3696 3449 3704 
3450 3769 3703 
3486 3759 3703 
3587 3677 3703 
3650 3589 3703 
3525 3726 3702 
3567 3686 3702 
3592 3672 3702 
3683 3541 3702 
3516 3737 3701 
3541 3715 3701 
3455 3794 3700 
3477 3760 3700 
3461 3763 3700 
3565 3690 3700 
3598 3671 3700 
3628 3645 3700 
3691 3476 3700 
3722 3270 3700 
3389 3800 3699 
3469 3773 3699 
3557 3699 3699 
3699 3444 3699 
3304 3831 3698 
3575 3688 3698 
3648 3595 3698 
3723 3257 3698 
3300 3834 3697 
3322 3827 3697 
3721 3349 3697 
3637 3619 3696 
3651 3578 3696 
3724 3253 3696 
3731 3108 3695 
3377 3813 3694 
3712 3428 3694 
3345 3825 3693 
3664 3552 3693 
3351 3818 3692 
3518 3728 3692 
3654 3577 3692 
3701 3452 3692 
3722 3289 3692 
3733 3118 3692 
3358 3815 3691 
3556 3712 3691 
3588 3680 3691 
3638 3599 3691 
3563 3727 3690 
3584 3683 3690 
3686 3487 3689 
3691 3479 3689 
3728 3211 3689 
3402 3795 3688 
3524 3731 3688 
3687 3483 3688 
3730 3233 3688 
3495 3767 3687 
3595 3677 3687 
3657 3572 3687 
3670 3546 3687 
3479 3775 3686 
3566 3692 3686 
3733 3212 3686 
3723 3295 3685 
3730 3279 3685 
3636 3625 3684 
3690 3484 3684 
3723 3327 3684 
3392 3801 3683 
3592 3679 3683 
3637 3621 3683 
3692 3485 3683 
3724 3323 3683 
3404 3802 3682 
3640 3614 3682 
3654 3579 3682 
3687 3577 3682 
3704 3437 3682 
3726 3346 3682 
3732 3255 3682 
3386 3804 3681 
3518 3748 3681 
3661 3583 3681 
3565 3710 3680 
3578 3684 3680 
3603 3673 3680 
3707 3439 3680 
3727 3296 3680 
3745 3205 3680 
3418 3798 3679 
3524 3732 3679 
3725 3377 3679 
3740 3228 3679 
3300 3840 3678 
3611 3662 3678 
3715 3449 3678 
3732 3259 3678 
3520 3736 3677 
3618 3677 3677 
3642 3599 3677 
3697 3458 3677 
3113 3857 3676 
3566 3697 3676 
3577 3688 3676 
3700 3456 3676 
3721 3408 3676 
3723 3384 3676 
3350 3821 3675 
3387 3807 3675 
3545 3729 3675 
3693 3462 3675 
3728 3286 3675 
3576 3689 3674 
3690 3495 3674 
3747 3278 3674 
3260 3846 3673 
3627 3651 3673 
3693 3470 3673 
3209 3852 3672 
3543 3737 3672 
3636 3631 3672 
3727 3369 3672 
3404 3808 3671 
3521 3740 3671 
3689 3497 3671 
3373 3824 3670 
3471 3781 3670 
3642 3630 3670 
3648 3602 3670 
3653 3594 3670 
3705 3454 3670 
3723 3441 3670 
3483 3776 3669 
3547 3728 3669 
3691 3518 3669 
3733 3291 3669 
3457 3805 3668 
3643 3608 3668 
3694 3478 3668 
3731 3305 3668 
3215 3855 3667 
3728 3343 3667 
3309 3830 3666 
3651 3607 3666 
3695 3478 3666 
3734 3307 3666 
3256 3854 3665 
3378 3810 3665 
3508 3758 3665 
3595 3688 3665 
3619 3680 3665 
3695 3487 3665 
3320 3835 3664 
3706 3455 3664 
3327 3832 3663 
3692 3492 3663 
3732 3328 3663 
3748 3240 3663 
3568 3719 3662 
3601 3697 3662 
3753 3344 3662 
3347 3836 3661 
3383 3809 3661 
3622 3658 3661 
3636 3635 3661 
3698 3493 3660 
3731 3389 3660 
3192 3859 3659 
3116 3860 3659 
3714 3479 3658 
3688 3526 3657 
3181 3862 3656 
3533 3741 3656 
3547 3731 3656 
3651 3617 3656 
3694 3500 3656 
3498 3773 3655 
3659 3589 3655 
3699 3490 3655 
3305 3838 3654 
3386 3820 3654 
3497 3777 3654 
3519 3743 3654 
3656 3594 3654 
3701 3488 3654 
3093 3869 3653 
3754 3179 3653 
3277 3852 3652 
3298 3843 3652 
3620 3661 3652 
3702 3488 3652 
3703 3480 3651 
3716 3471 3651 
3283 3854 3650 
3351 3829 3649 
3520 3759 3649 
3500 3764 3649 
3631 3655 3649 
3695 3501 3649 
3501 3761 3648 
3607 3689 3648 
3731 3392 3648 
3242 3858 3647 
3317 3839 3647 
3396 3809 3647 
3673 3600 3647 
3430 3806 3646 
3510 3760 3646 
3551 3729 3646 
3730 3429 3646 
3324 3841 3645 
3622 3669 3645 
3709 3491 3645 
3720 3458 3645 
3684 3594 3644 
3701 3520 3644 
3717 3467 3644 
3744 3357 3643 
3465 3797 3642 
3569 3699 3642 
3692 3529 3642 
3717 3473 3642 
3548 3736 3641 
3647 3628 3641 
3706 3516 3641 
3173 3868 3640 
3300 3842 3640 
3534 3739 3640 
3571 3700 3640 
3733 3424 3640 
3298 3844 3639 
3365 3829 3639 
3474 3783 3639 
3594 3727 3639 
3633 3646 3638 
3734 3424 3638 
3758 3217 3638 
3295 3848 3637 
3409 3812 3637 
3551 3745 3637 
3376 3823 3636 
3394 3816 3636 
3697 3525 3636 
3218 3861 3635 
3623 3684 3635 
3647 3634 3635 
3275 3860 3634 
3350 3830 3634 
3690 3533 3634 
3133 3869 3633 
3386 3830 3633 
3481 3778 3633 
3649 3642 3633 
3693 3535 3633 
3719 3488 3633 
3741 3414 3633 
3296 3845 3631 
3325 3839 3631 
3416 3809 3631 
3629 3679 3631 
3665 3606 3631 
3334 3845 3630 
3736 3421 3630 
3749 3362 3629 
3205 3865 3628 
3480 3781 3628 
3671 3608 3628 
3676 3600 3628 
3760 3279 3628 
3348 3833 3627 
3427 3812 3627 
3359 3835 3626 
3500 3766 3626 
3695 3527 3626 
3640 3650 3625 
3725 3455 3625 
3226 3861 3624 
3401 3835 3624 
3535 3752 3624 
3637 3651 3624 
3422 3814 3623 
3679 3609 3623 
3412 3825 3622 
3762 3312 3622 
3279 3860 3621 
3694 3536 3621 
3217 3871 3620 
3548 3750 3620 
3697 3528 3620 
3232 3864 3619 
3345 3850 3619 
3707 3518 3619 
3732 3446 3619 
3749 3407 3619 
3169 3872 3618 
3711 3494 3617 
3727 3460 3617 
3194 3877 3616 
3656 3646 3616 
3689 3575 3615 
3729 3456 3615 
3764 3196 3615 
3255 3862 3614 
3467 3785 3614 
3525 3753 3614 
3554 3731 3614 
3702 3531 3614 
3499 3781 3612 
3518 3764 3611 
3557 3731 3611 
3632 3679 3611 
3764 3222 3611 
3220 3866 3610 
3474 3808 3610 
3691 3551 3610 
3281 3858 3609 
3356 3850 3609 
3710 3512 3609 
3764 3290 3609 
3426 3814 3608 
3607 3699 3608 
3691 3583 3608 
3698 3544 3608 
3367 3840 3607 
3485 3785 3607 
3769 3147 3607 
3668 3659 3606 
3707 3527 3606 
3080 3889 3605 
3221 3865 3605 
3418 3823 3605 
3503 3765 3605 
3300 3865 3604 
3316 3851 3604 
3405 3830 3604 
3575 3731 3604 
3710 3518 3602 
3712 3504 3602 
3156 3879 3601 
3238 3866 3601 
3765 3153 3601 
3555 3733 3600 
3609 3707 3600 
3639 3681 3600 
3711 3510 3600 
3722 3461 3600 
3735 3443 3600 
3771 3139 3600 
3215 3879 3599 
3709 3519 3599 
3720 3473 3599 
3228 3883 3598 
3716 3501 3598 
3754 3317 3598 
3768 3235 3598 
3302 3858 3597 
3693 3552 3597 
3699 3534 3597 
3420 3817 3596 
3756 3338 3596 
3429 3823 3595 
3624 3685 3595 
3770 3170 3595 
3321 3853 3594 
3541 3751 3594 
3759 3381 3594 
3787 3271 3594 
3611 3693 3593 
3435 3810 3592 
3505 3765 3592 
3308 3854 3591 
3373 3838 3590 
3734 3465 3590 
3742 3410 3590 
3718 3492 3589 
3759 3390 3589 
3440 3809 3588 
3670 3637 3588 
3700 3533 3588 
3712 3520 3587 
3714 3509 3587 
3737 3443 3587 
3148 3884 3586 
3334 3868 3586 
3613 3701 3586 
3696 3550 3586 
3754 3397 3586 
3767 3306 3586 
3569 3739 3585 
3707 3535 3585 
3357 3843 3584 
3482 3800 3584 
3631 3687 3584 
3738 3416 3584 
3191 3885 3583 
3761 3350 3583 
3457 3814 3582 
3699 3553 3582 
3715 3532 3582 
3761 3382 3582 
3247 3869 3581 
3431 3843 3581 
3527 3763 3581 
3501 3792 3580 
3733 3478 3580 
3739 3415 3580 
3751 3406 3580 
3249 3870 3579 
3506 3770 3579 
3720 3512 3579 
3765 3329 3579 
3771 3284 3579 
3622 3698 3578 
3721 3489 3578 
3537 3754 3577 
3748 3428 3577 
3097 3887 3576 
3435 3821 3576 
3704 3544 3576 
3766 3318 3576 
3696 3564 3575 
3773 3307 3575 
3172 3887 3574 
3254 3869 3574 
3602 3727 3574 
3703 3567 3574 
3704 3549 3573 
3724 3484 3573 
3746 3445 3573 
3753 3398 3573 
3766 3341 3573 
3518 3766 3572 
3674 3622 3572 
3707 3556 3572 
3722 3487 3572 
3764 3342 3572 
3767 3321 3572 
3528 3755 3571 
3713 3538 3571 
3750 3415 3571 
3767 3341 3571 
3152 3888 3570 
3230 3872 3570 
3375 3850 3570 
3376 3847 3570 
3720 3519 3570 
3437 3815 3569 
3735 3447 3569 
3778 3315 3569 
3781 3297 3568 
3532 3763 3567 
3552 3755 3566 
3566 3745 3566 
3726 3492 3566 
3543 3757 3564 
3635 3690 3564 
3728 3491 3564 
3311 3870 3563 
3675 3620 3563 
3756 3399 3563 
3614 3704 3562 
3355 3853 3561 
3688 3593 3561 
3738 3457 3561 
3503 3776 3560 
3727 3550 3560 
3346 3861 3559 
3736 3475 3559 
3753 3401 3559 
3789 3285 3559 
3574 3733 3558 
3695 3573 3558 
3247 3876 3557 
3690 3584 3557 
3729 3486 3556 
3755 3408 3556 
3246 3894 3555 
3271 3880 3555 
3282 3871 3555 
3504 3778 3555 
3605 3714 3555 
3690 3585 3554 
3510 3782 3553 
3574 3734 3553 
3656 3660 3553 
3373 3853 3551 
3465 3813 3551 
3701 3569 3551 
3745 3488 3551 
3776 3339 3551 
3777 3357 3550 
3443 3816 3549 
3517 3779 3549 
3730 3495 3549 
3386 3844 3548 
3520 3768 3547 
3566 3754 3547 
3738 3492 3546 
3757 3406 3546 
3766 3382 3546 
3680 3599 3545 
3133 3896 3544 
3525 3793 3544 
3526 3769 3544 
3646 3661 3544 
3166 3895 3543 
3761 3389 3543 
3792 3165 3543 
3774 3361 3542 
3563 3763 3541 
3577 3742 3540 
3706 3564 3540 
3380 3852 3539 
3731 3499 3539 
3692 3579 3538 
3446 3826 3537 
3693 3579 3537 
3769 3405 3537 
3196 3898 3536 
3534 3774 3535 
3680 3600 3535 
3730 3507 3535 
3288 3873 3534 
3449 3824 3534 
3764 3412 3534 
3417 3846 3533 
3607 3714 3533 
3709 3555 3533 
3746 3465 3533 
3751 3434 3533 
3783 3311 3533 
3545 3768 3532 
3736 3497 3532 
2959 3899 3531 
3313 3881 3531 
3793 3172 3531 
3172 3910 3530 
3753 3414 3530 
3480 3808 3529 
3681 3606 3529 
3361 3861 3528 
3746 3478 3528 
3737 3520 3527 
3774 3362 3527 
3330 3870 3526 
3491 3802 3526 
3794 3118 3526 
3555 3769 3525 
3586 3728 3525 
3695 3595 3525 
3717 3569 3525 
3770 3365 3525 
3698 3570 3524 
3741 3507 3524 
3759 3446 3524 
3771 3383 3524 
3774 3366 3524 
3799 3273 3524 
3641 3672 3523 
3354 3864 3522 
3703 3573 3522 
3252 3891 3521 
3704 3572 3521 
3770 3424 3521 
3271 3883 3520 
3653 3666 3520 
3578 3729 3519 
3693 3596 3519 
3783 3370 3519 
3676 3610 3518 
3768 3433 3518 
3803 3235 3518 
3470 3812 3517 
3676 3615 3517 
3684 3600 3516 
3729 3535 3516 
3754 3451 3515 
3779 3416 3514 
3275 3882 3513 
3532 3780 3513 
3174 3902 3512 
3678 3610 3512 
3784 3332 3512 
3419 3846 3511 
3454 3818 3511 
3461 3814 3511 
3584 3730 3511 
3690 3607 3511 
3707 3589 3511 
3591 3745 3510 
3436 3829 3509 
3608 3710 3509 
3737 3525 3509 
3327 3874 3508 
3459 3822 3508 
3784 3337 3508 
3215 3898 3507 
3379 3859 3507 
3445 3828 3507 
3753 3483 3507 
3786 3290 3507 
3460 3821 3506 
3683 3613 3506 
3441 3832 3505 
3785 3309 3505 
3790 3276 3504 
3356 3863 3503 
3646 3679 3502 
3340 3877 3501 
3731 3546 3501 
3803 3247 3501 
3182 3903 3500 
3542 3771 3500 
3786 3315 3500 
3792 3302 3500 
3557 3773 3498 
3756 3461 3498 
3347 3868 3497 
3747 3522 3497 
3482 3803 3496 
3568 3761 3496 
3671 3632 3496 
3787 3312 3496 
3804 3076 3496 
3283 3891 3495 
3616 3700 3495 
3764 3450 3495 
3400 3847 3494 
3583 3751 3494 
3647 3692 3494 
3784 3349 3494 
3383 3856 3493 
3540 3783 3493 
3687 3622 3493 
3191 3905 3492 
3192 3899 3492 
3762 3459 3492 
3308 3886 3491 
3492 3796 3491 
3375 3862 3490 
3403 3847 3490 
3723 3561 3490 
3801 3255 3490 
3773 3442 3488 
3804 3141 3487 
3358 3873 3486 
3451 3830 3485 
3694 3605 3485 
3238 3900 3484 
3055 3911 3483 
3675 3623 3483 
3801 3271 3483 
3211 3904 3482 
3675 3645 3482 
3691 3611 3482 
3806 3106 3482 
3387 3851 3481 
3499 3794 3481 
3670 3659 3480 
3806 3246 3480 
3289 3890 3478 
3470 3818 3478 
3551 3777 3477 
3733 3536 3477 
3794 3332 3477 
3813 3199 3477 
3054 3913 3476 
3604 3721 3476 
3406 3849 3475 
3784 3364 3475 
3367 3868 3474 
3676 3640 3474 
3808 3206 3474 
3803 3320 3473 
3808 3238 3473 
3151 3920 3472 
3726 3578 3472 
3497 3811 3471 
3735 3527 3471 
3181 3908 3470 
3193 3905 3470 
3788 3369 3470 
3701 3599 3469 
3377 3862 3468 
3252 3908 3467 
3397 3855 3467 
3632 3702 3467 
3617 3704 3466 
3633 3698 3466 
3400 3853 3465 
3458 3829 3465 
3608 3716 3465 
3330 3881 3464 
3764 3454 3464 
3795 3329 3463 
3344 3879 3462 
3806 3287 3462 
3781 3380 3461 
3277 3893 3460 
3400 3859 3460 
3502 3811 3460 
3480 3815 3459 
3812 3202 3459 
3749 3490 3458 
3794 3347 3458 
3511 3817 3457 
3718 3581 3457 
3448 3845 3454 
3533 3787 3454 
3426 3849 3453 
3462 3824 3453 
3369 3868 3452 
3455 3832 3452 
3817 3257 3452 
3203 3909 3451 
3819 3170 3451 
3326 3884 3449 
3678 3634 3449 
3409 3863 3448 
3370 3864 3448 
3599 3730 3448 
3734 3538 3448 
3779 3453 3448 
3800 3326 3448 
3613 3709 3447 
3758 3472 3447 
3626 3708 3446 
3791 3386 3445 
3756 3481 3444 
3150 3925 3442 
3431 3849 3442 
3346 3879 3440 
3713 3583 3439 
3785 3394 3439 
3800 3329 3439 
3190 3915 3438 
3793 3375 3438 
3641 3698 3437 
3758 3473 3437 
3796 3344 3433 
3810 3288 3433 
3413 3850 3432 
3512 3794 3432 
3771 3459 3432 
3785 3401 3432 
3156 3918 3430 
3211 3912 3430 
3304 3889 3430 
3617 3727 3430 
3530 3793 3429 
3711 3588 3428 
3787 3414 3428 
3804 3300 3428 
3809 3293 3428 
3795 3361 3427 
3463 3824 3426 
3765 3473 3426 
3359 3871 3425 
3797 3342 3425 
3644 3693 3424 
3816 3273 3424 
3821 3144 3424 
3476 3827 3423 
3088 3928 3422 
3283 3895 3422 
3450 3856 3422 
3773 3479 3422 
3259 3897 3419 
3704 3593 3419 
3585 3747 3418 
3820 3164 3418 
3681 3628 3417 
3477 3822 3416 
3749 3506 3416 
3698 3610 3415 
3804 3373 3415 
3817 3282 3415 
3821 3233 3415 
3822 3251 3414 
3255 3898 3413 
3688 3615 3413 
3344 3882 3412 
3703 3594 3412 
3682 3629 3411 
3310 3885 3410 
3807 3317 3410 
3822 3256 3410 
3650 3681 3409 
3701 3603 3409 
3460 3830 3407 
3492 3819 3406 
3765 3485 3406 
3832 3148 3406 
3499 3834 3405 
3810 3292 3405 
3695 3616 3404 
3824 3188 3404 
3827 3155 3403 
3183 3917 3402 
3378 3867 3402 
3703 3595 3402 
3781 3442 3402 
3303 3890 3401 
3514 3805 3400 
3547 3791 3400 
3594 3734 3400 
3814 3284 3400 
3521 3820 3399 
3568 3763 3399 
3808 3316 3398 
3703 3606 3397 
3788 3406 3397 
3339 3885 3396 
3820 3275 3396 
3192 3914 3395 
3387 3866 3394 
3465 3835 3394 
3460 3839 3394 
3831 3219 3394 
3119 3930 3393 
3365 3869 3392 
3456 3843 3392 
3570 3760 3392 
3697 3613 3392 
3741 3536 3392 
3811 3329 3391 
3317 3889 3390 
3743 3532 3390 
3814 3288 3390 
3204 3915 3389 
3760 3491 3388 
3836 3135 3388 
3657 3660 3386 
3153 3922 3383 
3377 3869 3383 
3789 3404 3383 
3813 3320 3382 
3806 3332 3381 
3200 3918 3380 
3160 3920 3378 
3239 3910 3378 
3220 3912 3377 
3775 3468 3376 
3180 3925 3375 
3462 3841 3375 
3748 3516 3375 
3824 3250 3375 
3260 3897 3374 
3789 3441 3374 
3797 3387 3374 
3578 3753 3372 
3821 3258 3371 
3266 3900 3369 
3798 3390 3369 
3805 3349 3368 
3813 3333 3368 
3818 3299 3368 
3830 3259 3368 
2981 3931 3365 
3713 3587 3365 
3834 3211 3365 
3791 3410 3363 
3809 3349 3363 
3236 3911 3362 
3187 3921 3360 
3767 3488 3358 
3837 3290 3358 
3284 3891 3357 
3843 3150 3356 
3342 3884 3353 
3657 3664 3353 
3796 3401 3353 
3816 3316 3353 
3838 3165 3353 
3383 3867 3350 
3807 3354 3349 
3818 3320 3349 
3829 3305 3347 
3215 3913 3346 
3795 3406 3346 
3222 3923 3345 
3017 3933 3344 
3353 3878 3344 
3799 3424 3344 
3130 3931 3342 
3288 3895 3342 
3759 3494 3342 
3807 3359 3342 
3815 3337 3342 
3286 3903 3341 
3178 3926 3338 
3260 3910 3338 
3841 3174 3338 
3263 3909 3337 
3750 3515 3336 
3596 3757 3334 
3230 3916 3330 
3841 3177 3330 
3791 3430 3328 
3102 3936 3325 
3056 3937 3324 
3290 3896 3323 
3236 3916 3322 
3564 3777 3322 
3288 3901 3321 
3361 3870 3318 
3075 3939 3316 
3842 3228 3316 
3760 3498 3315 
3729 3547 3314 
3820 3306 3314 
3739 3546 3313 
3157 3927 3312 
3354 3881 3311 
3651 3674 3311 
3808 3356 3305 
3810 3338 3305 
3851 3095 3303 
3054 3941 3300 
3081 3937 3299 
3752 3504 3299 
3296 3893 3295 
3181 3926 3293 
3324 3886 3292 
3843 3241 3291 
3846 3191 3289 
3388 3866 3288 
3154 3935 3285 
3836 3293 3284 
3844 3196 3283 
3850 3159 3283 
3844 3228 3282 
3227 3917 3281 
3296 3899 3278 
3816 3364 3277 
3161 3929 3273 
3411 3861 3273 
3078 3945 3272 
3851 3167 3269 
3206 3924 3266 
2995 3948 3256 
3116 3938 3256 
3311 3895 3254 
3024 3947 3252 
3856 3174 3245 
3849 3210 3242 
3104 3948 3236 
3110 3941 3230 
3164 3928 3229 
3319 3887 3228 
3810 3370 3226 
3860 3061 3217 
3840 3242 3205 
2926 3951 3178 
3828 3309 3158 
2982 3954 3149 
3864 2967 3145 
2998 3950 3126 
