1 2 1 100
1 3 1 99
2 3 1 29
2 4 1 78
2 5 1 97
3 4 1 32
3 5 1 52
4 5 1 16
4 6 1 49
4 7 1 47
5 6 1 54
5 7 1 96
6 7 1 39
6 8 1 67
6 9 1 90
7 8 1 72
7 9 1 45
8 9 1 37
8 10 1 68
8 11 1 47
9 10 1 41
9 11 1 47
10 11 1 19
10 12 1 54
10 13 1 93
11 12 1 81
11 13 1 79
12 13 1 31
12 14 1 47
12 15 1 63
13 14 1 98
13 15 1 74
14 15 1 22
14 16 1 30
14 17 1 41
14 18 1 47
15 16 1 56
15 17 1 93
15 18 1 73
16 17 1 44
16 18 1 19
16 19 1 35
16 20 1 49
17 18 1 25
17 19 1 32
17 20 1 76
18 19 1 88
18 20 1 70
19 20 1 12
19 21 1 39
19 22 1 54
20 21 1 41
20 22 1 33
21 22 1 22
21 23 1 39
21 24 1 56
22 23 1 79
22 24 1 53
23 24 1 17
23 25 1 75
24 25 1 74

1 2 2 46
1 3 2 96
2 3 2 48
2 4 2 77
2 5 2 58
3 4 2 45
3 5 2 44
4 5 2 14
4 6 2 42
4 7 2 57
5 6 2 84
5 7 2 90
6 7 2 17
6 8 2 69
6 9 2 53
7 8 2 52
7 9 2 54
8 9 2 29
8 10 2 80
8 11 2 91
9 10 2 65
9 11 2 42
10 11 2 36
10 12 2 97
10 13 2 52
11 12 2 81
11 13 2 83
12 13 2 39
12 14 2 78
12 15 2 71
13 14 2 79
13 15 2 83
14 15 2 48
14 16 2 64
14 17 2 46
14 18 2 66
15 16 2 40
15 17 2 61
15 18 2 84
16 17 2 43
16 18 2 46
16 19 2 40
16 20 2 30
17 18 2 34
17 19 2 56
17 20 2 60
18 19 2 79
18 20 2 89
19 20 2 30
19 21 2 62
19 22 2 63
20 21 2 99
20 22 2 63
21 22 2 34
21 23 2 73
21 24 2 80
22 23 2 72
22 24 2 67
23 24 2 12
23 25 2 49
24 25 2 58

1 2 3 72
1 3 3 44
2 3 3 14
2 4 3 53
2 5 3 49
3 4 3 87
3 5 3 96
4 5 3 32
4 6 3 86
4 7 3 86
5 6 3 62
5 7 3 92
6 7 3 19
6 8 3 92
6 9 3 57
7 8 3 64
7 9 3 33
8 9 3 19
8 10 3 80
8 11 3 59
9 10 3 95
9 11 3 82
10 11 3 34
10 12 3 48
10 13 3 56
11 12 3 39
11 13 3 69
12 13 3 17
12 14 3 61
12 15 3 91
13 14 3 82
13 15 3 87
14 15 3 23
14 16 3 99
14 17 3 55
14 18 3 77
15 16 3 71
15 17 3 96
15 18 3 48
16 17 3 12
16 18 3 39
16 19 3 67
16 20 3 38
17 18 3 17
17 19 3 91
17 20 3 30
18 19 3 69
18 20 3 64
19 20 3 50
19 21 3 33
19 22 3 32
20 21 3 92
20 22 3 77
21 22 3 34
21 23 3 43
21 24 3 46
22 23 3 59
22 24 3 80
23 24 3 26
23 25 3 92
24 25 3 54

1 2 4 34
1 3 4 78
2 3 4 20
2 4 4 65
2 5 4 51
3 4 4 44
3 5 4 80
4 5 4 23
4 6 4 91
4 7 4 77
5 6 4 69
5 7 4 57
6 7 4 11
6 8 4 65
6 9 4 43
7 8 4 36
7 9 4 72
8 9 4 47
8 10 4 85
8 11 4 39
9 10 4 47
9 11 4 90
10 11 4 19
10 12 4 31
10 13 4 84
11 12 4 63
11 13 4 40
12 13 4 38
12 14 4 86
12 15 4 66
13 14 4 99
13 15 4 50
14 15 4 37
14 16 4 48
14 17 4 76
14 18 4 100
15 16 4 50
15 17 4 62
15 18 4 89
16 17 4 24
16 18 4 48
16 19 4 43
16 20 4 30
17 18 4 42
17 19 4 55
17 20 4 34
18 19 4 56
18 20 4 64
19 20 4 44
19 21 4 80
19 22 4 99
20 21 4 77
20 22 4 71
21 22 4 10
21 23 4 65
21 24 4 55
22 23 4 49
22 24 4 95
23 24 4 49
23 25 4 66
24 25 4 84

