1 2 1 60
1 3 1 69
2 3 1 47
2 4 1 73
2 5 1 84
3 4 1 72
3 5 1 32
4 5 1 25
4 6 1 70
4 7 1 40
5 6 1 79
5 7 1 58
6 7 1 49
6 8 1 84
6 9 1 72
7 8 1 65
7 9 1 88
8 9 1 35
8 10 1 59
8 11 1 81
9 10 1 86
9 11 1 87
10 11 1 12
10 12 1 83
10 13 1 47
11 12 1 73
11 13 1 45
12 13 1 50
12 14 1 81
12 15 1 99
13 14 1 76
13 15 1 75
14 15 1 24
14 16 1 71
14 17 1 86
15 16 1 37
15 17 1 95
16 17 1 18
16 18 1 41
16 19 1 82
17 18 1 32
17 19 1 76
18 19 1 27
18 20 1 84
18 21 1 80
18 22 1 79
19 20 1 66
19 21 1 54
19 22 1 93
20 21 1 24
20 22 1 34
20 23 1 41
20 24 1 38
21 22 1 49
21 23 1 55
21 24 1 44
22 23 1 38
22 24 1 93
23 24 1 32
23 25 1 78
24 25 1 65

1 2 2 67
1 3 2 46
2 3 2 21
2 4 2 90
2 5 2 61
3 4 2 99
3 5 2 98
4 5 2 24
4 6 2 69
4 7 2 96
5 6 2 75
5 7 2 33
6 7 2 47
6 8 2 70
6 9 2 59
7 8 2 89
7 9 2 56
8 9 2 45
8 10 2 50
8 11 2 45
9 10 2 96
9 11 2 61
10 11 2 25
10 12 2 63
10 13 2 71
11 12 2 66
11 13 2 61
12 13 2 37
12 14 2 54
12 15 2 47
13 14 2 56
13 15 2 99
14 15 2 13
14 16 2 34
14 17 2 59
15 16 2 74
15 17 2 58
16 17 2 26
16 18 2 55
16 19 2 99
17 18 2 89
17 19 2 32
18 19 2 45
18 20 2 37
18 21 2 50
18 22 2 40
19 20 2 53
19 21 2 81
19 22 2 45
20 21 2 19
20 22 2 46
20 23 2 96
20 24 2 86
21 22 2 25
21 23 2 99
21 24 2 45
22 23 2 30
22 24 2 93
23 24 2 12
23 25 2 75
24 25 2 45

1 2 3 48
1 3 3 38
2 3 3 22
2 4 3 54
2 5 3 35
3 4 3 89
3 5 3 83
4 5 3 40
4 6 3 82
4 7 3 59
5 6 3 86
5 7 3 83
6 7 3 40
6 8 3 97
6 9 3 95
7 8 3 58
7 9 3 79
8 9 3 41
8 10 3 97
8 11 3 91
9 10 3 36
9 11 3 83
10 11 3 26
10 12 3 48
10 13 3 32
11 12 3 54
11 13 3 36
12 13 3 34
12 14 3 30
12 15 3 54
13 14 3 38
13 15 3 75
14 15 3 39
14 16 3 32
14 17 3 77
15 16 3 63
15 17 3 65
16 17 3 32
16 18 3 49
16 19 3 42
17 18 3 81
17 19 3 64
18 19 3 28
18 20 3 60
18 21 3 79
18 22 3 85
19 20 3 68
19 21 3 76
19 22 3 70
20 21 3 25
20 22 3 44
20 23 3 78
20 24 3 86
21 22 3 38
21 23 3 60
21 24 3 71
22 23 3 74
22 24 3 52
23 24 3 13
23 25 3 96
24 25 3 56

1 2 4 41
1 3 4 61
2 3 4 20
2 4 4 89
2 5 4 41
3 4 4 30
3 5 4 80
4 5 4 11
4 6 4 61
4 7 4 41
5 6 4 49
5 7 4 91
6 7 4 26
6 8 4 97
6 9 4 72
7 8 4 76
7 9 4 54
8 9 4 50
8 10 4 33
8 11 4 35
9 10 4 65
9 11 4 91
10 11 4 38
10 12 4 73
10 13 4 45
11 12 4 74
11 13 4 72
12 13 4 11
12 14 4 94
12 15 4 60
13 14 4 79
13 15 4 96
14 15 4 29
14 16 4 93
14 17 4 82
15 16 4 77
15 17 4 45
16 17 4 17
16 18 4 71
16 19 4 66
17 18 4 39
17 19 4 71
18 19 4 16
18 20 4 75
18 21 4 71
18 22 4 68
19 20 4 44
19 21 4 96
19 22 4 39
20 21 4 26
20 22 4 37
20 23 4 30
20 24 4 98
21 22 4 39
21 23 4 90
21 24 4 64
22 23 4 88
22 24 4 73
23 24 4 21
23 25 4 30
24 25 4 80

