1 2 1 44
1 3 1 97
2 3 1 40
2 4 1 72
2 5 1 91
3 4 1 34
3 5 1 89
4 5 1 24
4 6 1 64
4 7 1 49
5 6 1 56
5 7 1 31
6 7 1 33
6 8 1 41
6 9 1 40
7 8 1 48
7 9 1 73
8 9 1 10
8 10 1 79
8 11 1 41
9 10 1 51
9 11 1 43
10 11 1 50
10 12 1 62
10 13 1 93
11 12 1 55
11 13 1 40
12 13 1 12
12 14 1 100
12 15 1 89
13 14 1 56
13 15 1 81
14 15 1 25
14 16 1 37
14 17 1 57
15 16 1 74
15 17 1 78
16 17 1 19
16 18 1 35
16 19 1 44
16 20 1 93
17 18 1 43
17 19 1 83
17 20 1 89
18 19 1 32
18 20 1 49
18 21 1 85
18 22 1 48
19 20 1 50
19 21 1 56
19 22 1 41
20 21 1 68
20 22 1 82
21 22 1 44
21 23 1 38
21 24 1 48
22 23 1 71
22 24 1 59
23 24 1 25
23 25 1 41
24 25 1 37

1 2 2 47
1 3 2 58
2 3 2 47
2 4 2 57
2 5 2 87
3 4 2 35
3 5 2 87
4 5 2 17
4 6 2 80
4 7 2 64
5 6 2 61
5 7 2 80
6 7 2 19
6 8 2 91
6 9 2 67
7 8 2 37
7 9 2 84
8 9 2 10
8 10 2 89
8 11 2 57
9 10 2 35
9 11 2 47
10 11 2 10
10 12 2 62
10 13 2 92
11 12 2 98
11 13 2 30
12 13 2 27
12 14 2 65
12 15 2 44
13 14 2 31
13 15 2 81
14 15 2 31
14 16 2 58
14 17 2 45
15 16 2 49
15 17 2 30
16 17 2 44
16 18 2 95
16 19 2 70
16 20 2 87
17 18 2 78
17 19 2 98
17 20 2 72
18 19 2 24
18 20 2 20
18 21 2 60
18 22 2 55
19 20 2 12
19 21 2 78
19 22 2 38
20 21 2 43
20 22 2 65
21 22 2 14
21 23 2 83
21 24 2 59
22 23 2 78
22 24 2 90
23 24 2 38
23 25 2 30
24 25 2 56

1 2 3 64
1 3 3 99
2 3 3 23
2 4 3 61
2 5 3 54
3 4 3 57
3 5 3 51
4 5 3 23
4 6 3 88
4 7 3 49
5 6 3 61
5 7 3 78
6 7 3 17
6 8 3 47
6 9 3 75
7 8 3 66
7 9 3 79
8 9 3 15
8 10 3 64
8 11 3 60
9 10 3 81
9 11 3 47
10 11 3 25
10 12 3 71
10 13 3 92
11 12 3 30
11 13 3 34
12 13 3 16
12 14 3 43
12 15 3 80
13 14 3 51
13 15 3 79
14 15 3 45
14 16 3 93
14 17 3 48
15 16 3 79
15 17 3 84
16 17 3 40
16 18 3 31
16 19 3 42
16 20 3 77
17 18 3 51
17 19 3 69
17 20 3 41
18 19 3 18
18 20 3 10
18 21 3 33
18 22 3 76
19 20 3 43
19 21 3 75
19 22 3 81
20 21 3 100
20 22 3 44
21 22 3 42
21 23 3 80
21 24 3 85
22 23 3 42
22 24 3 60
23 24 3 23
23 25 3 66
24 25 3 77

1 2 4 38
1 3 4 66
2 3 4 47
2 4 4 62
2 5 4 38
3 4 4 63
3 5 4 41
4 5 4 37
4 6 4 92
4 7 4 72
5 6 4 52
5 7 4 80
6 7 4 48
6 8 4 36
6 9 4 46
7 8 4 60
7 9 4 58
8 9 4 40
8 10 4 33
8 11 4 74
9 10 4 98
9 11 4 98
10 11 4 33
10 12 4 54
10 13 4 50
11 12 4 56
11 13 4 41
12 13 4 10
12 14 4 84
12 15 4 84
13 14 4 51
13 15 4 91
14 15 4 20
14 16 4 35
14 17 4 92
15 16 4 32
15 17 4 43
16 17 4 32
16 18 4 39
16 19 4 32
16 20 4 81
17 18 4 65
17 19 4 58
17 20 4 36
18 19 4 28
18 20 4 21
18 21 4 80
18 22 4 99
19 20 4 26
19 21 4 94
19 22 4 79
20 21 4 69
20 22 4 37
21 22 4 39
21 23 4 64
21 24 4 51
22 23 4 81
22 24 4 66
23 24 4 17
23 25 4 57
24 25 4 49

