1 2 1 73
1 3 1 60
2 3 1 22
2 4 1 57
2 5 1 65
3 4 1 80
3 5 1 43
4 5 1 12
4 6 1 89
4 7 1 75
5 6 1 56
5 7 1 54
6 7 1 49
6 8 1 84
6 9 1 61
7 8 1 94
7 9 1 63
8 9 1 46
8 10 1 63
8 11 1 90
9 10 1 87
9 11 1 81
10 11 1 33
10 12 1 79
10 13 1 49
11 12 1 40
11 13 1 83
12 13 1 27
12 14 1 43
12 15 1 60
13 14 1 31
13 15 1 71
14 15 1 30
14 16 1 32
14 17 1 49
15 16 1 41
15 17 1 33
16 17 1 15
16 18 1 79
16 19 1 51
17 18 1 54
17 19 1 44
18 19 1 49
18 20 1 65
18 21 1 59
19 20 1 59
19 21 1 31
20 21 1 23
20 22 1 76
20 23 1 100
20 24 1 90
21 22 1 93
21 23 1 91
21 24 1 65
22 23 1 34
22 24 1 15
22 25 1 90
23 24 1 16
23 25 1 76
24 25 1 91

1 2 2 63
1 3 2 63
2 3 2 26
2 4 2 44
2 5 2 40
3 4 2 97
3 5 2 76
4 5 2 28
4 6 2 32
4 7 2 70
5 6 2 48
5 7 2 76
6 7 2 21
6 8 2 36
6 9 2 56
7 8 2 74
7 9 2 31
8 9 2 10
8 10 2 72
8 11 2 90
9 10 2 54
9 11 2 51
10 11 2 23
10 12 2 70
10 13 2 46
11 12 2 69
11 13 2 33
12 13 2 27
12 14 2 76
12 15 2 89
13 14 2 96
13 15 2 88
14 15 2 39
14 16 2 76
14 17 2 71
15 16 2 50
15 17 2 75
16 17 2 28
16 18 2 91
16 19 2 88
17 18 2 83
17 19 2 79
18 19 2 29
18 20 2 34
18 21 2 54
19 20 2 100
19 21 2 93
20 21 2 28
20 22 2 80
20 23 2 80
20 24 2 70
21 22 2 41
21 23 2 92
21 24 2 48
22 23 2 15
22 24 2 39
22 25 2 30
23 24 2 27
23 25 2 54
24 25 2 40

1 2 3 62
1 3 3 85
2 3 3 15
2 4 3 95
2 5 3 85
3 4 3 82
3 5 3 40
4 5 3 36
4 6 3 48
4 7 3 83
5 6 3 92
5 7 3 41
6 7 3 24
6 8 3 85
6 9 3 61
7 8 3 62
7 9 3 50
8 9 3 39
8 10 3 82
8 11 3 69
9 10 3 43
9 11 3 88
10 11 3 37
10 12 3 52
10 13 3 42
11 12 3 40
11 13 3 75
12 13 3 27
12 14 3 51
12 15 3 85
13 14 3 83
13 15 3 73
14 15 3 11
14 16 3 32
14 17 3 58
15 16 3 37
15 17 3 78
16 17 3 36
16 18 3 77
16 19 3 43
17 18 3 37
17 19 3 96
18 19 3 35
18 20 3 75
18 21 3 46
19 20 3 71
19 21 3 30
20 21 3 49
20 22 3 99
20 23 3 53
20 24 3 30
21 22 3 56
21 23 3 40
21 24 3 97
22 23 3 12
22 24 3 19
22 25 3 40
23 24 3 45
23 25 3 63
24 25 3 32

1 2 4 39
1 3 4 40
2 3 4 41
2 4 4 53
2 5 4 48
3 4 4 55
3 5 4 79
4 5 4 22
4 6 4 96
4 7 4 64
5 6 4 34
5 7 4 52
6 7 4 22
6 8 4 90
6 9 4 93
7 8 4 97
7 9 4 32
8 9 4 10
8 10 4 66
8 11 4 35
9 10 4 30
9 11 4 90
10 11 4 37
10 12 4 61
10 13 4 67
11 12 4 87
11 13 4 61
12 13 4 44
12 14 4 40
12 15 4 40
13 14 4 92
13 15 4 87
14 15 4 44
14 16 4 73
14 17 4 46
15 16 4 30
15 17 4 45
16 17 4 24
16 18 4 31
16 19 4 63
17 18 4 72
17 19 4 50
18 19 4 30
18 20 4 55
18 21 4 73
19 20 4 89
19 21 4 47
20 21 4 41
20 22 4 42
20 23 4 95
20 24 4 37
21 22 4 39
21 23 4 75
21 24 4 48
22 23 4 12
22 24 4 35
22 25 4 59
23 24 4 12
23 25 4 46
24 25 4 76

