1 2 1 48
1 3 1 71
2 3 1 34
2 4 1 75
2 5 1 47
3 4 1 90
3 5 1 98
4 5 1 48
4 6 1 77
4 7 1 47
5 6 1 40
5 7 1 91
6 7 1 21
6 8 1 40
6 9 1 49
7 8 1 91
7 9 1 48
8 9 1 29
8 10 1 88
8 11 1 97
9 10 1 51
9 11 1 39
10 11 1 13
10 12 1 39
10 13 1 85
11 12 1 52
11 13 1 96
12 13 1 14
12 14 1 76
12 15 1 58
13 14 1 61
13 15 1 34
14 15 1 11
14 16 1 74
14 17 1 53
15 16 1 71
15 17 1 67
16 17 1 44
16 18 1 33
16 19 1 59
17 18 1 76
17 19 1 77
18 19 1 13
18 20 1 58
18 21 1 47
19 20 1 48
19 21 1 92
20 21 1 47
20 22 1 78
20 23 1 73
20 24 1 64
21 22 1 74
21 23 1 66
21 24 1 89
22 23 1 28
22 24 1 33
22 25 1 61
23 24 1 45
23 25 1 84
24 25 1 56

1 2 2 92
1 3 2 100
2 3 2 20
2 4 2 61
2 5 2 44
3 4 2 56
3 5 2 99
4 5 2 19
4 6 2 64
4 7 2 63
5 6 2 88
5 7 2 74
6 7 2 29
6 8 2 40
6 9 2 85
7 8 2 50
7 9 2 39
8 9 2 10
8 10 2 40
8 11 2 93
9 10 2 70
9 11 2 98
10 11 2 37
10 12 2 72
10 13 2 58
11 12 2 82
11 13 2 45
12 13 2 36
12 14 2 58
12 15 2 91
13 14 2 74
13 15 2 96
14 15 2 28
14 16 2 70
14 17 2 44
15 16 2 92
15 17 2 46
16 17 2 38
16 18 2 50
16 19 2 32
17 18 2 87
17 19 2 59
18 19 2 48
18 20 2 41
18 21 2 46
19 20 2 67
19 21 2 71
20 21 2 38
20 22 2 69
20 23 2 43
20 24 2 70
21 22 2 52
21 23 2 44
21 24 2 93
22 23 2 45
22 24 2 49
22 25 2 72
23 24 2 20
23 25 2 81
24 25 2 48

1 2 3 33
1 3 3 77
2 3 3 27
2 4 3 59
2 5 3 41
3 4 3 30
3 5 3 89
4 5 3 13
4 6 3 57
4 7 3 36
5 6 3 66
5 7 3 55
6 7 3 12
6 8 3 89
6 9 3 67
7 8 3 57
7 9 3 92
8 9 3 47
8 10 3 76
8 11 3 72
9 10 3 89
9 11 3 85
10 11 3 21
10 12 3 74
10 13 3 84
11 12 3 52
11 13 3 54
12 13 3 13
12 14 3 97
12 15 3 43
13 14 3 80
13 15 3 34
14 15 3 31
14 16 3 92
14 17 3 45
15 16 3 38
15 17 3 60
16 17 3 24
16 18 3 55
16 19 3 46
17 18 3 54
17 19 3 39
18 19 3 37
18 20 3 79
18 21 3 59
19 20 3 82
19 21 3 68
20 21 3 39
20 22 3 55
20 23 3 70
20 24 3 48
21 22 3 46
21 23 3 82
21 24 3 97
22 23 3 26
22 24 3 31
22 25 3 80
23 24 3 32
23 25 3 89
24 25 3 36

1 2 4 74
1 3 4 59
2 3 4 28
2 4 4 54
2 5 4 61
3 4 4 86
3 5 4 60
4 5 4 27
4 6 4 71
4 7 4 38
5 6 4 86
5 7 4 53
6 7 4 42
6 8 4 72
6 9 4 94
7 8 4 55
7 9 4 32
8 9 4 37
8 10 4 90
8 11 4 49
9 10 4 89
9 11 4 83
10 11 4 17
10 12 4 100
10 13 4 39
11 12 4 50
11 13 4 96
12 13 4 39
12 14 4 96
12 15 4 54
13 14 4 50
13 15 4 55
14 15 4 19
14 16 4 73
14 17 4 65
15 16 4 59
15 17 4 52
16 17 4 47
16 18 4 40
16 19 4 50
17 18 4 50
17 19 4 87
18 19 4 14
18 20 4 48
18 21 4 44
19 20 4 59
19 21 4 81
20 21 4 24
20 22 4 83
20 23 4 74
20 24 4 33
21 22 4 38
21 23 4 94
21 24 4 50
22 23 4 34
22 24 4 22
22 25 4 87
23 24 4 17
23 25 4 81
24 25 4 54

