#Solver type:
rMOCO-S_tda
#Solver status:
AbortTimeLimit
#Number of nondominated points:
74
#Number of models solved:
623
#Elapsed time (seconds):
1048.85
#Ideal point:
-28 -23 -24 -20 -35 
#Incumbent nadir point:
-116.925 -110 -105.704 -116 -134 
#The set of nondominated points:
-77 -64 -66 -57 -82 
-111 -110 -84 -111 -35 
-101 -101 -106 -69 -37 
-100 -96 -102 -47 -54 
-114 -81 -89 -20 -85 
-85 -94 -87 -34 -71 
-125 -89 -84 -86 -36 
-107 -110 -93 -71 -39 
-111 -97 -87 -54 -53 
-76 -86 -62 -62 -57 
-99 -110 -73 -65 -45 
-104 -113 -74 -46 -67 
-87 -79 -72 -27 -83 
-93 -97 -55 -39 -140 
-93 -85 -57 -41 -115 
-61 -94 -49 -42 -90 
-65 -102 -60 -44 -78 
-102 -87 -50 -117 -62 
-99 -64 -52 -98 -67 
-97 -73 -48 -80 -76 
-66 -98 -49 -55 -72 
-73 -92 -35 -67 -121 
-77 -93 -33 -68 -101 
-78 -100 -37 -50 -132 
-66 -94 -38 -57 -117 
-76 -83 -35 -87 -87 
-111 -86 -76 -51 -61 
-84 -75 -72 -41 -71 
-93 -78 -52 -70 -71 
-111 -79 -92 -58 -44 
-95 -72 -61 -39 -95 
-74 -80 -50 -58 -87 
-75 -82 -39 -64 -92 
-99 -82 -24 -97 -134 
-102 -71 -77 -84 -49 
-85 -72 -78 -64 -56 
-120 -61 -66 -115 -56 
-83 -67 -38 -68 -129 
-87 -66 -35 -114 -89 
-98 -68 -35 -100 -93 
-95 -67 -36 -76 -106 
-78 -67 -49 -53 -102 
-114 -63 -94 -24 -76 
-121 -57 -84 -24 -88 
-98 -66 -56 -68 -79 
-110 -61 -110 -50 -63 
-109 -59 -88 -54 -62 
-111 -64 -81 -44 -72 
-100 -63 -68 -43 -83 
-108 -55 -67 -88 -66 
-90 -53 -45 -84 -113 
-83 -50 -46 -73 -113 
-108 -52 -50 -72 -96 
-103 -52 -55 -61 -105 
-105 -53 -75 -64 -71 
-111 -53 -49 -96 -83 
-108 -52 -67 -49 -94 
-104 -52 -72 -38 -95 
-111 -52 -64 -75 -78 
-116 -47 -108 -53 -79 
-125 -39 -94 -39 -120 
-110 -31 -71 -88 -86 
-108 -37 -79 -96 -71 
-96 -35 -78 -60 -94 
-127 -36 -83 -74 -79 
-100 -37 -77 -45 -98 
-113 -40 -90 -46 -87 
-88 -38 -66 -73 -99 
-126 -42 -64 -63 -133 
-82 -39 -53 -94 -134 
-108 -23 -69 -76 -120 
-107 -39 -80 -73 -78 
-95 -38 -55 -80 -130 
-103 -61 -115 -112 -49 
