#Solver type:
rMOCO-S_tda
#Solver status:
Success
#Number of nondominated points:
47
#Number of models solved:
350
#Elapsed time (seconds):
5.75
#Ideal point:
2070 2154 2038 2098 
#Incumbent nadir point:
1504 1603 1569 1615 
#The set of nondominated points:
1893 1954 1846 1904 
1748 1834 1730 2098 
1728 1896 1886 2051 
1504 1618 2038 1649 
1615 1676 2020 1778 
1626 1779 1994 1878 
1654 1777 1963 1949 
1759 1858 1953 1956 
1662 1916 1944 1897 
1614 2027 1683 2037 
1758 2025 1800 2013 
1681 1965 1888 1986 
1700 2030 1880 1896 
1676 2085 1760 1953 
1674 2154 1647 1845 
1755 2091 1689 1992 
1753 2103 1756 1898 
1770 1960 1871 1969 
1792 1883 1855 2069 
1825 2094 1572 1712 
1822 2093 1702 1876 
1848 1961 1771 2041 
1820 2020 1832 1905 
1830 2036 1737 1974 
1828 2028 1798 1977 
1864 1777 1966 1797 
1843 1790 1945 1897 
1824 1853 1936 1863 
1845 1865 1913 1963 
1828 1941 1857 2006 
1911 2044 1625 1782 
1905 2049 1758 1877 
1911 1662 1833 1964 
1909 1779 1915 1874 
1907 1815 1831 1962 
1922 1830 1729 2020 
1919 1881 1816 1968 
1905 1958 1745 1960 
1979 1963 1710 1843 
2010 1617 1837 1735 
2002 1647 1807 1818 
2006 1744 1797 1904 
1985 1817 1796 1831 
1979 1853 1806 1911 
1979 1913 1774 1839 
2051 1809 1573 1679 
2042 1801 1528 1742 
