2751
5175
348.056
3175 3058 4035 
3247 3132 4031 
3252 3072 4030 
3249 3135 4029 
3254 3075 4028 
3304 3190 4027 
3344 3171 4026 
3331 3235 4025 
3345 3242 4023 
3370 3208 4022 
3364 3289 4021 
3372 3211 4020 
3366 3292 4019 
3358 3307 4015 
3442 3318 4014 
3380 3331 4007 
3455 3262 4007 
3406 3328 4004 
3456 3313 4002 
3270 3343 4001 
3344 3347 3999 
3468 3327 3999 
3354 3348 3998 
3404 3340 3997 
3428 3352 3996 
3336 3362 3995 
3470 3327 3994 
3338 3365 3993 
3458 3334 3993 
3420 3367 3992 
3387 3373 3992 
3468 3337 3992 
3431 3342 3991 
3373 3374 3990 
3422 3370 3990 
3474 3367 3990 
3471 3378 3989 
3481 3327 3989 
3312 3399 3988 
3457 3379 3987 
3384 3380 3987 
3396 3404 3985 
3507 3318 3985 
3468 3385 3984 
3409 3397 3984 
3516 3355 3984 
3398 3407 3983 
3306 3417 3982 
3401 3412 3980 
3390 3422 3979 
3462 3388 3979 
3446 3396 3979 
3481 3357 3979 
3403 3415 3978 
3400 3417 3977 
3454 3409 3977 
3520 3383 3977 
3443 3419 3976 
3469 3403 3976 
3458 3418 3975 
3526 3303 3975 
3372 3424 3974 
3484 3422 3974 
3497 3387 3974 
3508 3403 3973 
3466 3435 3972 
3354 3438 3971 
3510 3406 3971 
3525 3341 3971 
3534 3280 3971 
3468 3438 3970 
3527 3354 3970 
3533 3327 3970 
3502 3427 3969 
3512 3406 3969 
3542 3364 3969 
3438 3443 3968 
3522 3404 3968 
3514 3409 3967 
3539 3368 3967 
3559 3302 3967 
3460 3453 3966 
3498 3430 3966 
3547 3391 3966 
3414 3456 3965 
3506 3430 3965 
3514 3435 3964 
3416 3459 3963 
3376 3462 3963 
3549 3381 3963 
3551 3394 3962 
3442 3455 3961 
3557 3408 3961 
3559 3421 3960 
3368 3477 3959 
3496 3442 3958 
3561 3323 3958 
3370 3480 3957 
3436 3460 3957 
3561 3411 3957 
3591 3369 3957 
3564 3376 3957 
3421 3474 3956 
3447 3458 3956 
3487 3448 3956 
3478 3451 3956 
3550 3442 3956 
3504 3445 3955 
3551 3426 3955 
3390 3476 3954 
3449 3461 3954 
3489 3448 3954 
3562 3456 3953 
3481 3457 3953 
3352 3482 3952 
3448 3477 3952 
3481 3469 3952 
3488 3461 3951 
3415 3492 3950 
3458 3476 3950 
3564 3446 3950 
3475 3481 3949 
3498 3463 3949 
3566 3459 3949 
3578 3380 3949 
3572 3383 3949 
3344 3497 3948 
3312 3500 3948 
3493 3477 3947 
3494 3473 3947 
3592 3335 3947 
3419 3495 3946 
3469 3486 3946 
3500 3469 3946 
3525 3460 3946 
3568 3415 3946 
3396 3505 3945 
3429 3490 3945 
3482 3479 3945 
3511 3467 3945 
3575 3417 3945 
3584 3389 3945 
3593 3363 3945 
3409 3498 3944 
3452 3494 3944 
3492 3490 3944 
3528 3472 3944 
3558 3464 3944 
3599 3447 3944 
3548 3467 3943 
3505 3491 3941 
3576 3451 3941 
3401 3513 3940 
3537 3476 3940 
3603 3450 3940 
3434 3496 3939 
3539 3479 3938 
3611 3392 3938 
3454 3510 3937 
3509 3494 3937 
3559 3485 3937 
3580 3454 3937 
3613 3405 3937 
3456 3496 3936 
3383 3515 3935 
3464 3500 3935 
3563 3462 3935 
3531 3494 3934 
3569 3471 3934 
3572 3465 3934 
3615 3395 3934 
3458 3513 3933 
3508 3504 3933 
3468 3510 3933 
3563 3488 3933 
3605 3419 3933 
3633 3394 3933 
3617 3398 3932 
3620 3422 3931 
3392 3523 3930 
3507 3506 3930 
3510 3495 3930 
3577 3455 3930 
3617 3433 3930 
3458 3518 3929 
3512 3507 3929 
3513 3496 3929 
3539 3491 3929 
3625 3456 3929 
3598 3463 3929 
3637 3397 3929 
3358 3527 3928 
3321 3528 3928 
3446 3523 3928 
3513 3500 3928 
3555 3493 3928 
3600 3458 3928 
3541 3494 3927 
3558 3490 3927 
3581 3472 3927 
3456 3525 3926 
3396 3526 3926 
3511 3515 3926 
3515 3503 3926 
3531 3500 3926 
3610 3477 3926 
3465 3518 3925 
3526 3501 3925 
3544 3494 3925 
3629 3459 3925 
3662 3410 3925 
3438 3538 3924 
3525 3504 3924 
3583 3478 3924 
3573 3483 3924 
3263 3544 3923 
3513 3505 3923 
3565 3488 3923 
3612 3467 3923 
3440 3541 3922 
3460 3528 3922 
3480 3519 3922 
3515 3518 3922 
3519 3506 3922 
3535 3503 3922 
3550 3495 3922 
3560 3489 3922 
3614 3480 3922 
3585 3481 3922 
3410 3556 3921 
3489 3533 3921 
3557 3509 3921 
3442 3541 3920 
3535 3512 3920 
3600 3484 3920 
3577 3486 3920 
3627 3477 3920 
3459 3536 3919 
3513 3525 3919 
3560 3491 3919 
3637 3449 3919 
3444 3544 3918 
3577 3496 3918 
3561 3512 3917 
3580 3502 3917 
3602 3490 3917 
3606 3485 3917 
3539 3515 3916 
3589 3506 3916 
3604 3487 3916 
3631 3480 3916 
3463 3539 3915 
3479 3534 3915 
3564 3518 3915 
3630 3493 3915 
3505 3530 3914 
3639 3456 3914 
3414 3558 3913 
3467 3546 3913 
3482 3540 3913 
3601 3520 3913 
3646 3458 3913 
3654 3418 3913 
3368 3561 3912 
3239 3564 3912 
3477 3541 3912 
3510 3529 3912 
3521 3524 3912 
3640 3484 3912 
3394 3564 3911 
3489 3556 3911 
3537 3533 3911 
3503 3534 3911 
3659 3413 3911 
3497 3540 3910 
3491 3542 3910 
3566 3523 3910 
3559 3524 3910 
3607 3506 3910 
3661 3426 3910 
3666 3360 3910 
3323 3569 3909 
3418 3561 3909 
3554 3525 3909 
3510 3536 3908 
3649 3489 3908 
3662 3454 3908 
3526 3537 3907 
3519 3540 3907 
3617 3497 3907 
3663 3416 3907 
3446 3559 3906 
3515 3542 3906 
3556 3525 3906 
3611 3509 3906 
3670 3363 3906 
3431 3566 3905 
3521 3543 3905 
3561 3531 3905 
3538 3532 3905 
3603 3511 3905 
3629 3507 3905 
3665 3419 3905 
3453 3572 3904 
3491 3558 3904 
3503 3556 3904 
3570 3535 3904 
3609 3526 3904 
3638 3511 3904 
3653 3492 3904 
3666 3457 3904 
3673 3414 3904 
3568 3539 3903 
3535 3541 3903 
3523 3543 3903 
3484 3563 3902 
3594 3527 3902 
3572 3531 3902 
3662 3474 3902 
3669 3433 3902 
3431 3573 3901 
3381 3574 3901 
3367 3582 3901 
3537 3544 3901 
3525 3546 3901 
3516 3548 3901 
3504 3552 3901 
3457 3575 3900 
3440 3577 3900 
3389 3578 3900 
3507 3559 3900 
3576 3540 3900 
3583 3537 3900 
3645 3523 3900 
3654 3479 3900 
3549 3550 3899 
3518 3553 3899 
3572 3542 3899 
3391 3581 3898 
3484 3570 3898 
3510 3560 3898 
3513 3554 3898 
3672 3467 3898 
3677 3448 3898 
3493 3574 3897 
3529 3559 3897 
3558 3546 3897 
3586 3532 3897 
3349 3584 3896 
3456 3578 3896 
3549 3552 3896 
3583 3538 3896 
3626 3534 3896 
3658 3482 3896 
3691 3433 3896 
3422 3579 3895 
3510 3566 3895 
3561 3554 3895 
3568 3545 3895 
3575 3542 3895 
3657 3488 3895 
3660 3479 3895 
3383 3596 3894 
3406 3580 3894 
3458 3577 3894 
3570 3558 3894 
3584 3536 3894 
3694 3484 3894 
3390 3588 3893 
3497 3577 3893 
3530 3562 3893 
3609 3539 3893 
3675 3498 3893 
3647 3507 3893 
3457 3581 3892 
3575 3553 3892 
3654 3519 3892 
3448 3583 3891 
3509 3569 3891 
3542 3559 3891 
3596 3550 3891 
3621 3536 3890 
3656 3522 3890 
3481 3597 3889 
3365 3598 3889 
3534 3565 3889 
3552 3560 3889 
3613 3542 3889 
3598 3546 3889 
3637 3527 3889 
3679 3501 3889 
3501 3580 3888 
3489 3582 3888 
3525 3570 3888 
3552 3564 3888 
3629 3529 3888 
3534 3574 3887 
3640 3537 3887 
3658 3525 3887 
3685 3493 3887 
3490 3584 3886 
3569 3561 3886 
3649 3541 3886 
3675 3530 3886 
3565 3565 3885 
3578 3564 3885 
3602 3549 3885 
3612 3545 3885 
3688 3505 3885 
3364 3605 3884 
3492 3587 3884 
3505 3583 3884 
3515 3578 3884 
3555 3574 3884 
3568 3565 3884 
3585 3554 3884 
3597 3550 3884 
3612 3547 3884 
3695 3450 3884 
3538 3577 3883 
3621 3548 3883 
3651 3531 3883 
3689 3496 3883 
3366 3608 3882 
3439 3603 3882 
3511 3590 3882 
3536 3581 3882 
3562 3566 3882 
3582 3558 3882 
3630 3552 3882 
3599 3553 3882 
3653 3544 3882 
3514 3584 3881 
3565 3572 3881 
3569 3568 3881 
3591 3562 3881 
3662 3537 3881 
3692 3508 3881 
3704 3477 3881 
3398 3611 3880 
3441 3606 3880 
3493 3603 3880 
3513 3588 3880 
3559 3577 3880 
3592 3565 3880 
3639 3548 3880 
3706 3424 3880 
3530 3593 3879 
3537 3580 3879 
3601 3568 3879 
3664 3540 3879 
3679 3512 3879 
3697 3503 3879 
3713 3371 3879 
3399 3609 3878 
3562 3583 3878 
3568 3581 3878 
3579 3571 3878 
3637 3564 3878 
3708 3427 3878 
3308 3624 3877 
3503 3595 3877 
3579 3575 3877 
3645 3549 3877 
3657 3547 3877 
3680 3528 3877 
3699 3506 3877 
3703 3480 3877 
3709 3465 3877 
3332 3612 3876 
3533 3587 3876 
3647 3551 3876 
3690 3526 3876 
3712 3414 3876 
3403 3619 3875 
3485 3608 3875 
3404 3609 3875 
3518 3598 3875 
3584 3570 3875 
3656 3555 3875 
3680 3537 3875 
3682 3531 3875 
3710 3495 3875 
3714 3472 3875 
3392 3629 3874 
3487 3621 3874 
3507 3606 3874 
3517 3600 3874 
3586 3583 3874 
3590 3571 3874 
3672 3539 3874 
3716 3402 3874 
3405 3622 3873 
3502 3607 3873 
3553 3595 3873 
3560 3586 3873 
3595 3576 3873 
3605 3571 3873 
3674 3552 3873 
3682 3540 3873 
3691 3521 3873 
3702 3500 3873 
3519 3603 3872 
3562 3599 3872 
3679 3548 3872 
3694 3529 3872 
3744 3455 3872 
3254 3632 3871 
3415 3623 3871 
3714 3498 3871 
3396 3632 3870 
3567 3584 3870 
3604 3573 3870 
3638 3557 3870 
3699 3524 3870 
3409 3625 3869 
3469 3623 3869 
3502 3614 3869 
3509 3605 3869 
3568 3585 3869 
3609 3574 3869 
3649 3570 3869 
3674 3555 3869 
3685 3534 3869 
3706 3503 3869 
3511 3618 3868 
3535 3600 3868 
3564 3586 3868 
3576 3584 3868 
3617 3577 3868 
3587 3581 3868 
3627 3572 3868 
3666 3557 3868 
3651 3565 3868 
3656 3558 3868 
3683 3551 3868 
3701 3527 3868 
3544 3601 3867 
3589 3594 3867 
3636 3576 3867 
3673 3559 3867 
3656 3561 3867 
3721 3468 3867 
3236 3634 3866 
3450 3624 3866 
3566 3604 3866 
3608 3579 3866 
3697 3548 3866 
3719 3475 3866 
3482 3628 3865 
3520 3605 3865 
3513 3608 3865 
3617 3583 3865 
3592 3592 3865 
3729 3533 3865 
3379 3639 3864 
3406 3630 3864 
3542 3620 3864 
3621 3597 3864 
3641 3575 3864 
3664 3563 3864 
3670 3560 3864 
3690 3549 3864 
3419 3640 3863 
3574 3605 3863 
3643 3588 3863 
3673 3567 3863 
3731 3536 3863 
3479 3629 3862 
3454 3637 3862 
3570 3607 3862 
3559 3612 3862 
3682 3570 3862 
3689 3552 3862 
3418 3644 3861 
3348 3645 3861 
3420 3638 3861 
3482 3635 3861 
3486 3631 3861 
3576 3608 3861 
3579 3601 3861 
3654 3576 3861 
3692 3556 3861 
3491 3639 3860 
3528 3622 3860 
3655 3571 3860 
3701 3560 3860 
3706 3546 3860 
3741 3475 3860 
3423 3643 3859 
3581 3599 3859 
3723 3551 3859 
3508 3631 3858 
3559 3619 3858 
3583 3612 3858 
3620 3599 3858 
3625 3590 3858 
3658 3581 3858 
3665 3572 3858 
3354 3651 3857 
3456 3642 3857 
3496 3638 3857 
3568 3623 3857 
3588 3608 3857 
3667 3585 3857 
3695 3562 3857 
3740 3505 3857 
3378 3645 3856 
3495 3642 3856 
3522 3626 3856 
3591 3601 3856 
3625 3595 3856 
3700 3570 3856 
3705 3563 3856 
3497 3637 3855 
3520 3627 3855 
3630 3591 3855 
3678 3573 3855 
3509 3639 3854 
3519 3628 3854 
3570 3613 3854 
3627 3593 3854 
3669 3575 3854 
3710 3558 3854 
3740 3516 3854 
3435 3652 3853 
3358 3654 3853 
3514 3629 3853 
3537 3627 3853 
3541 3624 3853 
3605 3613 3853 
3619 3601 3853 
3648 3586 3853 
3744 3508 3853 
3387 3659 3852 
3478 3643 3852 
3438 3644 3852 
3532 3628 3852 
3550 3625 3852 
3614 3617 3852 
3635 3592 3852 
3649 3589 3852 
3671 3578 3852 
3672 3575 3852 
3712 3561 3852 
3487 3647 3851 
3524 3630 3851 
3543 3627 3851 
3586 3623 3851 
3616 3602 3851 
3643 3595 3851 
3682 3576 3851 
3722 3572 3851 
3513 3642 3850 
3633 3607 3850 
3638 3602 3850 
3674 3578 3850 
3744 3519 3850 
3748 3497 3850 
3434 3655 3849 
3554 3626 3849 
3647 3606 3849 
3648 3591 3849 
3444 3650 3848 
3540 3644 3848 
3563 3630 3848 
3661 3592 3848 
3672 3582 3848 
3704 3576 3848 
3762 3493 3848 
3369 3661 3847 
3596 3619 3847 
3670 3596 3847 
3681 3586 3847 
3724 3557 3847 
3472 3658 3846 
3489 3645 3846 
3557 3636 3846 
3628 3609 3846 
3687 3601 3846 
3707 3586 3846 
3733 3533 3846 
3534 3646 3845 
3505 3647 3845 
3560 3631 3845 
3609 3627 3845 
3614 3620 3845 
3637 3613 3845 
3651 3609 3845 
3716 3590 3845 
3744 3567 3845 
3727 3569 3845 
3420 3667 3844 
3426 3660 3844 
3512 3649 3844 
3563 3637 3844 
3550 3639 3844 
3604 3628 3844 
3587 3630 3844 
3567 3633 3844 
3632 3614 3844 
3752 3509 3844 
3477 3658 3843 
3589 3639 3843 
3619 3615 3843 
3721 3574 3843 
3763 3413 3843 
3536 3646 3842 
3655 3610 3842 
3692 3597 3842 
3749 3511 3842 
3517 3648 3841 
3621 3618 3841 
3664 3614 3841 
3723 3577 3841 
3731 3572 3841 
3746 3540 3841 
3307 3674 3840 
3443 3666 3840 
3470 3659 3840 
3526 3651 3840 
3516 3652 3840 
3499 3658 3840 
3539 3646 3840 
3577 3640 3840 
3554 3642 3840 
3631 3629 3840 
3604 3635 3840 
3632 3621 3840 
3698 3592 3840 
3697 3593 3840 
3721 3580 3840 
3450 3668 3839 
3439 3670 3839 
3325 3673 3839 
3493 3664 3839 
3558 3643 3839 
3572 3641 3839 
3613 3639 3839 
3640 3632 3839 
3669 3602 3839 
3706 3597 3839 
3398 3671 3838 
3445 3669 3838 
3482 3667 3838 
3531 3653 3838 
3557 3648 3838 
3581 3644 3838 
3666 3604 3838 
3678 3602 3838 
3508 3663 3837 
3540 3657 3837 
3590 3641 3837 
3696 3611 3837 
3715 3592 3837 
3738 3570 3837 
3748 3529 3837 
3753 3510 3837 
3433 3679 3836 
3543 3649 3836 
3686 3615 3836 
3646 3616 3836 
3721 3587 3836 
3442 3683 3835 
3454 3671 3835 
3443 3673 3835 
3517 3664 3835 
3547 3660 3835 
3559 3645 3835 
3616 3643 3835 
3623 3634 3835 
3644 3620 3835 
3659 3616 3835 
3730 3591 3835 
3749 3559 3835 
3625 3647 3834 
3653 3624 3834 
3654 3617 3834 
3444 3686 3833 
3541 3671 3833 
3556 3658 3833 
3565 3649 3833 
3751 3532 3833 
3465 3673 3832 
3561 3660 3832 
3636 3635 3832 
3672 3620 3832 
3697 3599 3832 
3446 3686 3831 
3639 3635 3831 
3686 3618 3831 
3706 3603 3831 
3448 3681 3830 
3550 3670 3830 
3654 3621 3830 
3738 3588 3830 
3773 3512 3830 
3769 3514 3830 
3448 3689 3829 
3541 3678 3829 
3460 3683 3829 
3569 3655 3829 
3607 3649 3829 
3638 3638 3829 
3681 3625 3829 
3645 3629 3829 
3713 3619 3829 
3765 3536 3829 
3778 3518 3829 
3469 3684 3828 
3499 3683 3828 
3568 3666 3828 
3578 3659 3828 
3615 3648 3828 
3640 3638 3828 
3690 3629 3828 
3727 3598 3828 
3740 3591 3828 
3774 3540 3828 
3374 3691 3827 
3462 3686 3827 
3685 3630 3827 
3644 3632 3827 
3729 3593 3827 
3751 3542 3827 
3504 3679 3826 
3585 3653 3826 
3653 3634 3826 
3732 3612 3826 
3749 3566 3826 
3409 3699 3825 
3464 3686 3825 
3527 3683 3825 
3554 3676 3825 
3564 3670 3825 
3633 3653 3825 
3662 3638 3825 
3418 3703 3824 
3430 3691 3824 
3493 3684 3824 
3541 3681 3824 
3549 3677 3824 
3599 3654 3824 
3639 3648 3824 
3663 3631 3824 
3703 3627 3824 
3778 3543 3824 
3758 3547 3824 
3484 3697 3823 
3491 3688 3823 
3566 3673 3823 
3580 3660 3823 
3570 3664 3823 
3634 3649 3823 
3661 3642 3823 
3685 3637 3823 
3712 3630 3823 
3742 3591 3823 
3750 3557 3823 
3751 3553 3823 
3787 3527 3823 
3493 3701 3822 
3568 3682 3822 
3589 3668 3822 
3721 3616 3822 
3751 3595 3822 
3761 3544 3822 
3612 3655 3821 
3638 3650 3821 
3752 3573 3821 
3422 3706 3820 
3549 3684 3820 
3509 3685 3820 
3497 3687 3820 
3592 3674 3820 
3615 3655 3820 
3753 3598 3820 
3780 3539 3820 
3558 3688 3819 
3627 3660 3819 
3637 3654 3819 
3661 3646 3819 
3698 3635 3819 
3686 3637 3819 
3751 3601 3819 
3755 3556 3819 
3436 3703 3818 
3501 3689 3818 
3697 3645 3818 
3725 3622 3818 
3732 3613 3818 
3762 3567 3818 
3771 3546 3818 
3475 3703 3817 
3613 3669 3817 
3628 3656 3817 
3655 3650 3817 
3734 3626 3817 
3736 3609 3817 
3756 3576 3817 
3767 3547 3817 
3523 3694 3816 
3637 3660 3816 
3664 3653 3816 
3708 3633 3816 
3745 3613 3816 
3355 3708 3815 
3532 3698 3815 
3576 3679 3815 
3647 3654 3815 
3711 3633 3815 
3740 3618 3815 
3770 3576 3815 
3786 3529 3815 
3440 3706 3814 
3492 3703 3814 
3540 3690 3814 
3564 3683 3814 
3571 3680 3814 
3591 3676 3814 
3598 3673 3814 
3622 3668 3814 
3641 3660 3814 
3720 3637 3814 
3774 3580 3814 
3768 3583 3814 
3361 3719 3813 
3576 3688 3813 
3631 3672 3813 
3636 3661 3813 
3679 3649 3813 
3742 3621 3813 
3467 3708 3812 
3595 3674 3812 
3643 3663 3812 
3640 3664 3812 
3650 3657 3812 
3688 3653 3812 
3722 3640 3812 
3726 3631 3812 
3773 3585 3812 
3536 3701 3811 
3604 3677 3811 
3649 3668 3811 
3683 3654 3811 
3702 3641 3811 
3744 3618 3811 
3750 3603 3811 
3756 3586 3811 
3363 3709 3810 
3553 3692 3810 
3590 3679 3810 
3651 3657 3810 
3753 3622 3810 
3775 3588 3810 
3765 3590 3810 
3474 3705 3809 
3552 3696 3809 
3630 3682 3809 
3660 3661 3809 
3705 3651 3809 
3734 3636 3809 
3792 3553 3809 
3378 3715 3808 
3490 3704 3808 
3598 3689 3808 
3562 3691 3808 
3608 3685 3808 
3635 3678 3808 
3677 3666 3808 
3714 3655 3808 
3742 3632 3808 
3767 3593 3808 
3801 3557 3808 
3515 3702 3807 
3638 3671 3807 
3733 3640 3807 
3754 3606 3807 
3758 3599 3807 
3419 3709 3806 
3404 3712 3806 
3492 3707 3806 
3544 3704 3806 
3565 3699 3806 
3589 3692 3806 
3640 3680 3806 
3749 3626 3806 
3759 3614 3806 
3767 3603 3806 
3778 3582 3806 
3444 3713 3805 
3484 3709 3805 
3548 3700 3805 
3581 3694 3805 
3652 3669 3805 
3782 3569 3805 
3406 3716 3804 
3486 3712 3804 
3546 3707 3804 
3557 3704 3804 
3584 3697 3804 
3645 3675 3804 
3750 3627 3804 
3415 3720 3803 
3452 3713 3803 
3507 3708 3803 
3579 3698 3803 
3630 3686 3803 
3654 3679 3803 
3696 3657 3803 
3733 3644 3803 
3719 3645 3803 
3788 3568 3803 
3293 3722 3802 
3444 3717 3802 
3496 3710 3802 
3525 3708 3802 
3548 3707 3802 
3589 3699 3802 
3663 3672 3802 
3667 3667 3802 
3742 3648 3802 
3782 3585 3802 
3417 3723 3801 
3410 3724 3801 
3529 3718 3801 
3611 3693 3801 
3597 3695 3801 
3751 3640 3801 
3773 3590 3801 
3482 3730 3800 
3538 3722 3800 
3558 3707 3800 
3588 3703 3800 
3681 3661 3800 
3760 3644 3800 
3364 3737 3799 
3492 3725 3799 
3604 3696 3799 
3682 3663 3799 
3709 3657 3799 
3719 3652 3799 
3602 3697 3798 
3612 3691 3798 
3657 3681 3798 
3663 3674 3798 
3670 3671 3798 
3691 3667 3798 
3717 3666 3798 
3728 3656 3798 
3785 3604 3798 
3540 3712 3797 
3573 3705 3797 
3597 3698 3797 
3615 3691 3797 
3652 3682 3797 
3648 3686 3797 
3679 3675 3797 
3754 3656 3797 
3802 3513 3797 
3542 3725 3796 
3574 3708 3796 
3562 3710 3796 
3589 3700 3796 
3625 3696 3796 
3657 3690 3796 
3669 3676 3796 
3760 3651 3796 
3777 3605 3796 
3803 3551 3796 
3307 3739 3795 
3553 3715 3795 
3580 3708 3795 
3634 3700 3795 
3690 3669 3795 
3755 3652 3795 
3786 3589 3795 
3807 3546 3795 
3412 3732 3794 
3606 3703 3794 
3656 3694 3794 
3666 3685 3794 
3694 3671 3794 
3803 3595 3794 
3816 3550 3794 
3382 3736 3793 
3462 3732 3793 
3615 3707 3793 
3702 3680 3793 
3703 3675 3793 
3732 3659 3793 
3762 3617 3793 
3391 3740 3792 
3561 3712 3792 
3606 3709 3792 
3670 3687 3792 
3668 3688 3792 
3665 3690 3792 
3711 3684 3792 
3712 3668 3792 
3749 3664 3792 
3794 3602 3792 
3572 3729 3791 
3584 3711 3791 
3638 3703 3791 
3671 3690 3791 
3771 3620 3791 
3486 3740 3790 
3605 3713 3790 
3660 3709 3790 
3680 3694 3790 
3780 3624 3790 
3796 3605 3790 
3817 3535 3790 
3458 3750 3789 
3491 3734 3789 
3724 3667 3789 
3797 3607 3789 
3788 3609 3789 
3804 3600 3789 
3468 3745 3788 
3499 3737 3788 
3610 3715 3788 
3759 3653 3788 
3797 3613 3788 
3574 3719 3787 
3693 3686 3787 
3726 3677 3787 
3768 3657 3787 
3557 3743 3786 
3564 3734 3786 
3706 3686 3786 
3763 3658 3786 
3769 3641 3786 
3788 3620 3786 
3566 3747 3785 
3594 3724 3785 
3622 3710 3785 
3662 3696 3785 
3701 3687 3785 
3728 3670 3785 
3808 3580 3785 
3819 3549 3785 
3610 3720 3784 
3623 3713 3784 
3611 3715 3784 
3678 3697 3784 
3664 3709 3784 
3741 3667 3784 
3771 3644 3784 
3828 3553 3784 
3817 3556 3784 
3598 3722 3783 
3781 3655 3783 
3826 3560 3783 
3684 3689 3782 
3763 3665 3782 
3749 3666 3782 
3803 3602 3782 
3646 3710 3781 
3683 3699 3781 
3688 3688 3781 
3687 3689 3781 
3783 3658 3781 
3814 3575 3781 
3548 3749 3780 
3586 3729 3780 
3614 3723 3780 
3677 3707 3780 
3678 3700 3780 
3696 3693 3780 
3715 3687 3780 
3716 3678 3780 
3741 3674 3780 
3781 3661 3780 
3656 3714 3779 
3618 3721 3779 
3737 3699 3779 
3458 3752 3778 
3738 3683 3778 
3758 3668 3778 
3411 3761 3777 
3612 3730 3777 
3632 3718 3777 
3687 3705 3777 
3740 3678 3777 
3775 3673 3777 
3812 3594 3777 
3460 3755 3776 
3476 3752 3776 
3584 3735 3776 
3627 3719 3776 
3677 3714 3776 
3678 3707 3776 
3740 3686 3776 
3816 3589 3776 
3485 3756 3775 
3540 3754 3775 
3593 3739 3775 
3644 3727 3775 
3686 3718 3775 
3710 3701 3775 
3792 3627 3775 
3825 3593 3775 
3830 3574 3775 
3610 3744 3774 
3681 3719 3774 
3732 3707 3774 
3752 3692 3774 
3801 3608 3774 
3837 3531 3774 
3479 3760 3773 
3625 3728 3773 
3757 3675 3772 
3780 3663 3772 
3788 3629 3772 
3804 3620 3772 
3807 3602 3772 
3442 3766 3771 
3489 3759 3771 
3529 3755 3771 
3593 3746 3771 
3659 3720 3771 
3789 3667 3771 
3796 3630 3771 
3799 3622 3771 
3507 3757 3770 
3491 3758 3770 
3578 3753 3770 
3636 3732 3770 
3615 3740 3770 
3701 3711 3770 
3820 3601 3770 
3531 3758 3769 
3587 3757 3769 
3595 3749 3769 
3638 3745 3769 
3666 3722 3769 
3818 3624 3769 
3801 3625 3769 
3541 3759 3768 
3675 3726 3768 
3434 3772 3767 
3550 3763 3767 
3704 3715 3767 
3789 3674 3767 
3806 3628 3767 
3514 3769 3766 
3682 3729 3766 
3784 3675 3766 
3523 3773 3765 
3587 3764 3765 
3611 3753 3765 
3718 3708 3765 
3412 3775 3764 
3609 3758 3764 
3620 3747 3764 
3684 3739 3764 
3749 3705 3764 
3762 3684 3764 
3818 3628 3764 
3849 3570 3764 
3438 3775 3763 
3721 3720 3763 
3758 3709 3763 
3796 3689 3763 
3532 3765 3762 
3623 3747 3761 
3694 3722 3761 
3804 3634 3761 
3824 3610 3761 
3829 3591 3761 
3835 3576 3761 
3461 3776 3760 
3409 3779 3760 
3505 3775 3760 
3569 3766 3760 
3698 3724 3760 
3591 3760 3759 
3642 3751 3759 
3612 3752 3759 
3721 3727 3759 
3707 3728 3759 
3758 3716 3759 
3829 3599 3759 
3843 3576 3759 
3428 3778 3758 
3682 3742 3758 
3753 3717 3758 
3773 3702 3758 
3827 3605 3758 
3432 3778 3757 
3604 3768 3757 
3636 3762 3757 
3833 3611 3757 
3441 3782 3756 
3377 3788 3756 
3517 3776 3756 
3613 3772 3756 
3706 3730 3756 
3799 3642 3756 
3499 3793 3755 
3846 3610 3755 
3851 3591 3755 
3587 3773 3754 
3655 3755 3754 
3688 3743 3754 
3698 3740 3754 
3722 3721 3754 
3807 3643 3754 
3540 3775 3753 
3636 3769 3753 
3659 3755 3753 
3664 3746 3753 
3823 3612 3753 
3549 3779 3752 
3596 3773 3752 
3673 3750 3752 
3706 3737 3752 
3809 3646 3752 
3832 3616 3752 
3608 3780 3751 
3501 3783 3751 
3635 3773 3751 
3701 3738 3751 
3739 3724 3751 
3743 3718 3751 
3810 3684 3751 
3847 3595 3751 
3650 3757 3750 
3637 3762 3750 
3767 3705 3750 
3811 3644 3750 
3813 3636 3750 
3823 3623 3750 
3558 3782 3749 
3683 3751 3749 
3639 3765 3748 
3652 3760 3748 
3696 3743 3748 
3716 3728 3748 
3759 3713 3748 
3362 3794 3747 
3609 3780 3747 
3650 3763 3747 
3705 3739 3747 
3725 3732 3747 
3793 3718 3747 
3815 3652 3747 
3827 3624 3747 
3600 3785 3746 
3674 3752 3746 
3824 3625 3746 
3858 3613 3745 
3535 3795 3744 
3546 3793 3744 
3644 3775 3744 
3804 3686 3744 
3435 3797 3743 
3554 3791 3743 
3664 3763 3743 
3673 3756 3743 
3688 3748 3743 
3742 3737 3743 
3779 3726 3743 
3817 3649 3743 
3821 3638 3743 
3604 3788 3742 
3865 3514 3742 
3614 3776 3741 
3665 3764 3741 
3708 3760 3741 
3720 3746 3741 
3815 3657 3741 
3825 3651 3741 
3445 3797 3740 
3648 3781 3740 
3685 3770 3740 
3826 3626 3740 
3385 3798 3739 
3517 3797 3739 
3575 3792 3739 
3613 3782 3739 
3833 3633 3739 
3850 3616 3739 
3864 3557 3739 
3476 3798 3738 
3659 3771 3738 
3727 3753 3738 
3733 3738 3738 
3485 3802 3737 
3456 3807 3737 
3586 3790 3737 
3657 3779 3737 
3839 3627 3737 
3634 3789 3736 
3745 3748 3736 
3765 3733 3736 
3831 3647 3736 
3520 3810 3735 
3543 3801 3735 
3640 3786 3735 
3677 3775 3735 
3731 3764 3735 
3867 3591 3735 
3552 3805 3734 
3557 3799 3734 
3522 3813 3733 
3667 3777 3733 
3802 3705 3733 
3843 3628 3733 
3584 3800 3732 
3612 3792 3732 
3853 3633 3732 
3858 3614 3732 
3626 3794 3731 
3656 3787 3731 
3681 3778 3731 
3831 3665 3731 
3814 3666 3731 
3846 3640 3731 
3460 3814 3730 
3665 3791 3730 
3755 3740 3730 
3784 3726 3730 
3534 3807 3729 
3693 3769 3729 
3779 3727 3729 
3812 3674 3729 
3816 3669 3729 
3716 3773 3728 
3733 3749 3728 
3854 3618 3728 
3630 3797 3727 
3671 3780 3727 
3808 3690 3727 
3818 3667 3727 
3847 3635 3727 
3528 3812 3726 
3764 3738 3726 
3869 3520 3726 
3569 3810 3725 
3753 3745 3725 
3765 3735 3725 
3773 3730 3725 
3836 3647 3725 
3601 3801 3724 
3683 3794 3724 
3830 3681 3724 
3868 3547 3724 
3569 3815 3723 
3463 3816 3723 
3603 3804 3723 
3698 3775 3723 
3685 3780 3723 
3736 3749 3723 
3800 3707 3723 
3815 3682 3723 
3869 3585 3723 
3472 3820 3722 
3612 3799 3722 
3608 3801 3722 
3702 3780 3722 
3734 3750 3722 
3833 3686 3722 
3816 3687 3722 
3839 3668 3722 
3865 3636 3722 
3872 3554 3722 
3480 3818 3721 
3721 3766 3721 
3741 3751 3721 
3577 3808 3720 
3619 3801 3720 
3726 3771 3720 
3794 3719 3720 
3819 3691 3720 
3436 3834 3719 
3440 3823 3719 
3578 3814 3719 
3642 3805 3719 
3607 3806 3719 
3749 3747 3719 
3777 3732 3719 
3812 3704 3719 
3871 3597 3719 
3501 3825 3718 
3505 3823 3718 
3609 3808 3718 
3673 3801 3718 
3702 3787 3718 
3743 3765 3718 
3754 3755 3718 
3762 3744 3718 
3847 3667 3718 
3506 3819 3717 
3618 3811 3717 
3697 3788 3717 
3717 3773 3717 
3783 3728 3717 
3790 3721 3717 
3805 3708 3717 
3495 3829 3716 
3509 3816 3716 
3682 3796 3716 
3684 3790 3716 
3745 3768 3716 
3781 3741 3716 
3810 3705 3716 
3852 3664 3716 
3857 3639 3716 
3519 3821 3715 
3508 3822 3715 
3574 3816 3715 
3568 3817 3715 
3691 3800 3715 
3703 3784 3715 
3787 3731 3715 
3807 3711 3715 
3576 3829 3714 
3577 3821 3714 
3624 3807 3714 
3737 3789 3714 
3748 3760 3714 
3805 3736 3714 
3808 3713 3714 
3834 3678 3714 
3521 3830 3713 
3585 3821 3713 
3601 3813 3713 
3603 3826 3712 
3607 3815 3712 
3633 3809 3712 
3779 3760 3712 
3809 3708 3712 
3874 3614 3712 
3879 3595 3712 
3650 3808 3711 
3652 3803 3711 
3794 3746 3711 
3862 3648 3711 
3889 3584 3711 
3481 3831 3710 
3686 3808 3710 
3808 3720 3710 
3862 3656 3710 
3568 3834 3709 
3823 3706 3709 
3539 3842 3708 
3856 3678 3708 
3585 3828 3707 
3640 3814 3707 
3756 3773 3707 
3854 3685 3707 
3868 3616 3707 
3774 3778 3706 
3572 3837 3705 
3663 3821 3705 
3752 3780 3705 
3710 3791 3704 
3878 3628 3704 
3613 3823 3703 
3705 3792 3703 
3543 3841 3702 
3585 3830 3702 
3577 3833 3702 
3617 3827 3702 
3723 3797 3702 
3751 3784 3702 
3831 3698 3702 
3588 3847 3701 
3634 3826 3701 
3792 3748 3701 
3860 3672 3701 
3453 3851 3700 
3692 3804 3700 
3708 3798 3700 
3729 3793 3700 
3792 3754 3700 
3837 3692 3700 
3457 3851 3699 
3629 3841 3699 
3633 3830 3699 
3712 3807 3699 
3763 3798 3699 
3808 3741 3699 
3809 3717 3699 
3862 3675 3699 
3869 3632 3699 
3511 3850 3698 
3636 3822 3698 
3845 3702 3698 
3865 3656 3698 
3870 3637 3698 
3520 3854 3697 
3677 3809 3697 
3826 3714 3697 
3548 3848 3696 
3635 3826 3696 
3651 3822 3696 
3678 3812 3696 
3800 3770 3696 
3582 3865 3695 
3638 3839 3695 
3712 3817 3695 
3671 3818 3695 
3854 3690 3695 
3621 3846 3694 
3829 3730 3694 
3812 3731 3694 
3844 3705 3694 
3633 3840 3693 
3666 3826 3693 
3653 3831 3693 
3884 3594 3693 
3893 3522 3693 
3661 3846 3692 
3814 3734 3692 
3777 3783 3691 
3564 3867 3690 
3689 3830 3690 
3666 3832 3690 
3806 3755 3690 
3866 3655 3690 
3883 3637 3690 
3736 3800 3689 
3718 3803 3689 
3892 3531 3688 
3730 3804 3687 
3820 3734 3687 
3894 3589 3687 
3725 3810 3686 
3867 3638 3686 
3524 3868 3685 
3734 3807 3685 
3863 3701 3685 
3715 3812 3684 
3743 3805 3684 
3789 3783 3684 
3830 3716 3684 
3876 3663 3684 
3893 3632 3684 
3895 3543 3684 
3614 3853 3683 
3629 3851 3682 
3520 3870 3681 
3749 3807 3681 
3875 3706 3681 
3896 3519 3681 
3672 3831 3680 
3709 3820 3680 
3692 3824 3680 
3812 3751 3680 
3692 3825 3679 
3847 3716 3679 
3476 3871 3678 
3596 3855 3678 
3671 3833 3678 
3733 3811 3678 
3802 3763 3678 
3880 3650 3678 
3568 3874 3677 
3705 3838 3677 
3715 3821 3677 
3706 3824 3676 
3815 3739 3676 
3628 3854 3675 
3689 3839 3675 
3804 3760 3675 
3877 3660 3675 
3906 3514 3675 
3647 3855 3674 
3794 3778 3674 
3833 3724 3674 
3902 3565 3674 
3654 3857 3673 
3774 3786 3673 
3799 3775 3673 
3550 3876 3672 
3599 3858 3672 
3681 3851 3672 
3727 3829 3672 
3781 3793 3672 
3484 3887 3671 
3681 3854 3671 
3714 3830 3671 
3735 3818 3671 
3802 3767 3671 
3824 3740 3671 
3898 3595 3671 
3831 3743 3670 
3814 3744 3670 
3584 3860 3669 
3763 3802 3669 
3634 3872 3668 
3816 3747 3668 
3880 3669 3668 
3899 3571 3668 
3510 3877 3667 
3709 3831 3667 
3764 3817 3667 
3808 3753 3667 
3849 3710 3667 
3915 3570 3667 
3466 3889 3666 
3671 3858 3666 
3700 3844 3666 
3837 3726 3666 
3883 3644 3666 
3488 3889 3665 
3695 3845 3665 
3803 3765 3665 
3884 3682 3665 
3493 3886 3664 
3696 3851 3664 
3779 3798 3664 
3808 3762 3664 
3827 3757 3664 
3832 3738 3664 
3839 3729 3664 
3850 3721 3664 
3506 3879 3663 
3616 3874 3663 
3805 3768 3663 
3813 3764 3663 
3905 3583 3663 
3594 3883 3662 
3574 3886 3662 
3741 3830 3662 
3458 3894 3661 
3695 3855 3661 
3712 3832 3661 
3714 3831 3661 
3797 3789 3661 
3801 3775 3661 
3892 3643 3661 
3907 3573 3661 
3648 3860 3660 
3712 3838 3660 
3807 3765 3660 
3831 3744 3660 
3833 3732 3660 
3917 3558 3660 
3673 3864 3659 
3648 3865 3659 
3829 3751 3659 
3835 3733 3659 
3854 3723 3659 
3876 3685 3659 
3901 3592 3659 
3707 3869 3658 
3806 3777 3658 
3854 3734 3658 
3593 3890 3657 
3566 3891 3657 
3824 3782 3657 
3807 3783 3657 
3889 3665 3657 
3916 3601 3657 
3537 3899 3656 
3598 3876 3656 
3638 3871 3655 
3744 3841 3655 
3809 3786 3655 
3852 3742 3655 
3600 3879 3654 
3643 3876 3654 
3777 3800 3654 
3766 3807 3654 
3767 3802 3654 
3796 3793 3654 
3570 3894 3653 
3610 3887 3653 
3750 3837 3653 
3801 3807 3653 
3881 3702 3653 
3894 3664 3652 
3622 3878 3651 
3755 3823 3651 
3919 3576 3651 
3416 3900 3650 
3541 3898 3650 
3620 3881 3650 
3721 3854 3650 
3897 3611 3650 
3569 3904 3649 
3625 3878 3649 
3858 3707 3649 
3586 3892 3648 
3790 3811 3648 
3831 3763 3648 
3455 3908 3647 
3597 3888 3647 
3542 3905 3646 
3634 3879 3646 
3863 3713 3646 
3927 3521 3646 
3574 3896 3645 
3620 3883 3645 
3642 3878 3645 
3726 3842 3645 
3896 3649 3645 
3653 3871 3644 
3720 3858 3644 
3921 3564 3644 
3659 3883 3643 
3710 3874 3643 
3669 3875 3643 
3772 3813 3643 
3833 3746 3643 
3609 3893 3642 
3596 3895 3642 
3757 3844 3642 
3827 3787 3642 
3810 3788 3642 
3898 3623 3642 
3390 3911 3641 
3502 3906 3641 
3651 3888 3641 
3536 3923 3640 
3598 3898 3640 
3669 3877 3640 
3812 3791 3640 
3839 3748 3640 
3840 3743 3640 
3870 3712 3640 
3911 3603 3640 
3938 3539 3640 
3653 3891 3639 
3899 3627 3639 
3636 3896 3638 
3755 3851 3638 
3804 3812 3638 
3841 3751 3638 
3875 3715 3638 
3615 3904 3637 
3775 3814 3637 
3900 3630 3637 
3833 3772 3636 
3898 3670 3636 
3903 3640 3636 
3908 3615 3636 
3518 3925 3635 
3760 3818 3635 
3759 3840 3634 
3763 3823 3634 
3769 3815 3634 
3840 3773 3634 
3930 3542 3634 
3550 3906 3633 
3618 3898 3633 
3683 3876 3633 
3862 3726 3633 
3658 3889 3632 
3713 3869 3632 
3842 3754 3632 
3555 3913 3631 
3850 3767 3631 
3877 3703 3631 
3478 3926 3630 
3562 3915 3630 
3627 3908 3630 
3761 3830 3630 
3867 3719 3630 
3913 3635 3630 
3917 3579 3630 
3922 3560 3630 
3676 3878 3629 
3723 3863 3629 
3783 3815 3629 
3662 3888 3628 
3736 3859 3628 
3765 3825 3628 
3781 3817 3628 
3635 3902 3627 
3641 3896 3627 
3785 3818 3627 
3872 3717 3627 
3899 3653 3627 
3474 3928 3626 
3695 3876 3626 
3714 3868 3626 
3861 3748 3626 
3877 3709 3626 
3539 3928 3625 
3544 3917 3625 
3668 3893 3625 
3696 3883 3625 
3578 3909 3624 
3765 3838 3624 
3813 3796 3624 
3890 3708 3624 
3915 3609 3624 
3942 3545 3624 
3571 3914 3623 
3639 3901 3623 
3777 3833 3623 
3782 3820 3623 
3831 3797 3623 
3870 3736 3623 
3875 3717 3623 
3621 3911 3622 
3565 3915 3621 
3652 3914 3621 
3751 3856 3621 
3787 3817 3621 
3524 3932 3620 
3599 3920 3620 
3741 3860 3620 
3891 3693 3620 
3907 3646 3620 
3468 3936 3619 
3871 3721 3619 
3790 3815 3618 
3480 3933 3617 
3681 3887 3617 
3581 3922 3616 
3728 3869 3616 
3921 3579 3616 
3615 3927 3615 
3682 3894 3615 
3671 3901 3615 
3762 3874 3615 
3779 3828 3615 
3806 3810 3615 
3716 3877 3614 
3699 3878 3614 
3917 3641 3614 
3921 3585 3614 
3362 3937 3613 
3588 3930 3613 
3710 3878 3613 
3791 3834 3613 
3836 3776 3613 
3694 3908 3612 
3718 3875 3612 
3816 3804 3612 
3841 3773 3612 
3933 3557 3612 
3625 3916 3611 
3698 3881 3611 
3811 3821 3611 
3794 3822 3611 
3871 3748 3611 
3876 3723 3611 
3898 3684 3611 
3903 3659 3611 
3597 3929 3610 
3818 3798 3610 
3865 3754 3610 
3799 3832 3609 
3925 3586 3609 
3570 3932 3608 
3630 3915 3608 
3710 3895 3608 
3770 3836 3608 
3894 3714 3608 
3904 3659 3608 
3525 3937 3607 
3827 3808 3607 
3874 3742 3607 
3394 3938 3606 
3533 3936 3606 
3604 3928 3606 
3899 3674 3606 
3918 3613 3606 
3473 3944 3605 
3788 3840 3605 
3763 3842 3605 
3766 3853 3604 
3834 3788 3604 
3641 3925 3603 
3909 3668 3603 
3936 3604 3603 
3510 3941 3602 
3581 3941 3601 
3714 3882 3601 
3775 3863 3601 
3844 3782 3601 
3848 3770 3601 
3714 3888 3600 
3834 3801 3600 
3804 3823 3599 
3900 3678 3599 
3591 3935 3598 
3641 3927 3598 
3653 3911 3598 
3724 3876 3598 
3510 3943 3597 
3748 3883 3597 
3943 3523 3597 
3464 3946 3596 
3563 3943 3596 
3866 3750 3596 
3937 3563 3596 
3510 3949 3595 
3445 3952 3595 
3370 3958 3595 
3777 3843 3595 
3852 3771 3595 
3523 3962 3594 
3673 3916 3594 
3645 3926 3594 
3856 3756 3594 
3599 3929 3593 
3784 3844 3593 
3857 3757 3593 
3897 3690 3593 
3551 3946 3592 
3623 3935 3592 
3675 3919 3592 
3837 3785 3592 
3657 3940 3591 
3785 3841 3591 
3853 3760 3591 
3916 3652 3591 
3526 3956 3590 
3696 3904 3590 
3794 3838 3590 
3820 3811 3590 
3852 3773 3590 
3853 3768 3590 
3903 3680 3590 
3922 3619 3590 
3813 3817 3589 
3854 3769 3589 
3667 3934 3588 
3827 3812 3588 
3563 3951 3587 
3550 3953 3587 
3724 3885 3587 
3783 3848 3587 
3784 3847 3587 
3861 3759 3587 
3913 3674 3587 
3940 3610 3587 
3785 3843 3586 
3856 3772 3586 
3871 3767 3586 
3898 3703 3586 
3552 3956 3585 
3811 3824 3585 
3837 3806 3585 
3852 3776 3585 
3567 3950 3583 
3709 3909 3583 
3575 3949 3582 
3775 3868 3582 
3783 3850 3582 
3789 3842 3582 
3844 3786 3582 
3677 3912 3581 
3793 3842 3581 
3577 3944 3580 
3682 3915 3580 
3731 3888 3580 
3873 3746 3580 
3527 3960 3579 
3585 3943 3579 
3713 3898 3579 
3799 3836 3579 
3853 3774 3579 
3919 3644 3579 
3579 3945 3578 
3595 3942 3578 
3710 3899 3578 
3787 3849 3578 
3802 3844 3578 
3877 3747 3578 
3456 3965 3577 
3612 3947 3577 
3764 3872 3577 
3878 3748 3577 
3502 3970 3576 
3804 3825 3576 
3717 3896 3575 
3883 3718 3575 
3950 3479 3575 
3504 3973 3574 
3677 3921 3574 
3721 3895 3574 
3834 3809 3574 
3857 3774 3574 
3455 3975 3573 
3581 3951 3573 
3616 3946 3573 
3690 3917 3573 
3589 3960 3572 
3727 3890 3572 
3852 3789 3572 
3524 3964 3571 
3668 3926 3571 
3731 3889 3571 
3804 3829 3571 
3844 3803 3571 
3961 3510 3571 
3823 3819 3570 
3813 3821 3570 
3809 3825 3569 
3862 3783 3569 
3889 3719 3569 
3599 3955 3568 
3593 3959 3568 
3601 3950 3568 
3731 3891 3568 
3785 3855 3568 
3805 3829 3568 
3904 3680 3568 
3575 3969 3567 
3778 3873 3567 
3705 3914 3566 
3478 3990 3565 
3603 3953 3565 
3609 3949 3565 
3620 3942 3565 
3858 3787 3565 
3885 3723 3565 
3754 3876 3564 
3812 3831 3564 
3805 3837 3564 
3578 3963 3563 
3687 3920 3563 
3723 3894 3563 
3809 3832 3563 
3921 3621 3563 
3557 3971 3562 
3756 3879 3562 
3881 3753 3562 
3597 3958 3561 
3614 3949 3561 
3685 3929 3561 
3815 3831 3561 
3925 3624 3561 
3941 3577 3561 
3716 3932 3560 
3726 3894 3560 
3733 3886 3560 
3788 3853 3560 
3941 3588 3560 
3670 3935 3559 
3750 3881 3559 
3540 3975 3558 
3607 3952 3558 
3753 3892 3558 
3748 3894 3558 
3820 3820 3558 
3917 3649 3558 
3799 3847 3557 
3896 3726 3557 
3923 3662 3557 
3587 3961 3556 
3627 3946 3556 
3722 3907 3556 
3758 3878 3556 
3781 3868 3556 
3619 3956 3555 
3724 3909 3555 
3734 3902 3555 
3818 3824 3555 
3835 3809 3555 
3846 3791 3555 
3630 3948 3554 
3765 3874 3554 
3929 3614 3554 
3522 3977 3553 
3664 3953 3553 
3791 3862 3553 
3819 3824 3553 
3830 3812 3553 
3523 3976 3552 
3717 3912 3552 
3726 3906 3552 
3965 3498 3552 
3522 3978 3551 
3602 3958 3551 
3914 3664 3551 
3556 3983 3550 
3751 3897 3550 
3425 3999 3549 
3608 3958 3549 
3720 3911 3549 
3736 3900 3549 
3764 3882 3549 
3646 3955 3548 
3779 3873 3548 
3903 3698 3548 
3908 3679 3548 
3771 3883 3547 
3759 3884 3547 
3830 3842 3547 
3884 3729 3547 
3668 3940 3546 
3729 3921 3546 
3741 3905 3546 
3820 3845 3546 
3541 3987 3545 
3586 3967 3545 
3668 3946 3545 
3929 3630 3545 
3944 3564 3545 
3576 3971 3544 
3781 3877 3544 
3867 3772 3544 
3673 3939 3543 
3678 3934 3543 
3751 3899 3543 
3841 3808 3543 
3606 3963 3542 
3678 3940 3542 
3590 3966 3541 
3787 3866 3541 
3848 3798 3541 
3894 3731 3541 
3900 3713 3541 
3921 3667 3541 
3927 3649 3541 
3487 3993 3540 
3645 3959 3540 
3683 3933 3540 
3945 3517 3540 
3839 3815 3539 
3882 3735 3539 
3946 3538 3539 
3557 3975 3538 
3945 3539 3538 
3950 3514 3538 
3601 3965 3537 
3789 3863 3537 
3491 3992 3536 
3628 3961 3536 
3883 3746 3536 
3910 3682 3536 
3476 3994 3535 
3589 3971 3535 
3600 3967 3535 
3685 3939 3535 
3490 4002 3534 
3493 3995 3534 
3695 3939 3534 
3788 3865 3534 
3799 3849 3534 
3860 3785 3534 
3946 3551 3534 
3808 3849 3533 
3906 3683 3533 
3937 3621 3533 
3558 3977 3532 
3590 3975 3532 
3632 3960 3532 
3737 3906 3532 
3907 3704 3532 
3503 3989 3531 
3592 3982 3531 
3606 3968 3530 
3608 3963 3530 
3699 3938 3530 
3739 3906 3530 
3788 3874 3530 
3792 3864 3530 
3463 4013 3529 
3761 3886 3529 
3816 3851 3529 
3875 3758 3529 
3948 3570 3529 
3599 3974 3528 
3734 3910 3528 
3753 3896 3528 
3806 3854 3528 
3500 3993 3527 
3621 3964 3527 
3737 3908 3527 
3749 3900 3527 
3757 3888 3527 
3574 3984 3526 
3655 3969 3526 
3467 4012 3525 
3699 3940 3525 
3761 3889 3525 
3852 3804 3525 
3948 3572 3525 
3603 3973 3524 
3683 3945 3524 
3885 3740 3524 
3912 3676 3524 
3744 3909 3523 
3756 3902 3523 
3875 3759 3523 
3477 4006 3522 
3608 3983 3522 
3709 3934 3522 
3718 3930 3522 
3949 3545 3522 
3944 3576 3521 
3547 3988 3520 
3615 3980 3520 
3671 3954 3520 
3685 3949 3520 
3759 3902 3520 
3501 4001 3519 
3625 3973 3518 
3713 3933 3518 
3741 3915 3518 
3909 3688 3518 
3503 4004 3517 
3625 3974 3517 
3528 3994 3516 
3511 3995 3516 
3551 3987 3516 
3660 3964 3516 
3798 3861 3516 
3539 3991 3515 
3726 3923 3515 
3513 3998 3514 
3551 3988 3513 
3633 3970 3513 
3851 3806 3513 
3879 3764 3513 
3598 3985 3512 
3735 3933 3512 
3763 3895 3512 
3772 3881 3512 
3504 4001 3511 
3609 3982 3511 
3618 3975 3511 
3818 3847 3511 
3868 3770 3511 
3883 3765 3511 
3910 3701 3511 
3574 4000 3510 
3637 3973 3510 
3942 3585 3510 
3951 3548 3510 
3768 3895 3509 
3528 4001 3508 
3602 3984 3508 
3641 3978 3508 
3776 3880 3508 
3584 3994 3507 
3717 3935 3507 
3774 3913 3506 
3947 3581 3506 
3952 3537 3506 
3680 3952 3505 
3885 3744 3505 
3886 3736 3504 
3510 4003 3503 
3594 3987 3503 
3641 3980 3503 
3707 3950 3503 
3943 3582 3503 
3953 3533 3503 
3718 3938 3502 
3853 3806 3502 
3944 3603 3502 
3550 4002 3501 
3644 3972 3501 
3651 3974 3500 
3789 3867 3500 
3916 3680 3500 
3473 4010 3499 
3656 3969 3499 
3722 3934 3499 
3776 3898 3499 
3890 3736 3499 
3325 4014 3498 
3629 3983 3498 
3682 3954 3498 
3745 3920 3498 
3373 4016 3497 
3519 4012 3497 
3554 4001 3497 
3587 3994 3497 
3791 3868 3497 
3938 3611 3497 
3407 4021 3496 
3532 4004 3496 
3589 4001 3496 
3655 3973 3496 
3663 3963 3496 
3458 4017 3495 
3666 3959 3495 
3854 3791 3495 
3865 3773 3495 
3529 4006 3494 
3597 3988 3494 
3633 3982 3494 
3711 3939 3494 
3950 3573 3494 
3955 3554 3494 
3599 3995 3493 
3667 3987 3493 
3673 3958 3493 
3804 3856 3493 
3869 3774 3493 
3570 4007 3492 
3553 4008 3492 
3713 3942 3492 
3784 3900 3492 
3800 3860 3492 
3866 3784 3492 
3695 3963 3491 
3793 3866 3491 
3555 4011 3490 
3603 3994 3489 
3736 3935 3489 
3513 4013 3488 
3705 3957 3488 
3460 4014 3487 
3791 3873 3487 
3843 3815 3487 
3924 3660 3487 
3974 3433 3487 
3677 3965 3486 
3741 3924 3486 
3793 3873 3484 
3898 3722 3484 
3925 3658 3484 
3931 3640 3484 
3473 4026 3483 
3938 3618 3483 
3507 4031 3482 
3613 3999 3481 
3860 3790 3481 
3344 4033 3480 
3513 4017 3480 
3835 3819 3480 
3857 3796 3480 
3868 3778 3480 
3517 4025 3479 
3586 4012 3479 
3742 3923 3479 
3858 3797 3479 
3552 4015 3478 
3671 3968 3478 
3489 4033 3477 
3592 4015 3477 
3617 3998 3477 
3670 3972 3477 
3715 3939 3477 
3760 3914 3477 
3885 3746 3477 
3912 3682 3477 
3596 4006 3476 
3922 3669 3476 
3740 3930 3475 
3746 3922 3475 
3801 3866 3475 
3624 3990 3474 
3832 3838 3474 
3688 3968 3473 
3449 4034 3472 
3599 4000 3472 
3711 3946 3472 
3744 3929 3471 
3789 3874 3471 
3609 4002 3470 
3618 3993 3470 
3715 3947 3470 
3806 3862 3470 
3639 3989 3469 
3874 3770 3468 
3678 3975 3467 
3851 3808 3467 
3956 3532 3467 
3889 3740 3466 
3945 3593 3466 
3452 4034 3465 
3720 3936 3464 
3861 3802 3464 
3454 4037 3463 
3730 3936 3463 
3685 3970 3462 
3565 4020 3461 
3539 4024 3461 
3797 3877 3461 
3968 3455 3461 
3550 4022 3460 
3451 4041 3459 
3567 4023 3459 
3932 3624 3459 
3969 3451 3459 
3629 3995 3458 
3716 3939 3458 
3730 3938 3458 
3800 3867 3458 
3833 3822 3458 
3641 3988 3457 
3714 3951 3457 
3726 3939 3457 
3866 3789 3457 
3525 4033 3456 
3837 3823 3456 
3931 3642 3456 
3559 4038 3455 
3933 3636 3455 
3428 4054 3454 
3719 3953 3454 
3734 3937 3454 
3903 3719 3454 
3600 4006 3452 
3908 3708 3452 
3618 3997 3451 
3744 3931 3451 
3541 4040 3450 
3972 3498 3450 
3620 4000 3449 
3679 3987 3449 
3852 3812 3449 
3569 4016 3448 
3604 4005 3448 
3637 3998 3448 
3807 3864 3447 
3647 3992 3445 
3683 3986 3445 
3698 3958 3445 
3749 3918 3444 
3836 3827 3443 
3936 3630 3443 
3602 4007 3442 
3690 3966 3442 
3702 3966 3441 
3366 4061 3440 
3594 4017 3440 
3728 3963 3440 
3747 3926 3440 
3952 3565 3440 
3801 3867 3439 
3445 4042 3437 
3569 4020 3437 
3754 3918 3437 
3619 4004 3436 
3624 3999 3436 
3735 3937 3435 
3648 4001 3434 
3703 3964 3434 
3466 4043 3433 
3776 3909 3433 
3786 3878 3433 
3745 3931 3432 
3809 3853 3432 
3482 4044 3431 
3630 4005 3431 
3975 3385 3431 
3572 4020 3429 
3608 4014 3429 
3686 3971 3429 
3845 3821 3429 
3642 4019 3428 
3786 3881 3428 
3464 4046 3426 
3795 3879 3426 
3811 3854 3425 
3690 3967 3424 
3788 3883 3424 
3940 3618 3424 
3624 4021 3423 
3805 3873 3423 
3436 4052 3421 
3834 3838 3420 
3560 4028 3419 
3786 3896 3419 
3742 3936 3417 
3504 4041 3414 
3563 4027 3414 
3493 4043 3413 
3589 4028 3412 
3657 3988 3412 
3808 3868 3412 
3378 4055 3411 
3571 4038 3411 
3753 3922 3411 
3440 4054 3410 
3931 3654 3410 
3474 4059 3409 
3606 4029 3409 
3815 3860 3409 
3475 4045 3408 
3501 4042 3408 
3649 4003 3408 
3654 3991 3408 
3792 3889 3408 
3891 3746 3408 
3961 3518 3408 
3575 4037 3407 
3717 3967 3407 
3478 4058 3405 
3584 4034 3405 
3505 4042 3404 
3661 3992 3404 
3687 3976 3404 
3953 3555 3404 
3959 3537 3404 
3539 4047 3403 
3653 3999 3403 
3752 3923 3403 
3557 4039 3402 
3820 3847 3402 
3554 4043 3401 
3734 3941 3401 
3665 3988 3400 
3870 3780 3400 
3935 3633 3399 
3839 3829 3398 
3316 4062 3397 
3659 3995 3397 
3907 3710 3397 
3361 4062 3396 
3409 4068 3395 
3692 3972 3395 
3948 3576 3394 
3328 4069 3393 
3416 4065 3391 
3498 4048 3391 
3681 3993 3391 
3417 4061 3390 
3401 4069 3389 
3608 4026 3389 
3572 4040 3388 
3687 3977 3388 
3976 3423 3388 
3486 4056 3387 
3482 4067 3386 
3497 4053 3386 
3548 4044 3386 
3510 4051 3384 
3650 4005 3384 
3516 4051 3383 
3532 4048 3382 
3731 3946 3382 
3663 3997 3381 
3493 4064 3378 
3498 4053 3378 
3691 3980 3377 
3438 4073 3376 
3595 4033 3376 
3687 3984 3376 
3738 3943 3374 
3799 3879 3374 
3517 4054 3373 
3691 3983 3372 
3420 4075 3371 
3757 3915 3371 
3270 4084 3370 
3487 4066 3368 
3816 3854 3368 
3356 4082 3367 
3651 4017 3367 
3944 3609 3367 
3380 4076 3366 
3692 3973 3366 
3525 4050 3365 
3591 4038 3365 
3543 4047 3364 
3759 3916 3364 
3469 4068 3363 
3696 3994 3362 
3529 4049 3361 
3622 4028 3361 
3551 4046 3359 
3873 3774 3359 
3429 4076 3357 
3654 3998 3357 
3519 4052 3355 
3555 4046 3355 
3533 4048 3354 
3380 4088 3353 
3501 4055 3353 
3537 4048 3353 
3573 4044 3353 
3523 4051 3351 
3459 4069 3350 
3362 4090 3348 
3652 4001 3348 
3383 4084 3347 
3658 3998 3346 
3506 4064 3345 
3322 4091 3343 
3495 4066 3341 
3537 4054 3341 
3562 4045 3341 
3440 4075 3339 
3641 4026 3338 
3547 4057 3337 
3385 4081 3335 
3549 4050 3335 
3448 4074 3334 
3725 3964 3334 
3485 4068 3333 
3551 4053 3333 
3529 4059 3332 
3574 4044 3332 
3388 4089 3331 
3509 4063 3330 
3543 4068 3329 
3685 3998 3329 
3412 4084 3328 
3467 4070 3328 
3454 4072 3328 
3611 4032 3328 
3488 4077 3327 
3525 4070 3324 
3567 4058 3324 
3453 4079 3323 
3470 4079 3322 
3406 4086 3318 
3430 4080 3317 
3382 4090 3316 
3583 4041 3315 
3333 4092 3314 
3350 4091 3314 
3223 4101 3313 
3335 4095 3312 
3448 4081 3308 
3406 4091 3305 
3630 4030 3305 
3440 4096 3304 
3507 4075 3304 
3509 4073 3301 
3582 4042 3299 
3577 4049 3291 
3449 4090 3281 
3587 4041 3280 
3272 4098 3275 
3455 4083 3273 
3597 4039 3269 
3469 4091 3268 
3239 4100 3265 
3482 4078 3265 
3273 4105 3264 
3385 4099 3263 
3298 4108 3262 
3332 4113 3261 
3481 4083 3260 
3456 4095 3256 
3484 4079 3254 
3575 4055 3251 
3586 4043 3236 
3542 4069 3232 
3495 4079 3226 
3381 4100 3225 
3483 4085 3223 
3374 4105 3222 
3385 4100 3215 
3484 4084 3209 
3509 4077 3199 
3275 4115 3192 
3472 4089 3190 
3383 4104 3175 
3390 4104 3174 
3291 4114 3144 
3315 4114 3137 
