#Solver type:
nMOCO-S
#Solver status:
AbortTimeLimit
#Number of nondominated points:
348
#Number of models solved:
5128
#Elapsed time (seconds):
601.93
#Incumbent ideal point:
-64 -40 -61 -51 -40 
#Incumbent nadir point:
-132 -148 -143 -124 -57 
#The set of nondominated points:
-103 -121 -109 -89 -40 
-110 -91 -99 -83 -41 
-110 -131 -105 -79 -41 
-101 -124 -90 -85 -41 
-112 -123 -117 -76 -42 
-103 -85 -91 -102 -42 
-100 -105 -117 -82 -42 
-102 -122 -112 -96 -42 
-110 -117 -92 -75 -43 
-107 -115 -113 -72 -43 
-101 -110 -77 -81 -43 
-98 -81 -76 -95 -43 
-107 -75 -107 -76 -43 
-103 -103 -84 -87 -43 
-96 -101 -88 -104 -43 
-86 -118 -127 -111 -43 
-115 -89 -96 -71 -44 
-102 -79 -70 -92 -44 
-91 -97 -73 -97 -44 
-99 -79 -98 -106 -44 
-96 -119 -81 -89 -44 
-93 -88 -117 -105 -44 
-90 -116 -121 -108 -44 
-107 -101 -100 -68 -45 
-95 -95 -67 -94 -45 
-101 -96 -93 -80 -45 
-108 -83 -88 -90 -45 
-118 -84 -94 -84 -45 
-103 -77 -92 -103 -45 
-100 -78 -90 -112 -45 
-101 -125 -107 -79 -45 
-92 -118 -92 -85 -45 
-93 -111 -108 -88 -45 
-97 -86 -111 -102 -45 
-84 -109 -86 -109 -45 
-112 -73 -104 -64 -46 
-108 -101 -81 -75 -46 
-103 -79 -73 -83 -46 
-104 -76 -84 -109 -46 
-120 -72 -117 -84 -46 
-103 -97 -124 -74 -46 
-100 -121 -104 -78 -46 
-95 -93 -111 -79 -46 
-102 -92 -106 -90 -46 
-91 -79 -76 -103 -46 
-94 -79 -93 -102 -46 
-94 -112 -90 -82 -46 
-99 -110 -100 -81 -46 
-91 -114 -89 -84 -46 
-94 -103 -93 -93 -46 
-83 -113 -96 -89 -46 
-82 -105 -88 -101 -46 
-88 -107 -80 -106 -46 
-107 -77 -67 -80 -47 
-115 -68 -102 -77 -47 
-93 -75 -90 -101 -47 
-101 -71 -101 -98 -47 
-98 -109 -115 -72 -47 
-104 -77 -95 -94 -47 
-95 -77 -70 -100 -47 
-98 -77 -87 -99 -47 
-94 -97 -86 -87 -47 
-100 -95 -87 -86 -47 
-98 -86 -114 -93 -47 
-100 -73 -101 -113 -47 
-87 -111 -90 -86 -47 
-90 -95 -116 -81 -47 
-94 -112 -123 -80 -47 
-92 -119 -88 -95 -47 
-86 -103 -82 -98 -47 
-89 -97 -96 -97 -47 
-84 -111 -118 -100 -47 
-114 -100 -108 -63 -48 
-106 -94 -90 -68 -48 
-123 -82 -91 -72 -48 
-108 -75 -89 -91 -48 
-97 -73 -84 -98 -48 
-105 -69 -95 -95 -48 
-95 -69 -86 -106 -48 
-104 -63 -117 -87 -48 
-112 -121 -113 -63 -48 
-92 -77 -119 -72 -48 
-105 -106 -77 -82 -48 
-99 -76 -114 -83 -48 
-97 -105 -112 -71 -48 
-83 -99 -83 -85 -48 
-93 -93 -83 -86 -48 
-101 -89 -94 -83 -48 
-83 -83 -88 -91 -48 
-102 -84 -108 -90 -48 
-97 -107 -70 -93 -48 
-99 -111 -88 -81 -48 
-94 -73 -112 -112 -48 
-86 -91 -87 -103 -48 
-76 -108 -126 -110 -48 
-117 -93 -117 -59 -49 
-113 -95 -87 -64 -49 
-104 -88 -72 -70 -49 
-109 -104 -71 -79 -49 
-109 -74 -81 -97 -49 
-99 -67 -80 -103 -49 
-88 -73 -90 -94 -49 
-125 -70 -114 -72 -49 
-107 -72 -114 -90 -49 
-106 -86 -110 -73 -49 
-96 -77 -73 -91 -49 
-99 -77 -90 -90 -49 
-99 -124 -106 -77 -49 
-103 -148 -79 -76 -49 
-103 -108 -73 -80 -49 
-87 -97 -77 -82 -49 
-103 -92 -113 -78 -49 
-92 -90 -95 -80 -49 
-99 -89 -73 -84 -49 
-87 -81 -82 -88 -49 
-96 -67 -108 -117 -49 
-90 -89 -81 -100 -49 
-86 -109 -80 -88 -49 
-84 -81 -110 -102 -49 
-78 -90 -129 -101 -49 
-80 -106 -120 -107 -49 
-129 -106 -95 -63 -50 
-120 -99 -80 -69 -50 
-109 -89 -70 -79 -50 
-120 -66 -99 -65 -50 
-117 -85 -81 -76 -50 
-94 -76 -96 -77 -50 
-94 -75 -68 -86 -50 
-100 -75 -67 -88 -50 
-92 -71 -84 -91 -50 
-98 -73 -87 -89 -50 
-106 -69 -98 -86 -50 
-100 -65 -102 -114 -50 
-99 -82 -103 -76 -50 
-97 -66 -100 -123 -50 
-91 -86 -92 -79 -50 
-99 -95 -83 -75 -50 
-97 -104 -97 -74 -50 
-99 -97 -76 -78 -50 
-100 -100 -122 -71 -50 
-88 -91 -83 -79 -50 
-96 -85 -74 -83 -50 
-99 -79 -87 -85 -50 
-85 -80 -102 -108 -50 
-86 -85 -83 -123 -50 
-74 -107 -98 -89 -50 
-74 -99 -85 -108 -50 
-82 -88 -123 -98 -50 
-110 -79 -95 -57 -51 
-115 -122 -91 -63 -51 
-106 -115 -76 -69 -51 
-103 -134 -66 -72 -51 
-98 -73 -62 -83 -51 
-106 -87 -91 -71 -51 
-117 -75 -95 -77 -51 
-110 -67 -92 -83 -51 
-102 -71 -81 -86 -51 
-102 -70 -89 -88 -51 
-105 -58 -96 -99 -51 
-101 -64 -94 -120 -51 
-111 -64 -120 -69 -51 
-110 -62 -116 -83 -51 
-117 -60 -127 -95 -51 
-107 -72 -136 -82 -51 
-105 -103 -126 -69 -51 
-103 -118 -106 -70 -51 
-93 -99 -102 -72 -51 
-98 -91 -80 -74 -51 
-99 -68 -123 -87 -51 
-88 -67 -86 -114 -51 
-95 -120 -92 -76 -51 
-84 -92 -87 -78 -51 
-90 -104 -76 -115 -51 
-90 -83 -77 -120 -51 
-78 -97 -79 -105 -51 
-76 -81 -88 -99 -51 
-73 -103 -95 -88 -51 
-78 -105 -92 -86 -51 
-81 -99 -106 -85 -51 
-126 -90 -103 -56 -52 
-108 -107 -81 -63 -52 
-108 -106 -70 -68 -52 
-131 -93 -93 -66 -52 
-97 -88 -92 -68 -52 
-97 -69 -71 -85 -52 
-86 -53 -88 -95 -52 
-106 -68 -83 -85 -52 
-95 -65 -74 -100 -52 
-112 -56 -112 -88 -52 
-86 -84 -92 -72 -52 
-100 -70 -114 -73 -52 
-109 -70 -104 -75 -52 
-91 -78 -124 -71 -52 
-108 -90 -110 -66 -52 
-97 -90 -85 -71 -52 
-96 -114 -86 -78 -52 
-96 -102 -72 -85 -52 
-94 -70 -128 -89 -52 
-86 -65 -81 -109 -52 
-92 -65 -80 -111 -52 
-74 -79 -83 -94 -52 
-80 -79 -82 -96 -52 
-77 -101 -89 -85 -52 
-112 -106 -99 -56 -53 
-112 -81 -67 -71 -53 
-100 -100 -66 -82 -53 
-110 -90 -83 -64 -53 
-121 -88 -82 -65 -53 
-99 -74 -93 -65 -53 
-96 -84 -89 -67 -53 
-86 -71 -81 -80 -53 
-99 -63 -68 -97 -53 
-90 -51 -82 -92 -53 
-97 -59 -85 -86 -53 
-96 -52 -131 -80 -53 
-109 -47 -112 -112 -53 
-102 -69 -108 -80 -53 
-101 -83 -71 -71 -53 
-108 -94 -70 -71 -53 
-104 -80 -100 -64 -53 
-105 -64 -117 -85 -53 
-90 -83 -110 -65 -53 
-90 -63 -75 -106 -53 
-94 -142 -81 -76 -53 
-78 -77 -77 -91 -53 
-78 -100 -108 -83 -53 
-115 -99 -108 -52 -54 
-131 -119 -86 -58 -54 
-122 -112 -71 -64 -54 
-100 -85 -65 -82 -54 
-132 -93 -93 -63 -54 
-110 -79 -86 -66 -54 
-86 -77 -78 -74 -54 
-125 -78 -76 -77 -54 
-116 -62 -117 -57 -54 
-128 -77 -101 -59 -54 
-107 -68 -86 -76 -54 
-106 -69 -84 -82 -54 
-97 -60 -81 -87 -54 
-106 -54 -112 -68 -54 
-110 -56 -93 -87 -54 
-113 -45 -106 -109 -54 
-110 -133 -74 -67 -54 
-111 -93 -82 -69 -54 
-102 -89 -83 -70 -54 
-100 -89 -82 -73 -54 
-94 -107 -95 -71 -54 
-89 -69 -82 -92 -54 
-85 -99 -110 -75 -54 
-84 -91 -102 -87 -54 
-81 -113 -112 -81 -54 
-79 -105 -83 -88 -54 
-64 -113 -118 -112 -54 
-123 -81 -64 -75 -55 
-111 -127 -61 -73 -55 
-118 -72 -90 -58 -55 
-106 -87 -79 -64 -55 
-115 -91 -72 -69 -55 
-90 -75 -72 -71 -55 
-111 -66 -80 -73 -55 
-101 -58 -75 -84 -55 
-84 -64 -90 -73 -55 
-99 -53 -76 -107 -55 
-108 -47 -107 -88 -55 
-111 -96 -64 -78 -55 
-97 -89 -116 -62 -55 
-100 -96 -98 -64 -55 
-101 -101 -97 -64 -55 
-103 -110 -75 -70 -55 
-93 -67 -76 -89 -55 
-91 -92 -65 -119 -55 
-89 -87 -75 -77 -55 
-81 -87 -86 -79 -55 
-83 -76 -81 -112 -55 
-79 -78 -108 -73 -55 
-68 -111 -112 -109 -55 
-71 -105 -126 -108 -55 
-128 -103 -94 -51 -56 
-116 -99 -65 -69 -56 
-116 -97 -61 -77 -56 
-116 -100 -76 -64 -56 
-117 -84 -105 -56 -56 
-106 -86 -80 -70 -56 
-105 -62 -66 -86 -56 
-117 -63 -99 -76 -56 
-103 -51 -70 -104 -56 
-103 -69 -111 -66 -56 
-109 -70 -106 -65 -56 
-100 -82 -92 -63 -56 
-102 -46 -106 -110 -56 
-108 -73 -83 -76 -56 
-106 -80 -105 -60 -56 
-105 -81 -87 -69 -56 
-104 -101 -70 -74 -56 
-102 -112 -69 -81 -56 
-104 -94 -106 -60 -56 
-104 -93 -82 -64 -56 
-103 -98 -80 -70 -56 
-93 -74 -68 -110 -56 
-94 -74 -72 -86 -56 
-92 -69 -73 -109 -56 
-91 -127 -68 -91 -56 
-88 -104 -82 -73 -56 
-80 -94 -75 -114 -56 
-84 -108 -76 -96 -56 
-66 -81 -93 -82 -56 
-78 -67 -91 -97 -56 
-77 -77 -116 -117 -56 
-65 -91 -118 -102 -56 
-115 -77 -83 -54 -57 
-106 -112 -61 -61 -57 
-112 -103 -74 -59 -57 
-125 -101 -75 -68 -57 
-101 -86 -78 -67 -57 
-109 -76 -66 -72 -57 
-116 -87 -65 -72 -57 
-90 -70 -88 -68 -57 
-94 -64 -76 -81 -57 
-97 -61 -62 -117 -57 
-98 -57 -100 -77 -57 
-105 -52 -80 -87 -57 
-104 -49 -92 -115 -57 
-101 -50 -90 -124 -57 
-100 -40 -127 -104 -57 
-115 -105 -64 -75 -57 
-112 -73 -95 -65 -57 
-100 -82 -85 -60 -57 
-87 -80 -84 -70 -57 
-108 -77 -85 -63 -57 
-106 -96 -101 -59 -57 
-90 -80 -85 -68 -57 
-96 -67 -67 -106 -57 
-92 -102 -76 -70 -57 
-93 -103 -80 -69 -57 
-90 -58 -81 -95 -57 
-98 -98 -87 -65 -57 
-98 -76 -105 -66 -57 
-97 -78 -63 -110 -57 
-93 -82 -71 -104 -57 
-89 -70 -78 -92 -57 
-87 -98 -73 -112 -57 
-82 -65 -85 -94 -57 
-82 -76 -78 -105 -57 
-70 -79 -87 -79 -57 
-84 -76 -84 -103 -57 
-81 -107 -92 -77 -57 
-81 -75 -122 -90 -57 
-80 -76 -143 -87 -57 