#Solver type:
nMOCO-S
#Solver status:
AbortTimeLimit
#Number of nondominated points:
377
#Number of models solved:
5050
#Elapsed time (seconds):
620.164
#Incumbent ideal point:
-62 -55 -85 -75 -33 
#Incumbent nadir point:
-152 -156 -153 -159 -57 
#The set of nondominated points:
-127 -128 -115 -132 -33 
-98 -113 -114 -143 -34 
-140 -127 -120 -127 -35 
-105 -104 -112 -139 -35 
-135 -133 -119 -112 -36 
-146 -118 -123 -112 -36 
-111 -112 -119 -138 -36 
-97 -112 -126 -137 -36 
-129 -139 -122 -106 -37 
-106 -118 -118 -123 -37 
-118 -103 -117 -134 -37 
-101 -101 -133 -129 -37 
-117 -103 -122 -123 -37 
-113 -109 -116 -119 -38 
-148 -132 -124 -107 -38 
-100 -124 -121 -117 -38 
-124 -94 -120 -119 -38 
-82 -78 -115 -145 -38 
-110 -111 -131 -132 -38 
-101 -106 -109 -121 -39 
-148 -136 -128 -106 -39 
-107 -115 -119 -113 -39 
-133 -119 -128 -108 -39 
-116 -102 -134 -117 -39 
-114 -100 -138 -124 -39 
-116 -140 -127 -102 -40 
-120 -91 -141 -109 -40 
-109 -106 -137 -109 -40 
-126 -108 -121 -114 -40 
-115 -95 -118 -134 -40 
-95 -77 -120 -140 -40 
-99 -123 -133 -111 -40 
-114 -105 -114 -116 -41 
-103 -112 -140 -103 -41 
-145 -124 -125 -107 -41 
-126 -112 -125 -113 -41 
-90 -83 -119 -125 -41 
-101 -68 -123 -125 -41 
-122 -139 -125 -107 -41 
-84 -104 -112 -151 -41 
-119 -111 -113 -109 -42 
-123 -122 -134 -105 -42 
-152 -117 -131 -108 -42 
-122 -105 -142 -104 -42 
-114 -109 -118 -115 -42 
-84 -89 -122 -119 -42 
-125 -120 -132 -98 -43 
-127 -111 -108 -146 -43 
-136 -105 -136 -98 -43 
-123 -100 -122 -114 -43 
-105 -97 -118 -122 -43 
-117 -95 -117 -120 -43 
-103 -82 -124 -120 -43 
-111 -124 -127 -107 -43 
-122 -109 -146 -103 -43 
-106 -107 -142 -113 -43 
-119 -126 -135 -92 -44 
-128 -146 -121 -107 -44 
-97 -87 -110 -116 -44 
-108 -120 -105 -135 -44 
-108 -117 -104 -139 -44 
-101 -98 -131 -112 -44 
-148 -109 -119 -111 -44 
-103 -86 -128 -119 -44 
-100 -112 -121 -111 -44 
-106 -118 -108 -147 -44 
-92 -109 -116 -131 -44 
-88 -124 -117 -132 -44 
-87 -84 -124 -129 -44 
-106 -112 -118 -105 -45 
-88 -112 -98 -131 -45 
-109 -125 -92 -128 -45 
-138 -119 -137 -93 -45 
-103 -96 -129 -105 -45 
-105 -96 -107 -131 -45 
-114 -81 -133 -105 -45 
-110 -86 -108 -148 -45 
-117 -74 -120 -145 -45 
-103 -132 -107 -128 -45 
-91 -105 -151 -113 -45 
-86 -115 -119 -125 -45 
-113 -102 -122 -102 -46 
-116 -122 -113 -104 -46 
-138 -123 -141 -92 -46 
-87 -97 -107 -129 -46 
-107 -97 -117 -108 -46 
-97 -102 -132 -99 -46 
-123 -106 -141 -94 -46 
-114 -112 -146 -93 -46 
-102 -97 -106 -142 -46 
-126 -85 -116 -118 -46 
-94 -73 -111 -126 -46 
-103 -146 -116 -112 -46 
-72 -82 -133 -129 -46 
-89 -81 -126 -135 -46 
-77 -101 -127 -136 -46 
-108 -117 -125 -91 -47 
-106 -127 -140 -88 -47 
-87 -89 -110 -104 -47 
-119 -124 -97 -110 -47 
-87 -101 -89 -135 -47 
-116 -122 -108 -119 -47 
-101 -111 -103 -126 -47 
-110 -117 -103 -125 -47 
-120 -112 -100 -126 -47 
-91 -100 -131 -100 -47 
-78 -91 -104 -134 -47 
-116 -95 -134 -100 -47 
-102 -60 -139 -130 -47 
-106 -86 -122 -124 -47 
-95 -144 -109 -120 -47 
-106 -82 -139 -117 -47 
-73 -81 -117 -134 -47 
-89 -80 -121 -135 -47 
-82 -102 -125 -130 -47 
-114 -116 -123 -96 -48 
-136 -131 -102 -99 -48 
-109 -89 -104 -121 -48 
-121 -114 -107 -119 -48 
-135 -111 -138 -93 -48 
-125 -101 -127 -96 -48 
-116 -99 -138 -99 -48 
-124 -86 -115 -111 -48 
-92 -82 -105 -141 -48 
-112 -86 -107 -134 -48 
-107 -72 -116 -121 -48 
-109 -71 -114 -129 -48 
-115 -127 -103 -115 -48 
-108 -86 -110 -137 -48 
-101 -143 -107 -125 -48 
-91 -79 -139 -129 -48 
-102 -78 -115 -106 -49 
-97 -100 -94 -117 -49 
-103 -123 -118 -100 -49 
-111 -127 -116 -103 -49 
-104 -104 -107 -110 -49 
-107 -116 -101 -110 -49 
-133 -110 -149 -93 -49 
-142 -104 -144 -94 -49 
-92 -78 -100 -130 -49 
-84 -83 -99 -145 -49 
-128 -84 -110 -119 -49 
-113 -63 -119 -106 -49 
-101 -73 -108 -139 -49 
-103 -59 -119 -124 -49 
-97 -116 -127 -101 -49 
-108 -71 -134 -115 -49 
-91 -90 -109 -129 -49 
-97 -72 -120 -138 -49 
-97 -86 -130 -115 -49 
-96 -84 -129 -122 -49 
-90 -132 -104 -124 -49 
-86 -80 -122 -129 -49 
-83 -96 -121 -120 -49 
-114 -107 -99 -106 -50 
-111 -123 -146 -88 -50 
-96 -84 -118 -100 -50 
-133 -114 -153 -92 -50 
-142 -108 -148 -93 -50 
-121 -102 -109 -108 -50 
-106 -82 -114 -116 -50 
-112 -65 -110 -159 -50 
-132 -137 -106 -104 -50 
-106 -125 -102 -106 -50 
-92 -71 -125 -114 -50 
-86 -80 -118 -118 -50 
-93 -86 -126 -113 -50 
-95 -84 -131 -108 -50 
-81 -86 -121 -114 -50 
-84 -94 -107 -133 -50 
-91 -78 -133 -115 -50 
-85 -95 -143 -109 -50 
-86 -103 -116 -120 -50 
-79 -105 -128 -116 -50 
-79 -112 -121 -123 -50 
-118 -139 -122 -94 -51 
-114 -122 -113 -97 -51 
-102 -104 -92 -108 -51 
-106 -124 -94 -106 -51 
-117 -94 -108 -101 -51 
-129 -119 -111 -99 -51 
-131 -106 -115 -99 -51 
-116 -107 -138 -95 -51 
-128 -107 -148 -93 -51 
-111 -89 -103 -107 -51 
-90 -99 -134 -97 -51 
-138 -96 -132 -97 -51 
-85 -98 -99 -119 -51 
-97 -88 -96 -156 -51 
-105 -90 -101 -120 -51 
-94 -82 -104 -127 -51 
-100 -87 -109 -121 -51 
-115 -77 -120 -101 -51 
-105 -75 -103 -134 -51 
-119 -86 -113 -119 -51 
-110 -135 -115 -102 -51 
-97 -111 -107 -107 -51 
-75 -82 -121 -114 -51 
-93 -118 -107 -115 -51 
-87 -90 -107 -138 -51 
-75 -92 -124 -108 -51 
-86 -123 -120 -117 -51 
-79 -109 -110 -122 -51 
-81 -87 -109 -145 -51 
-74 -115 -115 -140 -51 
-112 -109 -111 -90 -52 
-120 -146 -126 -88 -52 
-91 -81 -96 -103 -52 
-115 -120 -105 -102 -52 
-110 -104 -120 -96 -52 
-95 -92 -117 -99 -52 
-97 -92 -95 -130 -52 
-115 -81 -124 -100 -52 
-99 -78 -106 -115 -52 
-120 -80 -112 -113 -52 
-99 -118 -111 -101 -52 
-106 -135 -127 -95 -52 
-84 -117 -132 -97 -52 
-96 -67 -123 -141 -52 
-94 -105 -92 -120 -52 
-99 -79 -120 -110 -52 
-96 -69 -137 -131 -52 
-83 -74 -123 -135 -52 
-77 -88 -142 -113 -52 
-85 -82 -116 -133 -52 
-83 -115 -123 -109 -52 
-74 -103 -96 -139 -52 
-78 -124 -120 -129 -52 
-147 -133 -113 -84 -53 
-123 -137 -108 -94 -53 
-84 -100 -91 -113 -53 
-103 -89 -135 -88 -53 
-136 -130 -102 -101 -53 
-97 -84 -130 -94 -53 
-124 -107 -129 -91 -53 
-118 -102 -124 -97 -53 
-108 -99 -94 -138 -53 
-99 -83 -137 -95 -53 
-111 -68 -106 -132 -53 
-116 -72 -129 -104 -53 
-109 -139 -110 -101 -53 
-115 -95 -115 -102 -53 
-93 -133 -129 -98 -53 
-90 -116 -130 -102 -53 
-81 -76 -119 -140 -53 
-89 -79 -105 -147 -53 
-87 -117 -125 -103 -53 
-83 -82 -96 -115 -53 
-74 -97 -105 -126 -53 
-71 -89 -132 -130 -53 
-98 -104 -138 -77 -54 
-112 -114 -112 -89 -54 
-93 -125 -99 -102 -54 
-114 -105 -86 -130 -54 
-127 -112 -90 -128 -54 
-128 -119 -110 -97 -54 
-117 -126 -136 -84 -54 
-98 -94 -117 -93 -54 
-94 -94 -95 -117 -54 
-96 -91 -92 -129 -54 
-99 -93 -128 -98 -54 
-113 -80 -107 -114 -54 
-95 -77 -103 -122 -54 
-84 -77 -129 -110 -54 
-98 -116 -114 -96 -54 
-96 -63 -140 -125 -54 
-96 -129 -138 -90 -54 
-91 -156 -130 -96 -54 
-90 -75 -113 -145 -54 
-86 -78 -104 -150 -54 
-79 -73 -131 -131 -54 
-82 -91 -100 -113 -54 
-89 -111 -139 -103 -54 
-83 -113 -110 -111 -54 
-86 -102 -121 -109 -54 
-84 -144 -111 -110 -54 
-78 -111 -137 -107 -54 
-76 -80 -124 -127 -54 
-76 -101 -91 -125 -54 
-81 -79 -137 -123 -54 
-72 -88 -114 -126 -54 
-77 -82 -113 -139 -54 
-80 -112 -112 -121 -54 
-80 -110 -109 -124 -54 
-76 -120 -115 -124 -54 
-70 -107 -123 -137 -54 
-104 -103 -136 -82 -55 
-125 -109 -110 -91 -55 
-87 -113 -90 -127 -55 
-98 -116 -88 -127 -55 
-109 -108 -85 -142 -55 
-126 -118 -115 -85 -55 
-117 -118 -107 -101 -55 
-107 -84 -124 -90 -55 
-131 -107 -114 -90 -55 
-121 -105 -116 -100 -55 
-115 -88 -140 -82 -55 
-108 -93 -91 -125 -55 
-89 -80 -106 -103 -55 
-97 -78 -112 -112 -55 
-99 -76 -117 -107 -55 
-110 -77 -113 -119 -55 
-101 -75 -117 -116 -55 
-110 -68 -112 -128 -55 
-114 -55 -135 -111 -55 
-91 -116 -108 -102 -55 
-82 -105 -116 -101 -55 
-89 -110 -87 -139 -55 
-95 -70 -119 -114 -55 
-109 -63 -150 -120 -55 
-104 -115 -112 -101 -55 
-93 -70 -116 -135 -55 
-88 -69 -115 -146 -55 
-101 -125 -127 -90 -55 
-103 -92 -129 -96 -55 
-87 -94 -95 -118 -55 
-91 -79 -127 -115 -55 
-78 -87 -112 -131 -55 
-77 -106 -120 -106 -55 
-81 -130 -134 -101 -55 
-79 -98 -102 -133 -55 
-64 -93 -108 -129 -55 
-70 -88 -121 -119 -55 
-63 -85 -135 -118 -55 
-72 -136 -128 -114 -55 
-129 -141 -133 -79 -56 
-113 -106 -103 -93 -56 
-117 -126 -105 -91 -56 
-133 -111 -97 -98 -56 
-105 -103 -85 -121 -56 
-128 -96 -119 -86 -56 
-131 -111 -118 -89 -56 
-124 -107 -99 -102 -56 
-122 -91 -114 -92 -56 
-99 -84 -112 -94 -56 
-102 -103 -92 -110 -56 
-105 -88 -87 -135 -56 
-100 -81 -91 -134 -56 
-104 -77 -101 -122 -56 
-100 -66 -93 -148 -56 
-121 -66 -110 -110 -56 
-114 -75 -108 -127 -56 
-98 -68 -101 -139 -56 
-131 -119 -99 -100 -56 
-117 -142 -97 -100 -56 
-128 -127 -101 -100 -56 
-121 -137 -126 -87 -56 
-119 -73 -110 -112 -56 
-109 -71 -112 -122 -56 
-108 -69 -113 -127 -56 
-104 -55 -139 -128 -56 
-108 -129 -110 -101 -56 
-103 -74 -135 -110 -56 
-93 -63 -141 -119 -56 
-108 -113 -118 -92 -56 
-99 -96 -91 -125 -56 
-103 -96 -90 -137 -56 
-99 -116 -136 -90 -56 
-94 -91 -120 -96 -56 
-90 -105 -144 -89 -56 
-89 -79 -112 -124 -56 
-90 -100 -128 -97 -56 
-89 -76 -118 -136 -56 
-82 -109 -98 -107 -56 
-68 -76 -114 -147 -56 
-82 -102 -109 -106 -56 
-79 -79 -125 -130 -56 
-68 -89 -126 -106 -56 
-82 -100 -115 -108 -56 
-73 -75 -127 -143 -56 
-80 -95 -120 -121 -56 
-72 -116 -107 -130 -56 
-66 -111 -117 -126 -56 
-62 -89 -121 -131 -56 
-123 -111 -122 -75 -57 
-102 -83 -107 -88 -57 
-102 -99 -99 -97 -57 
