#Solver type:
nMOCO-S
#Solver status:
AbortTimeLimit
#Number of nondominated points:
396
#Number of models solved:
5763
#Elapsed time (seconds):
600.199
#Incumbent ideal point:
-58 -56 -34 -41 -33 
#Incumbent nadir point:
-152 -121 -140 -147 -67 
#The set of nondominated points:
-113 -86 -95 -84 -33 
-115 -88 -85 -125 -33 
-100 -80 -131 -83 -36 
-97 -96 -96 -109 -37 
-122 -87 -85 -128 -38 
-120 -85 -95 -87 -38 
-120 -77 -119 -101 -38 
-104 -91 -115 -89 -38 
-106 -93 -105 -130 -38 
-129 -102 -85 -97 -39 
-117 -93 -84 -127 -39 
-131 -104 -75 -138 -39 
-115 -66 -114 -93 -39 
-99 -92 -98 -103 -39 
-122 -80 -120 -70 -40 
-112 -82 -79 -119 -40 
-126 -110 -74 -137 -40 
-124 -82 -110 -111 -40 
-144 -81 -119 -61 -41 
-121 -83 -104 -81 -41 
-115 -100 -93 -91 -41 
-112 -79 -95 -103 -41 
-103 -67 -125 -88 -41 
-114 -78 -81 -113 -42 
-128 -75 -100 -117 -42 
-100 -83 -90 -114 -42 
-96 -110 -109 -125 -42 
-129 -82 -109 -61 -43 
-131 -84 -99 -102 -43 
-132 -79 -118 -63 -43 
-123 -64 -95 -109 -43 
-103 -91 -125 -71 -43 
-102 -83 -96 -77 -44 
-111 -100 -85 -81 -44 
-102 -79 -92 -108 -44 
-132 -99 -94 -106 -44 
-130 -78 -101 -86 -44 
-108 -78 -98 -108 -44 
-104 -85 -86 -118 -44 
-141 -87 -80 -76 -45 
-112 -105 -77 -87 -45 
-114 -107 -67 -128 -45 
-143 -89 -70 -117 -45 
-152 -79 -100 -77 -45 
-137 -81 -115 -65 -45 
-138 -73 -118 -67 -45 
-115 -77 -112 -102 -45 
-87 -106 -104 -79 -45 
-99 -110 -94 -116 -45 
-96 -111 -91 -147 -45 
-94 -93 -115 -115 -45 
-105 -77 -65 -115 -46 
-119 -78 -95 -106 -46 
-135 -89 -83 -93 -46 
-91 -80 -122 -83 -46 
-96 -95 -113 -99 -46 
-129 -82 -103 -66 -47 
-135 -95 -100 -64 -47 
-144 -106 -73 -103 -47 
-137 -80 -90 -77 -47 
-140 -77 -99 -79 -47 
-117 -73 -76 -121 -47 
-126 -95 -82 -96 -47 
-131 -84 -93 -107 -47 
-117 -80 -112 -100 -47 
-107 -80 -114 -95 -47 
-98 -94 -121 -80 -47 
-97 -95 -113 -89 -47 
-99 -97 -92 -124 -47 
-98 -107 -93 -141 -47 
-97 -94 -102 -137 -47 
-103 -70 -98 -66 -48 
-137 -85 -85 -87 -48 
-103 -65 -123 -74 -48 
-130 -69 -113 -73 -48 
-124 -69 -107 -91 -48 
-95 -110 -86 -106 -48 
-77 -79 -114 -76 -48 
-99 -99 -113 -86 -48 
-95 -91 -106 -89 -48 
-97 -93 -96 -130 -48 
-74 -100 -140 -78 -48 
-134 -87 -76 -80 -49 
-100 -86 -63 -92 -49 
-106 -75 -83 -107 -49 
-111 -79 -82 -109 -49 
-100 -81 -88 -100 -49 
-145 -79 -96 -81 -49 
-106 -66 -105 -93 -49 
-127 -81 -96 -88 -49 
-102 -77 -107 -94 -49 
-74 -95 -79 -102 -49 
-92 -108 -101 -94 -49 
-96 -115 -78 -112 -49 
-71 -116 -105 -104 -49 
-109 -103 -53 -102 -50 
-130 -102 -62 -127 -50 
-122 -66 -97 -105 -50 
-124 -72 -81 -121 -50 
-115 -60 -100 -92 -50 
-94 -105 -104 -82 -50 
-97 -80 -109 -120 -50 
-97 -106 -88 -100 -50 
-93 -113 -93 -100 -50 
-128 -95 -96 -68 -51 
-102 -82 -65 -86 -51 
-100 -95 -62 -97 -51 
-135 -81 -110 -61 -51 
-123 -81 -74 -111 -51 
-102 -77 -90 -94 -51 
-94 -67 -116 -88 -51 
-88 -82 -101 -82 -51 
-97 -75 -113 -92 -51 
-96 -82 -85 -120 -51 
-76 -91 -81 -96 -51 
-98 -88 -100 -100 -51 
-73 -112 -107 -98 -51 
-111 -101 -61 -122 -52 
-124 -88 -96 -73 -52 
-111 -68 -79 -82 -52 
-95 -77 -73 -95 -52 
-111 -63 -104 -90 -52 
-138 -67 -94 -89 -52 
-132 -67 -88 -107 -52 
-119 -97 -94 -78 -52 
-126 -87 -109 -64 -52 
-96 -100 -129 -65 -52 
-104 -97 -94 -84 -52 
-101 -76 -96 -96 -52 
-90 -84 -82 -95 -52 
-124 -84 -119 -57 -53 
-118 -101 -128 -56 -53 
-120 -82 -100 -61 -53 
-124 -91 -83 -72 -53 
-149 -100 -54 -121 -53 
-112 -85 -64 -123 -53 
-123 -79 -109 -63 -53 
-114 -72 -67 -112 -53 
-123 -67 -114 -69 -53 
-131 -68 -110 -80 -53 
-94 -91 -116 -71 -53 
-95 -103 -113 -76 -53 
-98 -82 -109 -78 -53 
-93 -80 -112 -113 -53 
-97 -98 -86 -67 -54 
-112 -106 -75 -73 -54 
-112 -67 -114 -63 -54 
-130 -64 -78 -121 -54 
-123 -58 -81 -108 -54 
-113 -74 -74 -112 -54 
-102 -74 -84 -121 -54 
-99 -102 -72 -117 -54 
-71 -107 -102 -77 -54 
-91 -80 -90 -97 -54 
-82 -88 -105 -86 -54 
-116 -75 -94 -68 -55 
-129 -82 -87 -81 -55 
-128 -81 -106 -65 -55 
-99 -61 -91 -89 -55 
-106 -99 -127 -58 -55 
-100 -97 -86 -74 -55 
-106 -115 -76 -77 -55 
-79 -104 -70 -112 -55 
-97 -75 -99 -101 -55 
-90 -84 -110 -78 -55 
-87 -83 -108 -127 -55 
-105 -77 -60 -94 -56 
-93 -85 -57 -109 -56 
-97 -58 -101 -82 -56 
-101 -102 -78 -80 -56 
-105 -72 -85 -102 -56 
-76 -103 -105 -72 -56 
-95 -81 -101 -85 -56 
-94 -78 -107 -112 -56 
-81 -103 -78 -110 -56 
-79 -93 -112 -83 -56 
-119 -87 -104 -57 -57 
-121 -90 -80 -72 -57 
-139 -101 -71 -79 -57 
-118 -80 -79 -77 -57 
-103 -91 -55 -112 -57 
-98 -76 -85 -78 -57 
-102 -76 -73 -98 -57 
-122 -69 -71 -117 -57 
-100 -66 -107 -71 -57 
-131 -65 -95 -85 -57 
-111 -101 -124 -60 -57 
-112 -93 -127 -62 -57 
-98 -74 -87 -114 -57 
-93 -96 -120 -67 -57 
-81 -100 -72 -106 -57 
-92 -76 -95 -95 -57 
-80 -87 -81 -102 -57 
-92 -107 -71 -109 -57 
-86 -82 -93 -100 -57 
-89 -94 -112 -80 -57 
-80 -86 -101 -90 -57 
-76 -109 -77 -109 -57 
-71 -92 -98 -108 -57 
-68 -113 -124 -110 -57 
-110 -89 -92 -61 -58 
-94 -70 -89 -66 -58 
-94 -79 -67 -80 -58 
-104 -96 -47 -118 -58 
-133 -78 -50 -107 -58 
-122 -87 -86 -72 -58 
-144 -70 -70 -108 -58 
-117 -67 -62 -120 -58 
-120 -65 -95 -79 -58 
-94 -65 -114 -74 -58 
-84 -98 -108 -71 -58 
-73 -94 -96 -92 -58 
-68 -79 -105 -76 -58 
-79 -97 -74 -110 -58 
-65 -100 -131 -78 -58 
-122 -94 -102 -56 -59 
-115 -98 -100 -60 -59 
-142 -79 -99 -57 -59 
-119 -106 -82 -71 -59 
-103 -87 -79 -76 -59 
-109 -66 -95 -63 -59 
-110 -70 -81 -78 -59 
-139 -77 -123 -59 -59 
-112 -76 -65 -94 -59 
-96 -70 -68 -102 -59 
-110 -66 -87 -104 -59 
-109 -115 -109 -59 -59 
-103 -102 -112 -61 -59 
-92 -77 -83 -128 -59 
-92 -110 -97 -79 -59 
-93 -105 -96 -86 -59 
-93 -114 -91 -86 -59 
-84 -79 -97 -88 -59 
-83 -75 -111 -73 -59 
-92 -70 -118 -94 -59 
-136 -95 -118 -53 -60 
-132 -101 -66 -77 -60 
-106 -82 -60 -89 -60 
-139 -92 -127 -55 -60 
-99 -78 -74 -91 -60 
-129 -71 -60 -108 -60 
-121 -73 -73 -97 -60 
-106 -69 -69 -106 -60 
-132 -68 -69 -110 -60 
-105 -56 -82 -98 -60 
-103 -68 -92 -86 -60 
-103 -74 -82 -92 -60 
-108 -82 -126 -63 -60 
-101 -85 -66 -107 -60 
-94 -71 -88 -109 -60 
-93 -83 -85 -91 -60 
-80 -91 -76 -99 -60 
-77 -85 -132 -69 -60 
-93 -74 -104 -89 -60 
-91 -74 -108 -87 -60 
-76 -116 -93 -87 -60 
-67 -92 -101 -101 -60 
-64 -113 -127 -103 -60 
-136 -79 -121 -52 -61 
-133 -106 -58 -83 -61 
-115 -99 -50 -99 -61 
-126 -95 -59 -104 -61 
-127 -85 -85 -73 -61 
-115 -76 -55 -112 -61 
-108 -64 -88 -87 -61 
-124 -66 -67 -120 -61 
-108 -107 -85 -75 -61 
-90 -97 -80 -84 -61 
-89 -91 -76 -95 -61 
-86 -85 -76 -107 -61 
-87 -80 -91 -100 -61 
-84 -90 -77 -114 -61 
-114 -102 -89 -63 -62 
-126 -109 -86 -65 -62 
-119 -93 -47 -87 -62 
-126 -78 -46 -111 -62 
-108 -78 -62 -83 -62 
-106 -91 -59 -94 -62 
-114 -77 -68 -84 -62 
-137 -70 -66 -112 -62 
-119 -72 -66 -119 -62 
-84 -73 -87 -93 -62 
-87 -100 -120 -65 -62 
-89 -92 -63 -90 -62 
-77 -79 -102 -75 -62 
-82 -87 -78 -93 -62 
-88 -86 -84 -94 -62 
-91 -82 -85 -114 -62 
-73 -121 -100 -84 -62 
-83 -73 -95 -95 -62 
-79 -84 -101 -91 -62 
-61 -95 -97 -115 -62 
-70 -100 -102 -96 -62 
-58 -116 -123 -117 -62 
-119 -99 -109 -47 -63 
-119 -100 -63 -71 -63 
-139 -85 -60 -72 -63 
-102 -80 -59 -106 -63 
-116 -83 -86 -74 -63 
-150 -77 -80 -73 -63 
-117 -64 -76 -79 -63 
-84 -74 -74 -88 -63 
-101 -73 -70 -92 -63 
-118 -68 -62 -94 -63 
-139 -67 -71 -119 -63 
-107 -58 -100 -86 -63 
-116 -86 -101 -62 -63 
-93 -108 -125 -57 -63 
-109 -101 -119 -56 -63 
-100 -96 -56 -89 -63 
-114 -96 -113 -59 -63 
-102 -115 -105 -63 -63 
-100 -93 -56 -117 -63 
-89 -82 -100 -78 -63 
-90 -95 -117 -72 -63 
-74 -74 -96 -85 -63 
-85 -84 -87 -85 -63 
-86 -97 -70 -109 -63 
-79 -81 -83 -88 -63 
-75 -87 -83 -93 -63 
-70 -102 -94 -115 -63 
-107 -82 -104 -53 -64 
-123 -78 -58 -87 -64 
-99 -65 -63 -110 -64 
-111 -66 -73 -102 -64 
-137 -88 -78 -75 -64 
-113 -101 -67 -75 -64 
-105 -75 -85 -80 -64 
-100 -107 -118 -59 -64 
-81 -91 -120 -63 -64 
-92 -104 -83 -79 -64 
-95 -99 -55 -116 -64 
-101 -82 -66 -106 -64 
-87 -88 -104 -70 -64 
-91 -104 -114 -69 -64 
-91 -74 -115 -80 -64 
-89 -107 -99 -81 -64 
-87 -110 -83 -85 -64 
-86 -95 -73 -119 -64 
-73 -88 -96 -86 -64 
-113 -108 -83 -59 -65 
-105 -77 -72 -70 -65 
-133 -93 -80 -60 -65 
-130 -108 -45 -117 -65 
-142 -71 -89 -62 -65 
-129 -79 -117 -56 -65 
-108 -61 -109 -81 -65 
-110 -81 -104 -60 -65 
-98 -104 -128 -52 -65 
-102 -73 -69 -99 -65 
-107 -67 -83 -95 -65 
-87 -69 -83 -83 -65 
-104 -78 -109 -64 -65 
-97 -99 -118 -58 -65 
-88 -90 -113 -65 -65 
-97 -87 -123 -64 -65 
-95 -96 -60 -98 -65 
-92 -68 -107 -79 -65 
-87 -117 -99 -69 -65 
-87 -86 -94 -77 -65 
-75 -112 -92 -76 -65 
-82 -70 -115 -68 -65 
-92 -78 -95 -81 -65 
-84 -104 -69 -96 -65 
-87 -100 -65 -125 -65 
-88 -93 -72 -103 -65 
-80 -77 -91 -90 -65 
-142 -83 -117 -46 -66 
-139 -89 -84 -56 -66 
-130 -104 -34 -98 -66 
-151 -103 -43 -123 -66 
-116 -82 -53 -103 -66 
-142 -86 -93 -58 -66 
-110 -67 -110 -57 -66 
-111 -73 -81 -77 -66 
-85 -66 -93 -76 -66 
-88 -67 -70 -96 -66 
-127 -63 -129 -78 -66 
-110 -120 -66 -76 -66 
-97 -75 -81 -86 -66 
-86 -87 -123 -58 -66 
-92 -73 -91 -72 -66 
-85 -100 -67 -109 -66 
-82 -100 -73 -102 -66 
-76 -85 -92 -87 -66 
-79 -86 -80 -94 -66 
-77 -83 -90 -107 -66 
-70 -93 -103 -83 -66 
-70 -99 -92 -108 -66 
-66 -82 -107 -82 -66 
-61 -109 -105 -102 -66 
-132 -90 -115 -41 -67 
-116 -105 -70 -62 -67 
-121 -96 -43 -93 -67 
-138 -83 -59 -86 -67 
-130 -66 -112 -52 -67 