#Solver type:
nMOCO-S
#Solver status:
AbortTimeLimit
#Number of nondominated points:
390
#Number of models solved:
5139
#Elapsed time (seconds):
619.934
#Incumbent ideal point:
-48 -50 -50 -38 -35 
#Incumbent nadir point:
-146 -140 -130 -135 -62 
#The set of nondominated points:
-111 -110 -84 -111 -35 
-125 -89 -84 -86 -36 
-101 -101 -96 -87 -36 
-101 -101 -106 -69 -37 
-111 -95 -88 -108 -37 
-117 -119 -81 -95 -38 
-103 -105 -89 -88 -38 
-87 -107 -110 -91 -38 
-103 -105 -99 -70 -39 
-107 -110 -93 -71 -39 
-116 -88 -91 -119 -40 
-111 -108 -87 -107 -40 
-89 -111 -103 -92 -40 
-118 -88 -79 -79 -41 
-109 -114 -86 -72 -41 
-125 -87 -87 -82 -41 
-104 -109 -89 -86 -41 
-122 -99 -109 -67 -42 
-107 -115 -68 -88 -42 
-121 -81 -90 -91 -42 
-114 -76 -90 -112 -42 
-117 -83 -94 -95 -42 
-111 -93 -91 -104 -42 
-113 -90 -119 -92 -42 
-112 -87 -93 -114 -42 
-94 -107 -103 -79 -42 
-101 -106 -103 -85 -42 
-97 -106 -80 -64 -43 
-93 -95 -116 -78 -43 
-90 -69 -105 -122 -43 
-107 -102 -80 -111 -43 
-104 -101 -95 -100 -43 
-112 -87 -103 -96 -43 
-100 -82 -94 -134 -43 
-111 -79 -92 -58 -44 
-97 -101 -73 -102 -44 
-90 -69 -115 -104 -44 
-96 -102 -87 -81 -44 
-107 -88 -87 -104 -44 
-97 -93 -92 -87 -44 
-96 -111 -96 -80 -44 
-80 -113 -117 -83 -44 
-87 -112 -117 -89 -44 
-99 -110 -73 -65 -45 
-87 -92 -85 -78 -45 
-97 -74 -95 -96 -45 
-97 -85 -96 -80 -45 
-76 -75 -119 -126 -45 
-83 -95 -105 -103 -45 
-113 -83 -85 -59 -46 
-139 -86 -82 -77 -46 
-102 -100 -78 -123 -46 
-129 -84 -83 -113 -46 
-87 -73 -88 -87 -46 
-92 -69 -99 -103 -46 
-117 -94 -82 -97 -46 
-73 -94 -98 -94 -46 
-82 -117 -110 -84 -46 
-107 -113 -71 -84 -47 
-89 -96 -78 -79 -47 
-103 -69 -79 -124 -47 
-107 -75 -85 -105 -47 
-92 -69 -109 -85 -47 
-108 -100 -91 -77 -47 
-99 -89 -89 -81 -47 
-107 -85 -94 -73 -47 
-103 -115 -71 -114 -47 
-118 -104 -83 -62 -48 
-99 -110 -70 -98 -48 
-96 -95 -69 -123 -48 
-114 -87 -75 -75 -48 
-99 -74 -89 -77 -48 
-115 -70 -93 -88 -48 
-110 -68 -96 -117 -48 
-88 -92 -77 -109 -48 
-95 -101 -94 -75 -48 
-96 -102 -74 -114 -48 
-92 -91 -100 -81 -48 
-85 -95 -99 -84 -48 
-78 -75 -113 -107 -48 
-84 -88 -105 -123 -48 
-97 -99 -76 -98 -49 
-132 -77 -95 -56 -49 
-86 -94 -62 -114 -49 
-103 -96 -79 -71 -49 
-89 -73 -82 -68 -49 
-102 -71 -77 -84 -49 
-98 -67 -105 -98 -49 
-103 -61 -115 -112 -49 
-103 -100 -75 -111 -49 
-86 -86 -81 -99 -49 
-75 -94 -92 -75 -49 
-78 -83 -89 -85 -49 
-86 -93 -86 -90 -49 
-83 -75 -112 -114 -49 
-76 -84 -123 -111 -49 
-71 -94 -109 -85 -49 
-120 -108 -76 -63 -50 
-76 -85 -74 -90 -50 
-96 -80 -73 -120 -50 
-142 -81 -74 -94 -50 
-103 -73 -102 -67 -50 
-100 -66 -98 -84 -50 
-89 -118 -109 -60 -50 
-78 -83 -99 -67 -50 
-82 -63 -125 -113 -50 
-88 -77 -81 -106 -50 
-98 -67 -99 -100 -50 
-86 -68 -101 -118 -50 
-96 -117 -109 -66 -50 
-84 -73 -109 -120 -50 
-71 -94 -119 -67 -50 
-72 -95 -99 -106 -50 
-134 -81 -88 -57 -51 
-86 -79 -66 -111 -51 
-106 -68 -96 -97 -51 
-102 -93 -110 -66 -51 
-85 -70 -96 -116 -51 
-78 -72 -105 -102 -51 
-89 -68 -105 -105 -51 
-86 -72 -102 -106 -51 
-80 -87 -82 -86 -51 
-84 -73 -103 -122 -51 
-64 -89 -103 -89 -51 
-69 -81 -126 -118 -51 
-76 -80 -126 -124 -51 
-72 -92 -95 -103 -51 
-75 -90 -94 -119 -51 
-57 -100 -123 -89 -51 
-78 -89 -67 -91 -52 
-96 -68 -74 -117 -52 
-100 -67 -99 -79 -52 
-102 -70 -91 -85 -52 
-89 -69 -94 -94 -52 
-107 -61 -92 -113 -52 
-103 -67 -82 -120 -52 
-105 -61 -109 -93 -52 
-101 -62 -116 -92 -52 
-97 -82 -91 -65 -52 
-110 -94 -81 -77 -52 
-91 -122 -102 -61 -52 
-79 -67 -98 -96 -52 
-78 -113 -75 -80 -52 
-80 -87 -92 -68 -52 
-77 -78 -86 -96 -52 
-85 -75 -106 -95 -52 
-77 -103 -106 -69 -52 
-62 -91 -88 -94 -52 
-65 -88 -108 -103 -52 
-111 -97 -87 -54 -53 
-94 -92 -64 -94 -53 
-135 -85 -78 -73 -53 
-93 -79 -76 -95 -53 
-124 -80 -74 -95 -53 
-120 -72 -92 -75 -53 
-83 -72 -84 -83 -53 
-100 -67 -93 -81 -53 
-116 -61 -89 -114 -53 
-84 -63 -119 -94 -53 
-88 -68 -95 -99 -53 
-93 -70 -84 -117 -53 
-88 -100 -89 -68 -53 
-77 -78 -96 -78 -53 
-86 -102 -90 -75 -53 
-85 -95 -63 -126 -53 
-75 -75 -98 -116 -53 
-73 -79 -105 -108 -53 
-68 -95 -79 -106 -53 
-66 -93 -96 -90 -53 
-74 -95 -93 -87 -53 
-100 -96 -102 -47 -54 
-96 -95 -74 -64 -54 
-95 -70 -72 -77 -54 
-80 -117 -68 -81 -54 
-84 -91 -57 -85 -54 
-107 -95 -102 -53 -54 
-107 -90 -108 -54 -54 
-84 -83 -76 -70 -54 
-110 -71 -85 -66 -54 
-91 -72 -69 -122 -54 
-108 -68 -90 -78 -54 
-104 -69 -97 -77 -54 
-102 -69 -80 -80 -54 
-99 -61 -95 -111 -54 
-104 -57 -99 -114 -54 
-101 -108 -90 -62 -54 
-99 -84 -105 -64 -54 
-91 -68 -99 -86 -54 
-94 -66 -106 -112 -54 
-75 -98 -96 -67 -54 
-87 -70 -90 -97 -54 
-89 -66 -106 -133 -54 
-79 -82 -79 -97 -54 
-76 -112 -85 -81 -54 
-81 -91 -82 -84 -54 
-80 -72 -99 -83 -54 
-82 -74 -88 -121 -54 
-63 -84 -100 -100 -54 
-71 -81 -120 -99 -54 
-64 -95 -81 -95 -54 
-68 -99 -80 -94 -54 
-75 -86 -75 -102 -54 
-63 -98 -98 -90 -54 
-74 -82 -69 -61 -55 
-113 -101 -80 -55 -55 
-135 -80 -69 -87 -55 
-146 -76 -70 -104 -55 
-104 -74 -107 -56 -55 
-111 -73 -107 -62 -55 
-111 -68 -113 -63 -55 
-91 -69 -88 -75 -55 
-103 -62 -110 -73 -55 
-106 -66 -75 -103 -55 
-81 -67 -92 -77 -55 
-89 -59 -87 -96 -55 
-98 -63 -83 -89 -55 
-105 -56 -96 -92 -55 
-109 -61 -86 -94 -55 
-99 -81 -102 -65 -55 
-75 -98 -106 -49 -55 
-94 -65 -87 -93 -55 
-89 -69 -86 -112 -55 
-68 -80 -83 -103 -55 
-71 -89 -96 -77 -55 
-67 -88 -102 -84 -55 
-64 -100 -116 -77 -55 
-59 -105 -119 -103 -55 
-102 -91 -86 -49 -56 
-102 -100 -95 -48 -56 
-108 -100 -66 -72 -56 
-96 -65 -68 -94 -56 
-85 -72 -78 -64 -56 
-120 -61 -66 -115 -56 
-92 -60 -108 -93 -56 
-86 -77 -69 -107 -56 
-87 -71 -71 -117 -56 
-70 -77 -109 -76 -56 
-78 -81 -80 -97 -56 
-77 -75 -92 -97 -56 
-77 -90 -68 -103 -56 
-75 -79 -99 -89 -56 
-68 -76 -100 -107 -56 
-67 -99 -93 -62 -56 
-70 -95 -73 -87 -56 
-65 -88 -93 -101 -56 
-63 -88 -129 -76 -56 
-61 -104 -110 -71 -56 
-61 -92 -89 -106 -56 
-49 -104 -112 -94 -56 
-76 -86 -62 -62 -57 
-88 -61 -85 -56 -57 
-91 -63 -80 -97 -57 
-81 -107 -93 -51 -57 
-99 -96 -95 -49 -57 
-92 -73 -72 -116 -57 
-84 -70 -80 -102 -57 
-81 -72 -105 -56 -57 
-70 -66 -115 -111 -57 
-80 -81 -84 -93 -57 
-68 -76 -110 -89 -57 
-66 -79 -93 -104 -57 
-73 -84 -80 -79 -57 
-73 -93 -89 -78 -57 
-66 -95 -100 -79 -57 
-67 -96 -80 -118 -57 
-64 -84 -92 -106 -57 
-57 -95 -110 -81 -57 
-50 -106 -130 -81 -57 
-104 -95 -79 -50 -58 
-82 -91 -78 -58 -58 
-87 -118 -67 -57 -58 
-82 -72 -65 -107 -58 
-128 -71 -82 -66 -58 
-109 -60 -84 -107 -58 
-107 -56 -90 -73 -58 
-70 -80 -77 -84 -58 
-82 -70 -81 -92 -58 
-74 -67 -89 -78 -58 
-81 -63 -104 -103 -58 
-85 -65 -89 -111 -58 
-73 -77 -85 -121 -58 
-73 -73 -86 -114 -58 
-72 -81 -102 -77 -58 
-68 -94 -83 -88 -58 
-67 -78 -109 -78 -58 
-63 -93 -104 -85 -58 
-54 -82 -114 -111 -58 
-63 -96 -82 -107 -58 
-59 -114 -97 -101 -58 
-84 -89 -60 -81 -59 
-90 -65 -78 -57 -59 
-115 -88 -98 -48 -59 
-87 -85 -63 -135 -59 
-116 -68 -75 -75 -59 
-72 -69 -74 -83 -59 
-107 -59 -85 -105 -59 
-101 -60 -105 -89 -59 
-84 -57 -104 -106 -59 
-101 -100 -88 -50 -59 
-92 -67 -70 -113 -59 
-91 -70 -72 -118 -59 
-75 -66 -94 -92 -59 
-65 -80 -83 -72 -59 
-70 -93 -99 -70 -59 
-68 -97 -82 -80 -59 
-69 -72 -106 -87 -59 
-70 -76 -94 -106 -59 
-59 -99 -103 -82 -59 
-64 -94 -110 -80 -59 
-89 -122 -60 -58 -60 
-102 -140 -59 -72 -60 
-77 -84 -56 -126 -60 
-95 -80 -72 -59 -60 
-104 -79 -61 -111 -60 
-76 -85 -67 -94 -60 
-139 -75 -65 -97 -60 
-93 -77 -77 -71 -60 
-130 -75 -75 -67 -60 
-120 -79 -70 -91 -60 
-96 -72 -64 -127 -60 
-87 -64 -82 -86 -60 
-104 -64 -76 -105 -60 
-127 -64 -78 -101 -60 
-107 -59 -79 -107 -60 
-112 -60 -109 -70 -60 
-93 -50 -98 -108 -60 
-104 -62 -74 -116 -60 
-99 -74 -77 -76 -60 
-102 -62 -83 -107 -60 
-96 -96 -109 -47 -60 
-89 -78 -72 -91 -60 
-76 -71 -82 -79 -60 
-84 -67 -87 -71 -60 
-68 -104 -103 -59 -60 
-77 -78 -107 -71 -60 
-72 -66 -109 -92 -60 
-68 -79 -87 -85 -60 
-69 -73 -83 -97 -60 
-68 -78 -79 -111 -60 
-71 -72 -96 -115 -60 
-71 -71 -103 -115 -60 
-69 -96 -74 -99 -60 
-56 -101 -103 -81 -60 
-63 -99 -92 -84 -60 
-62 -84 -103 -97 -60 
-56 -90 -107 -92 -60 
-61 -101 -93 -91 -60 
-48 -105 -113 -106 -60 
-71 -103 -80 -44 -61 
-111 -86 -76 -51 -61 
-128 -102 -54 -106 -61 
-89 -83 -94 -49 -61 
-113 -60 -61 -108 -61 
-74 -73 -67 -84 -61 
-91 -69 -68 -73 -61 
-119 -81 -65 -89 -61 
-96 -82 -94 -55 -61 
-96 -81 -71 -68 -61 
-117 -63 -71 -92 -61 
-100 -55 -78 -100 -61 
-115 -60 -76 -104 -61 
-92 -52 -86 -86 -61 
-120 -59 -69 -111 -61 
-102 -51 -97 -86 -61 
-97 -50 -106 -101 -61 
-76 -78 -75 -68 -61 
-100 -115 -79 -56 -61 
-79 -60 -92 -89 -61 
-87 -80 -73 -75 -61 
-87 -63 -84 -103 -61 
-85 -86 -104 -57 -61 
-83 -63 -98 -84 -61 
-79 -81 -104 -65 -61 
-66 -76 -79 -70 -61 
-67 -92 -116 -58 -61 
-73 -95 -72 -77 -61 
-67 -75 -68 -102 -61 
-66 -105 -71 -86 -61 
-69 -73 -93 -79 -61 
-71 -89 -76 -95 -61 
-53 -108 -99 -76 -61 
-61 -114 -91 -82 -61 
-62 -84 -113 -79 -61 
-58 -98 -110 -77 -61 
-85 -76 -92 -38 -62 
-102 -87 -50 -117 -62 
-97 -84 -65 -60 -62 
-95 -84 -61 -105 -62 
-109 -59 -88 -54 -62 
-121 -80 -64 -97 -62 