#Solver type:
nMOCO-S
#Solver status:
AbortTimeLimit
#Number of nondominated points:
376
#Number of models solved:
4773
#Elapsed time (seconds):
600.04
#Incumbent ideal point:
-65 -59 -40 -57 -34 
#Incumbent nadir point:
-139 -147 -136 -132 -58 
#The set of nondominated points:
-120 -127 -107 -116 -34 
-108 -126 -99 -100 -35 
-130 -119 -128 -104 -35 
-139 -119 -118 -106 -35 
-127 -113 -115 -96 -36 
-106 -124 -92 -105 -36 
-108 -107 -93 -121 -37 
-121 -109 -136 -110 -37 
-96 -106 -85 -105 -38 
-118 -99 -114 -109 -38 
-127 -99 -104 -111 -38 
-109 -107 -96 -101 -39 
-94 -104 -78 -110 -39 
-115 -93 -101 -101 -39 
-122 -119 -105 -93 -40 
-128 -94 -112 -97 -40 
-109 -89 -122 -115 -40 
-118 -119 -120 -100 -40 
-107 -100 -112 -131 -40 
-104 -119 -101 -103 -40 
-93 -124 -82 -90 -41 
-119 -113 -92 -85 -41 
-103 -118 -86 -104 -41 
-109 -88 -90 -122 -41 
-127 -89 -107 -117 -41 
-115 -117 -111 -94 -41 
-110 -100 -103 -104 -41 
-95 -99 -104 -115 -41 
-105 -102 -119 -113 -41 
-92 -133 -80 -98 -42 
-117 -111 -85 -90 -42 
-97 -87 -82 -106 -42 
-112 -111 -98 -86 -42 
-119 -94 -107 -99 -42 
-110 -86 -109 -107 -42 
-119 -80 -111 -110 -42 
-96 -103 -82 -107 -42 
-93 -97 -97 -120 -42 
-91 -118 -101 -116 -42 
-99 -113 -72 -108 -43 
-91 -110 -74 -114 -43 
-110 -99 -91 -98 -43 
-116 -74 -98 -102 -43 
-106 -99 -106 -105 -43 
-107 -118 -124 -103 -43 
-96 -113 -115 -104 -43 
-90 -99 -103 -121 -43 
-89 -116 -94 -121 -43 
-86 -124 -102 -124 -43 
-107 -93 -78 -90 -44 
-102 -104 -75 -100 -44 
-91 -98 -72 -109 -44 
-119 -89 -96 -93 -44 
-108 -81 -109 -132 -44 
-99 -137 -111 -89 -44 
-91 -131 -79 -95 -44 
-101 -121 -88 -98 -44 
-102 -120 -116 -98 -44 
-105 -100 -98 -104 -44 
-92 -117 -101 -100 -44 
-88 -91 -105 -120 -44 
-85 -138 -80 -100 -44 
-89 -114 -87 -117 -44 
-86 -112 -100 -119 -44 
-84 -116 -104 -123 -44 
-120 -94 -89 -86 -45 
-105 -91 -71 -95 -45 
-80 -113 -66 -103 -45 
-114 -87 -115 -105 -45 
-96 -80 -101 -116 -45 
-108 -116 -107 -87 -45 
-102 -121 -103 -92 -45 
-94 -119 -94 -99 -45 
-91 -102 -78 -103 -45 
-91 -96 -90 -113 -45 
-84 -104 -102 -118 -45 
-107 -117 -88 -83 -46 
-118 -121 -95 -79 -46 
-88 -96 -65 -95 -46 
-97 -84 -79 -108 -46 
-120 -75 -104 -100 -46 
-98 -82 -94 -115 -46 
-123 -81 -96 -115 -46 
-102 -107 -101 -87 -46 
-99 -117 -80 -94 -46 
-89 -117 -84 -93 -46 
-106 -114 -100 -92 -46 
-84 -94 -93 -104 -46 
-84 -93 -101 -109 -46 
-93 -88 -103 -116 -46 
-94 -81 -103 -120 -46 
-87 -129 -99 -99 -46 
-87 -109 -87 -111 -46 
-104 -111 -75 -75 -47 
-88 -103 -59 -96 -47 
-123 -91 -113 -83 -47 
-128 -107 -108 -84 -47 
-114 -105 -79 -89 -47 
-121 -87 -96 -89 -47 
-111 -80 -88 -99 -47 
-120 -75 -83 -107 -47 
-103 -80 -117 -105 -47 
-102 -94 -78 -106 -47 
-94 -114 -83 -91 -47 
-90 -91 -91 -119 -47 
-82 -91 -94 -114 -47 
-87 -117 -97 -94 -47 
-78 -117 -85 -112 -47 
-104 -113 -85 -74 -48 
-103 -120 -73 -83 -48 
-86 -101 -52 -101 -48 
-116 -99 -103 -84 -48 
-108 -74 -75 -91 -48 
-104 -92 -90 -89 -48 
-104 -72 -92 -115 -48 
-103 -84 -80 -106 -48 
-85 -91 -80 -96 -48 
-100 -111 -113 -83 -48 
-99 -78 -101 -116 -48 
-87 -99 -67 -108 -48 
-81 -107 -70 -105 -48 
-78 -105 -83 -107 -48 
-110 -100 -65 -93 -49 
-113 -93 -90 -76 -49 
-122 -71 -96 -102 -49 
-110 -109 -104 -84 -49 
-109 -97 -104 -88 -49 
-90 -87 -87 -92 -49 
-92 -82 -83 -109 -49 
-97 -100 -80 -90 -49 
-100 -93 -74 -101 -49 
-104 -91 -77 -121 -49 
-89 -133 -102 -84 -49 
-84 -147 -96 -84 -49 
-88 -125 -73 -94 -49 
-88 -81 -111 -122 -49 
-81 -111 -98 -94 -49 
-81 -114 -64 -106 -49 
-82 -96 -114 -110 -49 
-79 -114 -72 -104 -49 
-75 -125 -82 -114 -49 
-76 -108 -91 -114 -49 
-94 -94 -67 -82 -50 
-101 -108 -100 -75 -50 
-111 -91 -83 -81 -50 
-101 -85 -64 -113 -50 
-102 -85 -65 -94 -50 
-103 -88 -98 -88 -50 
-116 -87 -94 -89 -50 
-118 -84 -121 -89 -50 
-94 -69 -100 -117 -50 
-107 -81 -123 -103 -50 
-84 -83 -108 -106 -50 
-101 -81 -104 -107 -50 
-102 -83 -79 -120 -50 
-84 -135 -94 -79 -50 
-92 -90 -69 -105 -50 
-86 -119 -71 -88 -50 
-77 -140 -67 -88 -50 
-93 -113 -106 -91 -50 
-84 -90 -98 -111 -50 
-79 -102 -70 -99 -50 
-79 -112 -57 -111 -50 
-74 -100 -93 -113 -50 
-91 -100 -59 -88 -51 
-89 -84 -56 -97 -51 
-124 -72 -110 -84 -51 
-90 -82 -71 -104 -51 
-106 -83 -72 -101 -51 
-125 -67 -112 -116 -51 
-107 -81 -102 -110 -51 
-88 -131 -101 -81 -51 
-87 -119 -86 -82 -51 
-86 -121 -81 -87 -51 
-90 -111 -97 -85 -51 
-89 -109 -73 -92 -51 
-81 -116 -118 -90 -51 
-82 -83 -92 -105 -51 
-85 -88 -80 -105 -51 
-85 -128 -69 -96 -51 
-87 -98 -76 -112 -51 
-83 -93 -101 -102 -51 
-80 -100 -89 -115 -51 
-80 -96 -105 -104 -51 
-77 -105 -78 -106 -51 
-83 -107 -48 -105 -52 
-87 -105 -84 -77 -52 
-117 -80 -100 -85 -52 
-118 -81 -90 -88 -52 
-126 -72 -102 -100 -52 
-105 -68 -96 -105 -52 
-100 -59 -98 -117 -52 
-98 -89 -90 -89 -52 
-102 -91 -93 -81 -52 
-95 -80 -94 -94 -52 
-89 -81 -90 -97 -52 
-91 -82 -86 -98 -52 
-103 -81 -77 -108 -52 
-94 -74 -97 -101 -52 
-107 -76 -112 -97 -52 
-85 -80 -95 -98 -52 
-87 -105 -72 -92 -52 
-88 -102 -100 -89 -52 
-88 -101 -108 -94 -52 
-83 -86 -73 -110 -52 
-77 -113 -88 -89 -52 
-79 -113 -96 -88 -52 
-84 -105 -63 -112 -52 
-82 -81 -100 -116 -52 
-73 -125 -96 -104 -52 
-92 -101 -64 -87 -53 
-100 -99 -57 -96 -53 
-83 -95 -46 -100 -53 
-114 -74 -87 -77 -53 
-91 -68 -84 -93 -53 
-126 -72 -81 -107 -53 
-111 -90 -101 -85 -53 
-98 -104 -90 -79 -53 
-85 -96 -87 -81 -53 
-93 -99 -79 -94 -53 
-86 -108 -65 -92 -53 
-88 -69 -89 -111 -53 
-88 -73 -90 -105 -53 
-84 -93 -61 -107 -53 
-85 -124 -73 -88 -53 
-76 -133 -86 -98 -53 
-82 -113 -105 -82 -53 
-81 -93 -92 -96 -53 
-75 -116 -53 -102 -53 
-82 -95 -61 -107 -53 
-68 -100 -82 -107 -53 
-75 -94 -97 -115 -53 
-78 -105 -76 -121 -53 
-73 -136 -88 -96 -53 
-109 -118 -88 -72 -54 
-104 -119 -120 -68 -54 
-72 -110 -40 -94 -54 
-92 -93 -51 -90 -54 
-111 -116 -89 -73 -54 
-116 -100 -77 -79 -54 
-94 -83 -82 -84 -54 
-114 -71 -73 -91 -54 
-107 -99 -88 -80 -54 
-105 -82 -91 -90 -54 
-76 -83 -81 -99 -54 
-105 -77 -115 -91 -54 
-91 -88 -78 -96 -54 
-99 -127 -119 -76 -54 
-85 -110 -71 -83 -54 
-82 -102 -84 -82 -54 
-83 -131 -55 -93 -54 
-90 -94 -117 -91 -54 
-82 -106 -77 -90 -54 
-73 -108 -55 -101 -54 
-80 -140 -98 -87 -54 
-73 -124 -86 -91 -54 
-77 -104 -100 -97 -54 
-74 -101 -81 -116 -54 
-101 -113 -107 -60 -55 
-100 -120 -95 -69 -55 
-95 -134 -89 -69 -55 
-105 -131 -65 -82 -55 
-95 -107 -87 -74 -55 
-108 -85 -77 -80 -55 
-120 -72 -72 -100 -55 
-86 -69 -77 -106 -55 
-104 -65 -114 -105 -55 
-101 -89 -100 -78 -55 
-111 -78 -129 -87 -55 
-92 -98 -91 -79 -55 
-98 -90 -81 -91 -55 
-94 -135 -83 -80 -55 
-99 -91 -71 -94 -55 
-98 -128 -100 -72 -55 
-83 -101 -74 -87 -55 
-73 -133 -69 -91 -55 
-76 -90 -75 -100 -55 
-85 -119 -105 -79 -55 
-79 -126 -73 -90 -55 
-82 -112 -73 -91 -55 
-84 -99 -89 -94 -55 
-76 -125 -76 -90 -55 
-76 -106 -51 -110 -55 
-78 -123 -91 -86 -55 
-80 -128 -96 -82 -55 
-78 -107 -92 -91 -55 
-74 -100 -89 -100 -55 
-74 -90 -99 -115 -55 
-68 -105 -102 -103 -55 
-70 -144 -85 -98 -55 
-95 -122 -87 -64 -56 
-97 -100 -71 -74 -56 
-91 -92 -65 -78 -56 
-101 -110 -64 -83 -56 
-112 -116 -99 -71 -56 
-111 -97 -118 -75 -56 
-95 -84 -68 -83 -56 
-110 -83 -75 -84 -56 
-74 -83 -69 -94 -56 
-107 -82 -62 -113 -56 
-96 -82 -83 -90 -56 
-99 -70 -87 -90 -56 
-117 -67 -89 -105 -56 
-95 -79 -92 -84 -56 
-102 -91 -89 -81 -56 
-89 -89 -78 -91 -56 
-91 -88 -92 -91 -56 
-82 -83 -88 -92 -56 
-86 -106 -81 -83 -56 
-90 -107 -72 -87 -56 
-74 -88 -68 -105 -56 
-78 -111 -89 -81 -56 
-76 -113 -74 -85 -56 
-79 -114 -71 -85 -56 
-82 -107 -53 -109 -56 
-80 -112 -86 -92 -56 
-79 -105 -117 -91 -56 
-75 -115 -87 -88 -56 
-70 -92 -96 -99 -56 
-69 -94 -86 -109 -56 
-65 -121 -45 -104 -56 
-100 -96 -66 -77 -57 
-85 -115 -57 -86 -57 
-108 -91 -105 -67 -57 
-110 -115 -98 -65 -57 
-119 -110 -93 -73 -57 
-99 -108 -57 -88 -57 
-95 -81 -54 -97 -57 
-108 -81 -68 -89 -57 
-97 -82 -80 -87 -57 
-80 -80 -67 -109 -57 
-108 -67 -98 -85 -57 
-130 -69 -108 -84 -57 
-94 -67 -91 -98 -57 
-109 -65 -104 -109 -57 
-101 -80 -106 -80 -57 
-96 -81 -90 -88 -57 
-104 -116 -104 -70 -57 
-107 -110 -115 -73 -57 
-102 -85 -85 -81 -57 
-79 -113 -92 -75 -57 
-74 -140 -89 -74 -57 
-89 -107 -60 -91 -57 
-88 -109 -68 -89 -57 
-78 -74 -103 -96 -57 
-86 -92 -98 -91 -57 
-85 -77 -102 -108 -57 
-82 -130 -69 -92 -57 
-68 -106 -61 -102 -57 
-79 -103 -102 -90 -57 
-75 -106 -98 -91 -57 
-81 -95 -103 -92 -57 
-74 -116 -82 -92 -57 
-69 -102 -89 -95 -57 
-69 -101 -80 -110 -57 
-107 -109 -85 -57 -58 
-85 -103 -55 -81 -58 
-104 -104 -102 -65 -58 
-89 -95 -58 -86 -58 
-110 -92 -63 -84 -58 
-101 -82 -53 -106 -58 
-92 -82 -66 -92 -58 
-124 -85 -106 -71 -58 
-82 -81 -83 -86 -58 
-121 -62 -95 -92 -58 
-131 -64 -91 -124 -58 
-108 -63 -108 -103 -58 
-104 -80 -95 -83 -58 
-95 -72 -82 -101 -58 
-99 -78 -99 -85 -58 
-99 -114 -91 -73 -58 
-82 -118 -112 -67 -58 
-83 -121 -103 -73 -58 
-96 -74 -89 -91 -58 
-88 -100 -81 -74 -58 
-91 -89 -78 -88 -58 