211
1238
42.537
756 743 927 867 
847 729 896 862 
831 687 902 862 
781 724 905 862 
782 740 986 860 
815 749 874 855 
790 684 944 850 
762 804 891 849 
753 764 904 848 
812 728 940 847 
815 665 922 845 
818 756 928 844 
850 692 908 842 
707 752 958 841 
795 741 955 839 
821 791 855 835 
828 750 843 834 
797 760 902 833 
774 761 879 833 
780 761 904 830 
766 758 905 829 
851 681 864 829 
827 735 925 828 
744 692 990 826 
716 757 906 825 
834 695 905 825 
823 769 897 824 
713 813 922 823 
734 775 909 823 
785 760 925 821 
721 791 945 820 
862 619 795 820 
816 637 950 819 
769 765 959 818 
718 651 994 817 
862 691 860 817 
831 701 919 816 
625 754 966 813 
715 805 868 812 
870 698 818 812 
868 636 922 808 
748 769 933 807 
856 778 888 807 
840 736 894 807 
844 667 928 806 
669 819 873 805 
820 716 936 805 
791 781 888 804 
778 744 956 802 
718 812 922 801 
787 664 982 801 
725 771 910 800 
875 620 764 799 
859 638 899 798 
669 705 1000 795 
904 639 835 795 
728 796 895 794 
612 648 1015 793 
867 719 795 793 
884 619 877 793 
873 651 817 793 
701 815 792 792 
857 682 888 791 
662 716 1008 790 
839 663 954 790 
874 677 911 790 
766 797 844 789 
692 831 760 788 
815 694 960 788 
821 634 956 788 
854 657 953 788 
872 717 865 788 
881 637 891 787 
762 808 920 786 
880 707 853 784 
635 751 961 781 
693 823 902 779 
839 680 912 778 
628 762 969 776 
772 802 835 776 
882 631 839 775 
792 623 967 773 
789 809 731 772 
788 785 886 772 
693 746 975 771 
906 658 882 771 
889 686 760 771 
692 847 834 770 
852 669 915 770 
691 759 971 769 
796 749 937 769 
852 664 923 769 
672 827 876 768 
821 736 941 768 
697 815 891 767 
828 695 929 767 
863 729 861 767 
890 660 725 765 
666 837 886 764 
768 822 740 764 
790 672 985 764 
823 670 932 764 
868 708 874 763 
613 794 931 762 
668 601 1001 762 
838 664 931 762 
703 793 966 761 
831 720 914 761 
885 702 757 761 
713 817 951 760 
760 818 830 760 
702 702 989 759 
886 693 824 759 
731 814 840 754 
895 704 848 754 
911 674 802 754 
923 627 777 754 
865 732 939 753 
710 830 851 752 
785 795 903 752 
875 684 890 752 
877 662 859 752 
624 753 978 751 
862 636 946 750 
880 696 858 750 
816 664 942 749 
881 712 878 749 
695 822 861 748 
770 787 913 748 
818 681 944 747 
724 790 941 746 
874 654 922 746 
753 812 840 745 
839 735 906 745 
643 856 865 744 
809 691 963 744 
747 772 940 743 
782 806 872 743 
802 747 946 743 
736 643 1006 742 
740 826 708 742 
920 634 841 742 
833 780 825 740 
725 803 926 738 
899 673 956 736 
732 818 893 735 
746 821 825 735 
914 637 875 733 
709 822 903 732 
712 825 845 729 
700 835 830 728 
776 824 727 728 
845 681 954 728 
816 741 970 727 
799 798 822 727 
881 725 766 727 
661 839 882 726 
742 810 845 726 
798 651 978 726 
857 753 832 726 
753 833 904 725 
683 666 996 725 
901 733 785 725 
910 653 811 724 
867 721 842 723 
881 713 827 723 
721 796 944 722 
776 809 779 722 
722 750 965 719 
918 660 769 719 
727 677 997 718 
933 572 767 718 
753 756 977 717 
788 774 914 715 
611 719 987 714 
619 769 969 711 
827 801 811 711 
683 827 924 709 
891 694 849 709 
787 774 921 708 
793 798 873 708 
783 804 779 707 
872 760 817 707 
879 720 797 704 
952 601 786 702 
932 581 828 700 
686 750 984 699 
725 804 922 699 
766 816 837 699 
909 695 820 699 
909 713 743 697 
922 639 862 697 
902 619 904 695 
922 657 785 695 
774 824 801 694 
848 689 957 691 
695 837 826 690 
658 838 904 687 
913 661 814 687 
923 628 818 684 
927 612 766 680 
866 781 803 678 
745 851 833 676 
736 790 922 663 
880 714 801 663 
724 772 944 662 
742 790 947 660 
780 807 844 660 
763 808 846 657 
787 811 723 653 
696 860 864 650 
