784
1645
175.073
1501 1421 1920 
1545 1364 1916 
1500 1454 1915 
1522 1405 1911 
1526 1365 1910 
1385 1455 1909 
1465 1502 1908 
1568 1396 1906 
1509 1418 1905 
1554 1484 1904 
1427 1547 1902 
1612 1339 1902 
1562 1403 1900 
1594 1346 1900 
1467 1530 1899 
1585 1456 1899 
1471 1490 1898 
1595 1451 1898 
1439 1539 1896 
1602 1438 1896 
1553 1485 1894 
1624 1417 1894 
1488 1560 1893 
1520 1515 1893 
1575 1503 1892 
1593 1468 1891 
1600 1455 1889 
1494 1522 1888 
1435 1574 1886 
1600 1490 1886 
1501 1536 1885 
1573 1536 1884 
1602 1466 1884 
1644 1433 1882 
1446 1575 1881 
1590 1518 1881 
1613 1446 1881 
1514 1558 1880 
1615 1537 1879 
1642 1478 1878 
1554 1541 1877 
1619 1501 1877 
1529 1554 1875 
1402 1589 1874 
1539 1549 1874 
1475 1573 1873 
1492 1576 1871 
1629 1536 1871 
1658 1422 1870 
1661 1386 1870 
1572 1599 1869 
1632 1513 1867 
1606 1547 1866 
1616 1542 1865 
1665 1438 1865 
1609 1554 1862 
1449 1610 1861 
1599 1562 1861 
1668 1483 1861 
1638 1500 1861 
1681 1395 1861 
1581 1563 1859 
1703 1395 1859 
1578 1587 1857 
1643 1505 1857 
1588 1582 1856 
1461 1602 1855 
1635 1536 1854 
1678 1463 1854 
1522 1627 1852 
1590 1579 1851 
1600 1574 1850 
1653 1508 1850 
1577 1598 1849 
1592 1586 1849 
1667 1524 1849 
1693 1413 1849 
1587 1593 1848 
1686 1429 1847 
1605 1565 1846 
1690 1472 1846 
1478 1641 1845 
1621 1541 1845 
1640 1592 1844 
1705 1450 1841 
1596 1609 1840 
1562 1612 1839 
1641 1528 1838 
1664 1546 1835 
1583 1639 1834 
1649 1556 1834 
1702 1467 1834 
1674 1509 1832 
1713 1309 1832 
1663 1552 1831 
1692 1481 1830 
1721 1463 1830 
1672 1526 1829 
1696 1504 1829 
1679 1509 1827 
1711 1464 1827 
1726 1289 1826 
1600 1598 1824 
1711 1520 1824 
1676 1521 1824 
1723 1403 1824 
1655 1586 1823 
1536 1654 1822 
1735 1475 1822 
1739 1372 1821 
1620 1613 1820 
1667 1535 1820 
1734 1490 1819 
1738 1416 1818 
1670 1530 1817 
1675 1549 1816 
1682 1549 1815 
1664 1550 1813 
1668 1613 1812 
1553 1648 1811 
1743 1450 1811 
1684 1529 1809 
1519 1661 1808 
1737 1473 1807 
1623 1619 1806 
1689 1527 1805 
1713 1494 1805 
1695 1576 1804 
1716 1503 1804 
1726 1514 1803 
1677 1577 1802 
1750 1342 1802 
1755 1246 1802 
1605 1629 1801 
1750 1469 1801 
1697 1528 1800 
1606 1625 1799 
1752 1334 1799 
1749 1484 1798 
1596 1649 1796 
1636 1637 1796 
1646 1632 1795 
1707 1530 1795 
1494 1674 1794 
1714 1522 1794 
1751 1337 1794 
1450 1686 1793 
1535 1659 1793 
1693 1586 1793 
1731 1514 1793 
1535 1665 1792 
1673 1612 1792 
1674 1587 1792 
1698 1559 1792 
1741 1511 1792 
1751 1456 1792 
1545 1660 1791 
1683 1607 1791 
1700 1533 1791 
1755 1350 1791 
1524 1677 1790 
1743 1505 1790 
1701 1579 1789 
1758 1310 1789 
1761 1384 1788 
1775 1334 1788 
1664 1632 1787 
1754 1401 1787 
1606 1663 1786 
1571 1664 1786 
1724 1530 1786 
1752 1467 1786 
1766 1437 1786 
1616 1658 1785 
1705 1554 1785 
1531 1668 1784 
1737 1544 1784 
1494 1690 1783 
1621 1638 1783 
1710 1570 1783 
1719 1548 1783 
1772 1414 1783 
1785 1390 1783 
1643 1638 1782 
1748 1489 1782 
1760 1457 1782 
1762 1447 1782 
1541 1695 1781 
1653 1633 1781 
1774 1519 1780 
1543 1671 1779 
1718 1560 1779 
1578 1675 1776 
1619 1641 1776 
1723 1565 1775 
1681 1623 1774 
1550 1676 1773 
1614 1669 1773 
1667 1637 1773 
1775 1408 1773 
1550 1694 1771 
1775 1454 1771 
1486 1720 1770 
1780 1426 1770 
1508 1710 1769 
1810 1418 1769 
1566 1686 1768 
1725 1549 1768 
1690 1588 1766 
1592 1677 1765 
1621 1657 1765 
1739 1524 1765 
1570 1691 1764 
1600 1672 1764 
1631 1652 1764 
1727 1580 1764 
1684 1612 1763 
1581 1682 1762 
1565 1699 1761 
1522 1700 1761 
1671 1635 1761 
1779 1435 1761 
1632 1642 1760 
1779 1477 1760 
1572 1691 1759 
1525 1704 1758 
1649 1647 1758 
1694 1616 1758 
1644 1654 1757 
1659 1642 1757 
1707 1605 1756 
1638 1674 1755 
1737 1559 1755 
1728 1564 1755 
1785 1481 1755 
1648 1669 1754 
1649 1649 1754 
1686 1622 1754 
1752 1551 1754 
1738 1559 1754 
1781 1486 1754 
1529 1736 1753 
1696 1617 1753 
1733 1575 1753 
1653 1649 1752 
1788 1486 1752 
1691 1633 1751 
1722 1606 1751 
1534 1702 1750 
1790 1468 1750 
1711 1633 1748 
1734 1576 1748 
1753 1524 1748 
1793 1449 1748 
1796 1430 1748 
1819 1368 1748 
1753 1556 1747 
1775 1509 1747 
1819 1431 1747 
1674 1636 1745 
1747 1576 1745 
1656 1648 1744 
1667 1639 1744 
1798 1508 1744 
1547 1710 1743 
1596 1693 1743 
1666 1643 1743 
1751 1586 1743 
1755 1534 1742 
1779 1510 1741 
1800 1456 1741 
1654 1651 1740 
1801 1455 1740 
1604 1677 1739 
1597 1680 1739 
1762 1537 1739 
1768 1528 1739 
1569 1694 1738 
1600 1690 1738 
1650 1652 1738 
1757 1590 1738 
1758 1559 1738 
1804 1440 1738 
1598 1697 1737 
1824 1255 1737 
1575 1714 1736 
1561 1727 1736 
1545 1731 1736 
1676 1635 1736 
1807 1468 1736 
1839 1384 1736 
1639 1676 1735 
1759 1552 1735 
1617 1688 1734 
1664 1674 1734 
1676 1657 1734 
1678 1645 1734 
1733 1598 1734 
1576 1710 1733 
1665 1662 1733 
1696 1649 1733 
1767 1545 1733 
1602 1694 1732 
1713 1616 1732 
1772 1542 1732 
1844 1443 1732 
1560 1732 1731 
1577 1724 1731 
1799 1475 1731 
1814 1452 1731 
1808 1453 1730 
1579 1700 1729 
1667 1678 1729 
1507 1747 1727 
1671 1660 1727 
1713 1617 1727 
1776 1527 1727 
1806 1470 1727 
1645 1706 1726 
1671 1665 1726 
1769 1551 1726 
1599 1707 1725 
1758 1571 1725 
1770 1555 1725 
1792 1551 1725 
1808 1486 1725 
1721 1634 1724 
1722 1614 1724 
1761 1564 1724 
1734 1617 1723 
1774 1564 1723 
1813 1502 1723 
1766 1580 1722 
1677 1680 1721 
1818 1460 1721 
1748 1592 1720 
1784 1552 1720 
1808 1512 1720 
1793 1516 1720 
1820 1481 1720 
1555 1744 1719 
1699 1655 1719 
1742 1607 1719 
1818 1507 1719 
1848 1417 1718 
1775 1581 1717 
1647 1694 1716 
1778 1572 1716 
1657 1689 1715 
1733 1623 1715 
1714 1635 1714 
1726 1627 1714 
1804 1526 1714 
1825 1480 1714 
1704 1643 1713 
1739 1608 1713 
1581 1713 1712 
1682 1661 1712 
1860 1392 1712 
1582 1723 1711 
1723 1637 1711 
1827 1474 1711 
1496 1749 1710 
1592 1718 1710 
1844 1523 1710 
1720 1653 1709 
1566 1760 1708 
1682 1672 1708 
1684 1669 1708 
1673 1681 1707 
1574 1732 1706 
1745 1598 1706 
1793 1555 1706 
1745 1604 1705 
1764 1596 1705 
1779 1580 1705 
1603 1735 1704 
1627 1708 1704 
1604 1710 1704 
1703 1656 1703 
1686 1668 1703 
1756 1625 1703 
1616 1721 1702 
1782 1573 1702 
1697 1667 1701 
1797 1527 1701 
1576 1736 1700 
1568 1737 1700 
1663 1692 1700 
1705 1669 1700 
1729 1632 1700 
1770 1600 1700 
1766 1610 1699 
1583 1754 1697 
1749 1632 1697 
1731 1643 1696 
1845 1456 1696 
1741 1638 1695 
1810 1553 1695 
1672 1683 1694 
1785 1575 1694 
1757 1622 1693 
1789 1585 1692 
1846 1462 1692 
1667 1693 1691 
1680 1688 1691 
1699 1672 1691 
1712 1666 1691 
1690 1701 1690 
1778 1597 1690 
1640 1712 1689 
1725 1652 1689 
1848 1435 1689 
1851 1428 1689 
1862 1333 1689 
1706 1676 1688 
1735 1647 1688 
1791 1558 1688 
1852 1438 1688 
1795 1589 1687 
1812 1545 1687 
1629 1717 1686 
1713 1668 1686 
1816 1526 1686 
1571 1756 1685 
1821 1544 1685 
1845 1467 1685 
1631 1718 1684 
1712 1674 1684 
1779 1590 1684 
1848 1496 1684 
1856 1417 1684 
1856 1488 1683 
1625 1738 1682 
1717 1660 1682 
1734 1648 1682 
1797 1562 1682 
1853 1501 1682 
1593 1746 1681 
1644 1718 1681 
1758 1623 1681 
1882 1442 1681 
1579 1771 1680 
1744 1639 1680 
1788 1591 1679 
1781 1604 1678 
1799 1555 1678 
1829 1562 1677 
1627 1752 1676 
1677 1722 1676 
1551 1790 1675 
1812 1566 1675 
1862 1484 1675 
1891 1390 1675 
1641 1735 1674 
1758 1633 1674 
1736 1647 1673 
1759 1633 1673 
1693 1679 1672 
1721 1665 1672 
1772 1616 1672 
1763 1617 1672 
1820 1573 1672 
1804 1579 1671 
1695 1682 1670 
1715 1679 1670 
1777 1621 1670 
1772 1628 1669 
1737 1654 1668 
1856 1506 1668 
1644 1728 1667 
1693 1688 1667 
1869 1460 1667 
1602 1755 1666 
1737 1672 1666 
1783 1598 1665 
1837 1525 1665 
1580 1772 1664 
1695 1688 1664 
1836 1539 1664 
1830 1545 1664 
1602 1762 1663 
1762 1634 1663 
1863 1490 1663 
1648 1725 1662 
1742 1642 1662 
1781 1615 1662 
1642 1745 1660 
1680 1710 1660 
1761 1636 1660 
1807 1581 1660 
1690 1705 1659 
1794 1615 1659 
1795 1590 1659 
1832 1548 1659 
1610 1767 1658 
1758 1652 1658 
1765 1636 1658 
1797 1599 1657 
1697 1709 1656 
1845 1525 1656 
1702 1687 1654 
1740 1655 1654 
1802 1595 1654 
1817 1579 1654 
1865 1474 1654 
1875 1444 1654 
1716 1688 1653 
1726 1681 1652 
1741 1655 1652 
1851 1513 1651 
1883 1436 1651 
1884 1417 1651 
1752 1665 1650 
1825 1580 1650 
1621 1767 1649 
1808 1599 1649 
1848 1519 1649 
1871 1463 1649 
1656 1724 1648 
1703 1715 1648 
1771 1650 1648 
1803 1629 1648 
1804 1609 1648 
1877 1466 1648 
1897 1344 1648 
1706 1694 1647 
1753 1667 1647 
1816 1612 1647 
1856 1517 1646 
1891 1482 1646 
1753 1689 1645 
1848 1552 1644 
1875 1511 1644 
1893 1398 1644 
1619 1784 1642 
1767 1664 1642 
1648 1733 1640 
1817 1584 1640 
1667 1724 1639 
1728 1700 1639 
1893 1417 1639 
1663 1727 1638 
1772 1635 1638 
1828 1563 1638 
1641 1762 1637 
1773 1646 1637 
1821 1603 1637 
1862 1569 1637 
1649 1734 1635 
1799 1646 1635 
1844 1570 1635 
1728 1705 1634 
1822 1586 1634 
1756 1672 1633 
1865 1546 1633 
1894 1358 1633 
1894 1487 1632 
1897 1383 1632 
1898 1375 1632 
1898 1471 1631 
1901 1364 1631 
1622 1767 1630 
1926 1372 1630 
1652 1731 1629 
1665 1727 1629 
1915 1390 1629 
1842 1587 1628 
1823 1611 1627 
1871 1533 1627 
1903 1435 1626 
1654 1736 1625 
1774 1662 1624 
1768 1676 1622 
1652 1740 1621 
1646 1747 1620 
1468 1792 1619 
1662 1737 1619 
1910 1444 1619 
1812 1619 1618 
1501 1794 1617 
1836 1620 1617 
1690 1716 1616 
1794 1647 1616 
1895 1485 1616 
1650 1749 1614 
1663 1732 1614 
1880 1503 1614 
1874 1538 1613 
1875 1519 1613 
1654 1750 1612 
1838 1590 1612 
1657 1747 1611 
1806 1644 1611 
1669 1734 1610 
1816 1639 1610 
1840 1589 1610 
1845 1580 1609 
1713 1713 1608 
1901 1454 1608 
1560 1787 1607 
1902 1454 1607 
1918 1392 1607 
1658 1743 1606 
1686 1729 1606 
1840 1604 1606 
1888 1521 1606 
1904 1449 1606 
1670 1758 1605 
1911 1421 1605 
1867 1540 1604 
1683 1758 1602 
1884 1547 1602 
1764 1680 1601 
1428 1795 1600 
1889 1512 1600 
1900 1476 1600 
1624 1767 1599 
1857 1583 1599 
1929 1417 1599 
1886 1524 1598 
1890 1498 1598 
1694 1723 1597 
1744 1693 1596 
1865 1552 1595 
1902 1485 1594 
1913 1419 1593 
1938 1365 1593 
1590 1797 1592 
1699 1716 1592 
1808 1653 1592 
1855 1597 1590 
1684 1735 1589 
1766 1683 1588 
1763 1696 1587 
1706 1725 1586 
1648 1764 1585 
1696 1731 1585 
1400 1798 1584 
1774 1671 1584 
1871 1550 1584 
1911 1449 1584 
1522 1798 1583 
1824 1628 1583 
1860 1585 1583 
1903 1473 1583 
1736 1714 1582 
1901 1526 1582 
1932 1370 1582 
1487 1808 1581 
1835 1640 1579 
1703 1726 1578 
1641 1774 1577 
1776 1654 1577 
1858 1602 1576 
1910 1474 1576 
1918 1418 1576 
1911 1491 1575 
1557 1805 1574 
1870 1585 1573 
1721 1720 1572 
1779 1666 1571 
1684 1746 1569 
1838 1613 1569 
1915 1464 1569 
1848 1608 1568 
1918 1438 1567 
1919 1419 1567 
1787 1659 1566 
1880 1550 1566 
1916 1447 1562 
1765 1689 1560 
1772 1680 1560 
1707 1733 1559 
1780 1662 1558 
1784 1663 1556 
1526 1808 1555 
1693 1735 1555 
1764 1690 1555 
1923 1463 1555 
1890 1545 1554 
1795 1681 1553 
1860 1588 1551 
1871 1555 1549 
1928 1425 1548 
1751 1698 1547 
1808 1655 1547 
1902 1515 1547 
1810 1651 1546 
1898 1550 1546 
1915 1466 1546 
1940 1256 1546 
1944 1350 1545 
1691 1738 1544 
1796 1669 1544 
1465 1810 1543 
1845 1610 1543 
1906 1516 1543 
1459 1832 1540 
1633 1777 1540 
1739 1706 1540 
1772 1685 1540 
1907 1498 1540 
1937 1384 1540 
1839 1652 1539 
1861 1586 1539 
1910 1533 1539 
1930 1411 1539 
1925 1435 1538 
1867 1609 1537 
1706 1736 1536 
1878 1560 1536 
1667 1763 1535 
1883 1595 1535 
1480 1810 1534 
1734 1730 1534 
1846 1611 1533 
1891 1567 1533 
1919 1481 1533 
1707 1746 1532 
1774 1713 1531 
1947 1204 1530 
1847 1613 1528 
1478 1827 1527 
1912 1488 1527 
1940 1389 1526 
1950 1280 1524 
1913 1486 1522 
1942 1399 1522 
1585 1805 1521 
1915 1500 1521 
1924 1450 1520 
1949 1337 1520 
1807 1660 1518 
1911 1506 1518 
1931 1470 1517 
1848 1613 1516 
1951 1347 1516 
1893 1575 1514 
1520 1822 1513 
1783 1683 1513 
1799 1678 1513 
1940 1418 1511 
1841 1627 1509 
1592 1790 1507 
1844 1625 1507 
1619 1787 1505 
1961 1390 1505 
1854 1617 1504 
1776 1688 1501 
1778 1686 1500 
1934 1423 1500 
1539 1812 1498 
1802 1675 1498 
1842 1639 1498 
1846 1618 1498 
1852 1634 1497 
1920 1478 1493 
1860 1623 1490 
1497 1831 1489 
1938 1467 1488 
1923 1507 1483 
1717 1733 1479 
1562 1818 1478 
1629 1778 1478 
1647 1773 1477 
1809 1668 1476 
1819 1663 1475 
1655 1767 1467 
1568 1808 1466 
1896 1577 1458 
1777 1689 1457 
1787 1684 1456 
1780 1686 1453 
1873 1599 1452 
1926 1488 1451 
1510 1825 1448 
1875 1597 1443 
1944 1452 1440 
1621 1785 1430 
1900 1537 1426 
1964 1270 1416 
1816 1666 1415 
1913 1524 1393 
