20000 63 49 60 65 79 63 13 60 23 
63 20000 72 46 79 63 54 84 47 75 
49 72 20000 81 82 78 32 65 29 75 
60 46 81 20000 97 69 67 63 81 19 
65 79 82 97 20000 93 24 76 13 68 
79 63 78 69 93 20000 78 74 72 56 
63 54 32 67 24 78 20000 41 90 24 
13 84 65 63 76 74 41 20000 20 42 
60 47 29 81 13 72 90 20 20000 28 
23 75 75 19 68 56 24 42 28 20000 

20000 57 30 86 50 97 96 59 94 67 
57 20000 14 60 47 85 43 36 30 94 
30 14 20000 50 52 63 55 50 40 31 
86 60 50 20000 43 97 16 47 66 46 
50 47 52 43 20000 42 97 85 13 20 
97 85 63 97 42 20000 35 22 39 75 
96 43 55 16 97 35 20000 29 93 81 
59 36 50 47 85 22 29 20000 98 29 
94 30 40 66 13 39 93 98 20000 10 
67 94 31 46 20 75 81 29 10 20000 

20000 33 21 40 16 85 78 76 47 81 
33 20000 77 95 93 46 72 95 87 18 
21 77 20000 77 33 13 41 18 10 41 
40 95 77 20000 20 67 12 69 52 55 
16 93 33 20 20000 35 25 75 54 48 
85 46 13 67 35 20000 72 80 58 69 
78 72 41 12 25 72 20000 61 70 82 
76 95 18 69 75 80 61 20000 49 63 
47 87 10 52 54 58 70 49 20000 65 
81 18 41 55 48 69 82 63 65 20000 

