#Solver type:
nMOCO-S
#Solver status:
Success
#Number of nondominated points:
966
#Number of models solved:
5331
#Elapsed time (seconds):
230.237
#Incumbent ideal point:
2058 2133 2132 2139 
#Incumbent nadir point:
1630 1590 1615 1668 
#The set of nondominated points:
1766 1825 1922 2139 
1724 1864 1932 2137 
1742 1877 1849 2137 
1827 1795 1872 2134 
1812 1844 1861 2131 
1755 1853 1946 2125 
1780 1795 1941 2125 
1784 1869 1861 2124 
1747 1835 1955 2123 
1731 1905 1873 2123 
1740 1902 1935 2122 
1766 1864 1890 2122 
1828 1808 1901 2121 
1742 1916 1817 2120 
1799 1852 1928 2119 
1845 1839 1811 2119 
1801 1872 1885 2117 
1827 1834 1840 2117 
1830 1888 1800 2116 
1831 1787 1951 2116 
1781 1806 1946 2115 
1798 1827 1965 2114 
1770 1850 1959 2114 
1799 1855 1923 2114 
1812 1883 1829 2114 
1756 1866 1975 2112 
1774 1879 1892 2112 
1848 1814 1890 2112 
1815 1858 1875 2112 
1892 1757 1901 2111 
1773 1897 1885 2110 
1815 1854 1904 2110 
1736 1863 1979 2109 
1800 1907 1864 2109 
1859 1797 1915 2109 
1813 1793 1921 2109 
1903 1873 1977 2108 
1773 1893 1914 2108 
1758 1946 1874 2107 
1782 1902 1893 2107 
1806 1909 1833 2107 
1721 1912 1968 2106 
1747 1874 1923 2106 
1740 1941 1903 2105 
1758 1954 1820 2105 
1788 1880 1952 2105 
1861 1882 1869 2105 
1815 1890 1931 2104 
1690 1917 1932 2103 
1716 1993 1830 2103 
1828 1922 1883 2103 
1810 1917 1912 2101 
1787 1855 1989 2100 
1759 1878 1983 2100 
1788 1883 1947 2100 
1819 1924 1770 2100 
1812 1797 1984 2100 
1815 1893 1926 2099 
1725 1883 1972 2098 
1763 1907 1916 2098 
1755 1883 1959 2098 
1889 1892 1833 2098 
1905 1799 1768 2098 
1772 1904 1978 2097 
1744 1927 1972 2097 
1773 1932 1936 2097 
1797 1888 1955 2097 
1910 1801 1840 2096 
1789 1935 1888 2095 
1822 1891 1903 2095 
1832 1920 1865 2095 
1833 1898 1843 2095 
1855 1907 1822 2094 
1921 1917 1916 2093 
1789 1931 1917 2093 
1668 1802 1990 2092 
1822 1947 1836 2092 
1833 1874 1928 2092 
1927 1828 1779 2092 
1739 1956 1907 2091 
1747 1982 1844 2091 
1764 1940 1884 2091 
1903 1912 1945 2091 
1835 1812 1988 2091 
1906 1966 1905 2090 
1804 1918 1955 2090 
1813 1808 1989 2090 
1730 1836 1991 2089 
1702 1859 1985 2089 
1721 1951 1936 2089 
1817 1950 1907 2089 
1888 1961 1934 2088 
1793 1805 1993 2087 
1799 1945 1936 2087 
1801 1825 2008 2086 
1756 1872 1986 2086 
1802 1999 1896 2086 
1804 1921 1950 2085 
1774 1881 1961 2085 
1967 1936 1855 2085 
1786 1916 1979 2083 
1741 1921 1975 2083 
1845 1911 1965 2083 
1762 1971 1911 2082 
1834 1866 1979 2082 
1862 1843 1985 2082 
1941 1786 1883 2082 
1731 1833 1992 2081 
1709 1893 1980 2081 
1820 1882 1995 2080 
1772 1943 1946 2080 
1744 1966 1940 2080 
1877 1757 1989 2080 
1846 1893 1947 2080 
1847 1892 1974 2079 
1865 1883 2004 2078 
1807 1975 1856 2078 
1937 1955 1919 2078 
1824 1840 2012 2077 
1752 1940 1950 2077 
1802 1836 2013 2076 
1919 1950 1948 2076 
1895 1994 1929 2076 
1895 1880 1986 2076 
1850 1932 1993 2075 
1877 1989 1958 2074 
1887 2018 1920 2074 
1787 1885 2002 2073 
1880 1929 1975 2073 
1770 1842 2005 2072 
1767 1882 2006 2070 
1776 1962 1966 2069 
1941 1899 1925 2068 
1924 1873 1926 2068 
1808 1864 2006 2067 
1905 1969 1804 2066 
1906 1868 1955 2066 
1745 1817 2015 2065 
1836 1920 1998 2065 
1736 1934 1981 2065 
1914 1881 1993 2065 
1915 1859 1971 2065 
1858 1767 2022 2064 
1691 1936 1972 2064 
1941 1900 1865 2064 
1818 1785 2019 2063 
1821 1834 2015 2063 
1881 1921 2007 2063 
1778 1945 1962 2063 
1907 1997 1905 2063 
1725 1814 2019 2062 
1771 1853 2010 2062 
1900 1908 1960 2062 
1941 1906 1871 2062 
1839 1960 2017 2061 
1911 1918 1989 2061 
1937 1994 1887 2061 
1970 1892 1865 2060 
1869 1957 1999 2059 
1805 1796 2025 2058 
1777 1819 2019 2058 
1877 1824 2009 2058 
1970 1982 1925 2058 
1928 1817 1932 2058 
1845 2009 1926 2057 
1833 2027 1878 2057 
1763 1835 2035 2056 
1930 1807 1938 2056 
1930 1845 2033 2055 
1839 1853 2020 2055 
1793 1977 1968 2055 
1944 1832 1953 2055 
1909 1858 1998 2054 
1952 1936 1943 2054 
1797 1892 2030 2053 
1765 1998 1936 2053 
1934 1931 1972 2052 
1975 1868 1825 2052 
1851 1959 1974 2051 
1810 1964 1961 2050 
1931 1897 1974 2050 
1819 2027 1946 2049 
1880 1945 1968 2049 
1890 1974 1930 2049 
1808 1982 1960 2048 
1889 1936 1984 2048 
1899 1965 1946 2048 
1786 1850 2039 2047 
1813 1860 2018 2046 
1881 1960 1975 2046 
1929 1962 1928 2046 
1816 1847 2021 2045 
1787 1935 2019 2044 
1771 1899 2028 2044 
1911 1957 1957 2044 
1939 1854 1950 2044 
1824 1966 1982 2043 
1850 2042 1880 2043 
1893 1862 2012 2043 
1732 1852 2032 2042 
1779 1873 2038 2041 
1751 1896 2032 2041 
1782 2005 1992 2041 
1944 1945 1995 2041 
1946 1883 2036 2040 
1807 1990 1948 2040 
1846 1890 2019 2040 
1790 1776 2048 2039 
1896 1902 2031 2039 
1836 1815 2039 2039 
1908 2015 1874 2039 
1925 1896 2001 2039 
1813 1930 2033 2038 
1839 2006 1931 2038 
1840 1978 1986 2037 
1926 1899 2013 2037 
1729 1831 2041 2036 
1842 1916 2027 2036 
1843 1927 2015 2036 
1963 1910 1975 2036 
1842 1781 2048 2035 
1944 1952 1941 2035 
1977 1938 1872 2035 
1820 1777 2049 2034 
1703 2050 1805 2034 
1844 1936 2003 2034 
1872 1913 2009 2034 
1901 1954 1970 2034 
1898 1989 1907 2034 
1737 1805 2051 2033 
1783 1844 2042 2033 
1709 1828 2045 2033 
1902 1991 1951 2033 
1926 1947 1970 2033 
1973 1938 1935 2033 
1904 1815 2049 2032 
1802 1888 2042 2032 
1865 2024 1849 2032 
2008 1895 1831 2032 
1854 1834 2044 2031 
1802 1984 1977 2030 
1797 1987 1961 2030 
1887 1926 1997 2030 
1915 2016 1846 2030 
1964 1924 1980 2030 
1889 1864 2038 2029 
1832 1981 1959 2028 
1842 2010 1921 2028 
1926 1950 1965 2028 
1981 1861 1859 2028 
1990 1849 1849 2028 
1748 1890 2035 2027 
1808 2033 1886 2026 
1824 2005 1950 2026 
1915 1900 2033 2026 
1843 1792 2053 2025 
1936 1950 1969 2025 
1964 1927 1975 2025 
1978 1914 1895 2025 
1760 1820 2055 2024 
1852 1853 2042 2024 
1979 1926 1813 2024 
1946 1922 2004 2023 
1878 1925 1998 2023 
1745 1869 2044 2021 
1813 1969 2001 2021 
1832 1983 1960 2021 
1981 1954 1914 2021 
1888 1918 2029 2020 
1889 1928 2011 2020 
1841 1930 2006 2020 
1858 2030 1871 2020 
1951 1842 1987 2020 
1797 1814 2061 2019 
1706 1822 2048 2019 
1836 1815 2052 2019 
1814 1920 2020 2019 
1847 2026 1906 2019 
1843 1966 1983 2019 
1963 1949 1943 2019 
1873 1832 2046 2018 
1799 1882 2045 2018 
1771 1905 2039 2018 
1756 1975 2008 2018 
1782 2051 1906 2018 
1825 1871 2038 2018 
1918 1915 2011 2018 
1944 1991 1909 2018 
1794 1854 2062 2017 
1844 1975 1971 2017 
1872 1952 1977 2017 
1946 1929 1950 2017 
1982 1878 1859 2017 
1870 1872 2047 2016 
1876 1954 2021 2016 
1785 1961 2002 2016 
1810 1785 2055 2016 
1919 1924 1999 2016 
1947 1901 2005 2016 
1973 1977 1903 2016 
1987 1795 1871 2016 
1878 1892 2062 2015 
1982 1858 1901 2015 
1895 1967 1962 2014 
1905 1940 2015 2014 
1899 1858 2041 2014 
1915 2002 1867 2014 
1999 1905 1798 2013 
1858 1908 2039 2012 
1829 2024 1930 2012 
1851 2029 1877 2012 
1990 2004 1842 2012 
1964 1928 1944 2012 
1794 1747 2065 2011 
1865 2031 1843 2011 
1901 2000 1884 2011 
1865 1912 2030 2010 
1907 1969 1955 2010 
1922 1967 1954 2010 
1752 1786 2075 2009 
1833 1963 1996 2009 
1915 1939 2001 2009 
1983 1907 1853 2009 
2015 1851 1778 2009 
1817 1869 2066 2008 
1910 1997 1868 2008 
1957 1776 1999 2008 
1979 1815 1944 2008 
1746 2066 1835 2007 
1907 2035 1881 2007 
1878 1964 1966 2006 
1950 1948 1970 2006 
1879 1995 1944 2005 
1811 1972 1992 2005 
1906 1962 1968 2005 
1899 1797 2050 2005 
1907 1972 1950 2005 
1933 2012 1866 2005 
1967 1880 1990 2005 
1968 1908 1948 2005 
1985 1905 1866 2005 
1988 1812 1871 2005 
1953 1835 2017 2004 
1979 1911 1915 2004 
2002 1837 1886 2004 
1774 2019 1947 2003 
1764 2053 1865 2003 
1889 1967 1979 2003 
1865 1975 1978 2003 
1888 1957 1997 2003 
1936 1959 1950 2003 
1767 2066 1825 2002 
1817 1762 2069 2002 
1821 1989 1976 2002 
1942 1994 1900 2002 
1756 2014 1976 2001 
1775 2028 1935 2001 
1924 1999 1889 2001 
1918 1954 1979 2001 
1937 1968 1938 2001 
1947 2021 1866 2001 
1965 1945 1944 2001 
1984 1907 1929 2001 
1993 1895 1919 2001 
1775 1801 2079 2000 
1831 1963 2004 2000 
1797 2041 1903 2000 
1874 1957 2012 2000 
1868 1959 1995 2000 
1920 1892 2020 2000 
1949 1984 1845 2000 
1970 1862 1956 2000 
1785 2000 1970 1999 
1851 2023 1891 1999 
1894 2006 1906 1999 
1919 1963 1967 1999 
1906 1994 1918 1999 
1947 1940 1973 1999 
1975 1890 1948 1999 
1832 1909 2051 1998 
1878 1931 2030 1998 
1885 1773 2051 1998 
1893 1828 2045 1998 
1837 1982 1977 1997 
1857 1729 2063 1997 
1972 1856 1950 1997 
1982 1972 1883 1997 
1987 1908 1866 1997 
1807 2052 1810 1996 
1862 1906 2033 1996 
1912 1988 1935 1996 
1984 1910 1924 1996 
1836 1867 2068 1995 
1721 1803 2072 1995 
1821 1937 2037 1995 
1808 2044 1832 1995 
1825 1992 1947 1995 
1768 1824 2078 1994 
1814 1863 2069 1994 
1859 1977 1978 1994 
1933 1896 2035 1994 
1895 1958 1969 1994 
1957 1989 1944 1994 
1966 1905 1953 1994 
1935 1834 2076 1993 
1973 1814 2002 1993 
1914 1847 2041 1992 
1962 1882 2029 1992 
1879 1910 2031 1991 
1853 2044 1839 1990 
1967 2000 1851 1990 
1985 1924 1929 1990 
1710 1761 2081 1989 
1809 1885 2064 1989 
1821 2054 1831 1989 
1858 1984 1976 1989 
1904 1965 1959 1989 
1971 1879 1956 1989 
1990 1841 1941 1989 
1997 1960 1789 1989 
1760 1914 2041 1988 
1883 2019 1917 1988 
1922 1854 2044 1988 
1967 1919 1958 1988 
1794 1799 2081 1987 
1772 1795 2082 1986 
1817 2028 1893 1986 
1865 2014 1946 1986 
1893 1993 1945 1986 
1952 1868 2057 1986 
1889 1909 2017 1986 
2002 1951 1868 1986 
1791 1839 2082 1985 
1754 2017 1967 1985 
1916 1957 1970 1985 
1988 1906 1895 1985 
1819 1915 2054 1984 
1847 1948 2027 1984 
1795 1989 1979 1984 
1990 1844 1936 1984 
1984 1946 1897 1984 
1757 1844 2071 1983 
1831 2002 1972 1983 
1988 1937 1910 1983 
1717 2042 1932 1982 
1723 2059 1855 1982 
1778 2063 1806 1982 
1795 2051 1838 1982 
1870 1794 2078 1982 
1849 1912 2036 1982 
1848 1901 2048 1982 
1971 1924 1997 1982 
1990 1900 1889 1982 
2018 1897 1848 1982 
2003 1936 1748 1982 
1810 1973 1992 1981 
1792 2048 1890 1981 
1838 2028 1883 1981 
1913 1965 1984 1981 
1926 2011 1887 1981 
1982 1861 2014 1981 
1737 1841 2075 1980 
1828 2055 1803 1980 
1811 2004 1970 1980 
1801 2038 1888 1980 
1865 2021 1892 1980 
1953 1919 2026 1980 
1994 1804 1918 1980 
1756 2045 1911 1979 
1858 1974 1999 1979 
1821 2035 1890 1979 
1886 1951 2005 1979 
1979 1923 1956 1979 
1984 1949 1892 1979 
1653 1742 2083 1978 
1775 1954 2026 1978 
1821 1976 2005 1978 
1796 2050 1836 1978 
1988 1951 1936 1978 
1985 1863 1938 1978 
1991 1858 1941 1978 
1744 2057 1863 1977 
1874 2003 1926 1977 
1903 1998 1902 1977 
1971 2015 1832 1977 
1870 2059 1841 1976 
1889 1851 2065 1976 
1869 1977 1964 1976 
1935 1873 2044 1976 
1806 1879 2067 1975 
1895 2022 1893 1975 
1895 1849 2059 1975 
1828 1726 2091 1974 
1726 1799 2084 1974 
1802 2022 1953 1974 
1900 2034 1919 1974 
1969 1930 1949 1974 
2008 1885 1880 1974 
1684 2068 1853 1973 
1893 1809 2082 1973 
1925 2019 1875 1973 
1959 1887 1999 1973 
1987 1837 1974 1973 
2008 1884 1893 1973 
1727 2077 1825 1972 
1921 1885 2054 1972 
1928 2032 1835 1972 
1999 1891 1948 1972 
1788 1833 2085 1971 
1760 1856 2079 1971 
1931 1959 1960 1971 
1792 1983 1982 1970 
1860 1995 1947 1970 
1910 2045 1826 1970 
1958 2007 1913 1970 
2006 1902 1820 1970 
1752 1930 2039 1969 
1760 2065 1863 1969 
1889 1998 1970 1969 
1913 1954 1989 1969 
1960 1945 1954 1969 
1784 2079 1862 1968 
1940 2002 1942 1968 
1866 1827 2078 1967 
1894 1891 2055 1967 
1684 1731 2097 1966 
1756 2039 1925 1966 
1808 1998 1973 1966 
1789 1993 1978 1966 
1810 2035 1899 1966 
1895 1913 2032 1966 
1928 2032 1856 1966 
1851 1741 2095 1965 
1855 1968 2002 1965 
1903 1966 1959 1965 
1977 1872 1990 1965 
1762 1960 2029 1964 
1790 1993 2002 1964 
1738 2034 1954 1964 
1766 2011 1960 1964 
1798 2045 1869 1964 
1798 2047 1851 1964 
1857 1906 2043 1964 
1900 1974 1957 1964 
1924 1900 2032 1964 
1928 1951 1963 1964 
1977 1871 2003 1964 
2005 1913 1757 1964 
1669 1780 2086 1963 
1854 1863 2070 1963 
1926 1838 2073 1963 
1819 2038 1881 1963 
1920 2013 1904 1963 
1915 2016 1888 1963 
2009 1907 1815 1963 
1650 2060 1877 1962 
1776 2006 1955 1962 
1824 2065 1847 1962 
1801 2043 1870 1962 
1876 1857 2068 1962 
1914 1969 1972 1962 
1904 1890 2041 1962 
1963 1983 1873 1962 
1884 1877 2083 1961 
1753 2018 1967 1961 
1815 2036 1889 1961 
1896 1964 2001 1960 
1819 2045 1859 1959 
1978 1986 1898 1959 
1782 2055 1864 1958 
1778 1941 2029 1958 
1956 1831 2030 1958 
1989 1817 1961 1958 
1802 1803 2104 1957 
1758 2060 1873 1957 
1839 1991 1975 1957 
1846 2043 1877 1957 
1960 1981 1927 1957 
1845 1974 2010 1956 
1749 1924 2042 1955 
1740 2055 1902 1955 
1838 2067 1868 1955 
1828 2038 1906 1955 
1948 2011 1841 1955 
1995 1907 1883 1955 
2012 1839 1903 1954 
2024 1769 1775 1954 
1878 2047 1832 1953 
1991 1907 1946 1953 
1997 1850 1988 1953 
1753 2033 1928 1952 
1833 1923 2031 1952 
1867 2043 1867 1952 
1867 1971 1978 1952 
1956 1933 1991 1952 
1960 1984 1922 1952 
2023 1776 1844 1952 
1821 1860 2091 1951 
1686 2083 1815 1951 
1798 2039 1883 1951 
1874 2004 1935 1951 
1973 1865 2011 1951 
1983 1962 1858 1951 
1735 2028 1957 1950 
1959 1820 2038 1950 
2000 1852 1912 1950 
1823 1880 2067 1949 
1832 2043 1945 1949 
1716 2058 1893 1949 
1856 1999 1964 1949 
1895 1855 2070 1949 
2011 1841 1890 1949 
1823 1747 2090 1948 
1977 2011 1861 1948 
1965 1759 2033 1948 
1698 2053 1922 1947 
1829 1912 2038 1947 
1924 1841 2064 1947 
1990 1892 1950 1947 
1707 2081 1823 1946 
1898 1900 2035 1946 
1894 1976 1974 1946 
1926 1877 2041 1946 
1962 1765 2042 1946 
1963 1872 2004 1946 
1721 2083 1789 1945 
1890 2016 1939 1945 
1849 2041 1891 1945 
1914 1972 1958 1945 
2002 1826 1948 1945 
1779 2019 1960 1944 
1737 2056 1901 1944 
1769 2053 1878 1944 
1858 2046 1853 1944 
2014 1880 1922 1944 
1872 2011 1968 1943 
1863 1714 2084 1943 
1974 1875 1969 1943 
2020 1883 1787 1943 
2024 1811 1711 1943 
2025 1791 1710 1943 
1719 2051 1930 1942 
1631 2086 1783 1942 
1888 2043 1835 1942 
1952 1949 1968 1942 
1796 1813 2098 1941 
1827 1922 2058 1941 
1842 1852 2089 1941 
1860 2041 1882 1941 
1998 1948 1920 1941 
1774 1809 2099 1940 
1766 2083 1796 1940 
1972 1890 1974 1940 
1941 1819 2097 1939 
1832 1983 1983 1939 
1833 2048 1869 1939 
1921 2031 1873 1939 
1979 1799 2023 1939 
2015 1785 1896 1939 
1721 1986 2004 1938 
1796 2058 1874 1938 
1802 1940 2028 1938 
1852 2022 1930 1938 
2000 1890 1887 1938 
2016 1790 1855 1938 
1747 2103 1822 1937 
1885 1895 2052 1937 
1903 2026 1902 1937 
1985 1738 2018 1937 
2008 1959 1827 1937 
1778 2053 1903 1936 
1908 1974 1958 1936 
2006 1843 1929 1936 
1815 1870 2085 1935 
1803 2073 1812 1935 
1891 2056 1816 1935 
1955 1962 1949 1935 
1795 2045 1896 1934 
1874 2043 1903 1934 
1880 1934 2021 1934 
1908 1911 2027 1934 
1805 2076 1816 1933 
2000 1893 1882 1933 
2016 1899 1804 1933 
1810 2016 1953 1932 
1875 1902 2045 1932 
1878 2040 1848 1932 
1895 1894 2038 1932 
1899 1978 1966 1932 
1892 1990 1953 1932 
1902 2019 1915 1932 
1903 2029 1897 1932 
1909 1920 2015 1932 
1972 1992 1862 1932 
2013 1938 1765 1932 
1797 1824 2103 1931 
1764 1905 2066 1931 
1787 2089 1807 1931 
1949 2029 1810 1931 
1950 1938 1978 1931 
2031 1725 1722 1931 
1776 1967 2012 1930 
1770 2076 1894 1930 
1932 2016 1897 1930 
2004 1806 1935 1930 
1904 1900 2034 1929 
1876 1779 2099 1928 
1920 2056 1836 1928 
1800 1990 1986 1927 
1892 1993 1948 1927 
1743 1826 2096 1926 
1690 2084 1824 1926 
1730 2048 1909 1926 
1812 2044 1897 1926 
2026 1822 1914 1925 
2025 1823 1774 1925 
2002 1899 1901 1924 
2038 1765 1818 1924 
1854 1912 2049 1923 
1947 1958 1953 1923 
2005 1901 1872 1923 
1841 2071 1792 1922 
1895 1994 1943 1922 
1812 1864 2088 1921 
1773 2008 1982 1921 
1785 1897 2064 1921 
1826 1985 2000 1921 
2022 1833 1816 1921 
1834 1711 2112 1920 
1732 1784 2105 1920 
1871 2046 1870 1920 
2016 1904 1837 1920 
1790 2055 1879 1919 
1899 1794 2103 1919 
1814 1884 2064 1919 
1962 1844 2030 1919 
1816 1822 2105 1918 
1697 2118 1819 1918 
1872 2046 1894 1918 
1844 1919 2042 1918 
1966 1823 2030 1918 
2001 1885 1920 1918 
2005 1904 1867 1918 
2023 1839 1797 1918 
1794 1818 2106 1917 
1766 1841 2100 1917 
1940 2035 1821 1917 
1966 1822 2043 1917 
1983 1855 1953 1917 
2031 1845 1858 1917 
1773 1961 2015 1916 
1841 2071 1813 1916 
1851 2019 1933 1916 
2027 1857 1781 1916 
1758 1915 2060 1915 
1835 2071 1859 1915 
1898 2007 1924 1915 
1942 1837 2066 1915 
1966 1930 1975 1915 
1765 2057 1895 1914 
1755 2091 1813 1914 
1954 1772 2051 1914 
2015 1915 1774 1914 
1997 1864 1953 1913 
1690 1716 2118 1912 
1737 2104 1804 1912 
1845 2064 1890 1912 
1835 2035 1928 1912 
1915 2037 1837 1912 
1967 1937 1938 1912 
1857 1726 2116 1911 
1893 1983 1953 1911 
1956 1808 2071 1911 
2006 1891 1882 1911 
1735 2082 1838 1910 
1999 1782 1972 1910 
1675 1765 2107 1909 
1760 2030 1950 1909 
1915 2039 1854 1908 
2000 1785 1984 1908 
2021 1832 1903 1908 
1835 2038 1923 1907 
2022 1837 1862 1907 
1723 2055 1915 1906 
1887 2065 1784 1906 
1986 1801 2028 1906 
2051 1824 1843 1906 
1850 1749 2115 1905 
1824 1988 1991 1905 
1983 1864 1957 1905 
1855 2050 1844 1904 
1893 1920 2021 1904 
1943 2035 1774 1904 
1962 1816 2051 1904 
1901 1973 1996 1903 
1948 1771 2078 1903 
1780 2082 1824 1902 
1787 2013 1956 1902 
1838 1929 2036 1902 
1860 1911 2039 1902 
1866 1906 2042 1902 
2033 1778 1861 1902 
1755 1909 2063 1901 
1744 2053 1923 1901 
1911 1854 2063 1901 
1972 1957 1904 1901 
2023 1878 1765 1901 
1891 1810 2101 1900 
1846 1896 2051 1900 
1797 2006 1987 1899 
1869 1806 2102 1899 
1895 2040 1857 1899 
1997 1892 1967 1899 
1706 1754 2121 1897 
1709 1886 2075 1897 
1827 2003 1969 1897 
2041 1811 1888 1897 
1873 1764 2119 1896 
1671 2088 1835 1895 
1803 2055 1896 1895 
1844 2082 1808 1895 
1909 1975 1950 1895 
2017 1826 1911 1895 
1987 1899 1960 1894 
2006 1922 1836 1894 
1838 1923 2044 1893 
1804 2055 1920 1893 
1938 1962 1950 1893 
1769 1797 2110 1892 
1968 1750 2063 1892 
2004 1736 1936 1892 
1773 2080 1839 1891 
1920 1957 1979 1891 
1993 1989 1837 1891 
2005 1760 1935 1891 
1643 2095 1834 1889 
1798 1895 2059 1889 
1858 2084 1829 1888 
1957 1826 2040 1887 
1825 1992 1979 1886 
1864 1909 2033 1886 
1672 2093 1841 1885 
2012 1853 1927 1885 
2007 1741 1931 1885 
2021 1899 1749 1885 
1864 2061 1793 1884 
1718 2115 1773 1883 
1847 2048 1880 1883 
2026 1901 1821 1883 
1713 2080 1847 1882 
2015 1855 1851 1882 
1862 2068 1767 1881 
2008 1896 1850 1881 
1714 2089 1835 1880 
1779 2091 1757 1880 
2015 1774 1958 1880 
1801 2003 1972 1879 
2016 1779 1917 1879 
1750 1627 2124 1878 
1728 2063 1914 1877 
1878 2063 1814 1877 
2004 1778 1939 1877 
1675 2124 1748 1876 
1759 2093 1780 1876 
1977 1805 2025 1876 
1963 1760 2052 1875 
2035 1825 1791 1875 
2016 1888 1866 1874 
1906 2059 1734 1873 
1822 1940 2031 1872 
1844 1922 2034 1872 
1895 1865 2058 1871 
1967 1812 2018 1871 
2032 1835 1833 1871 
1832 1821 2098 1870 
1995 1714 1991 1870 
1762 2106 1761 1869 
1924 2046 1764 1869 
2038 1838 1772 1868 
1747 2081 1837 1867 
2030 1852 1773 1867 
1711 2083 1838 1866 
2002 1888 1934 1866 
2030 1852 1802 1866 
1798 1997 1975 1865 
1922 2036 1876 1865 
1721 1656 2129 1864 
1807 2106 1768 1864 
1983 1739 2037 1864 
1978 1903 1957 1864 
1790 2093 1855 1863 
1922 1973 1945 1863 
1904 1968 1974 1861 
2010 1783 1943 1861 
1707 2096 1841 1860 
2003 1929 1837 1860 
1791 1957 2028 1858 
2022 1749 1921 1857 
1677 2121 1784 1856 
1872 2047 1843 1853 
1810 2072 1840 1852 
1912 1888 2044 1852 
1900 1746 2113 1851 
2030 1762 1928 1850 
1737 1694 2132 1849 
2006 1777 1951 1848 
1873 1985 1971 1847 
1752 2094 1799 1846 
1716 2065 1898 1845 
1749 2096 1799 1845 
1865 2081 1851 1845 
2028 1683 1933 1845 
1680 2087 1856 1844 
2028 1887 1760 1844 
1770 2094 1807 1840 
1706 2105 1774 1838 
1887 2070 1724 1838 
2047 1751 1850 1838 
1721 2086 1857 1837 
1756 2097 1771 1836 
2004 1829 1948 1835 
2023 1914 1771 1835 
1885 2060 1836 1834 
2004 1725 1998 1833 
1630 2080 1861 1832 
1777 2095 1779 1831 
1804 1943 2028 1828 
1740 2112 1690 1827 
1741 1674 2129 1827 
1910 1914 2027 1824 
1718 2080 1860 1823 
1698 2118 1738 1821 
1681 2105 1825 1820 
2021 1766 1925 1820 
2027 1875 1763 1820 
1837 2085 1721 1819 
1831 2085 1767 1818 
1719 2116 1746 1816 
1702 2103 1833 1815 
1733 2118 1712 1815 
2019 1687 1930 1815 
1655 2127 1713 1814 
1902 1672 2106 1814 
1893 2066 1753 1809 
1995 1729 1995 1803 
1648 2133 1735 1802 
1767 2098 1798 1800 
1809 1625 2120 1799 
1814 1608 2121 1794 
2052 1684 1615 1793 
2029 1861 1702 1781 
1800 1898 2059 1779 
1905 1662 2098 1779 
1815 2091 1650 1777 
2055 1696 1699 1777 
1705 2107 1778 1776 
2008 1638 1970 1768 
1769 1590 2123 1760 
1789 1617 2123 1758 
2033 1640 1899 1749 
2054 1699 1637 1743 
2054 1645 1710 1736 
2053 1652 1779 1734 
2057 1711 1721 1727 
2052 1709 1751 1703 
2058 1639 1651 1668 
