#Solver type:
nMOCO-S
#Solver status:
AbortTimeLimit
#Number of nondominated points:
1439
#Number of models solved:
8891
#Elapsed time (seconds):
600.414
#Incumbent ideal point:
2015 2183 2037 2081 
#Incumbent nadir point:
1638 1697 1678 1912 
#The set of nondominated points:
1678 1933 1728 2081 
1687 1862 1737 2078 
1666 1900 1765 2076 
1682 1859 1750 2076 
1736 1984 1803 2075 
1715 2022 1831 2073 
1719 1948 1853 2068 
1780 1887 1833 2068 
1765 1984 1812 2067 
1760 1981 1825 2065 
1787 1932 1795 2065 
1820 1937 1805 2064 
1766 1970 1823 2063 
1771 1938 1791 2063 
1670 1954 1851 2062 
1731 1906 1838 2062 
1783 1938 1751 2061 
1699 1956 1846 2060 
1735 1978 1859 2059 
1797 1948 1773 2059 
1770 1896 1845 2058 
1773 1973 1734 2058 
1720 2015 1789 2057 
1803 1901 1855 2057 
1821 1913 1779 2057 
1752 2011 1762 2056 
1731 2012 1744 2056 
1710 1988 1833 2055 
1675 2016 1839 2055 
1800 1951 1807 2055 
1783 1995 1847 2054 
1703 2028 1804 2054 
1734 2009 1840 2053 
1785 1940 1840 2053 
1795 1948 1820 2053 
1812 1938 1760 2053 
1694 1964 1880 2052 
1664 1973 1874 2052 
1794 1952 1813 2052 
1807 1984 1770 2052 
1746 1996 1793 2051 
1780 1937 1853 2051 
1799 1939 1810 2051 
1824 1927 1740 2051 
1741 2042 1803 2050 
1735 1913 1873 2050 
1701 1943 1865 2050 
1765 2023 1780 2050 
1802 1981 1783 2050 
1804 1877 1829 2050 
1809 1858 1817 2050 
1826 1962 1760 2050 
1759 1975 1881 2049 
1733 1997 1843 2049 
1786 1926 1851 2049 
1793 1957 1801 2049 
1794 1936 1823 2049 
1693 1952 1883 2048 
1747 2024 1874 2048 
1726 2037 1814 2048 
1761 2009 1808 2048 
1760 2020 1793 2048 
1773 1907 1856 2048 
1787 1976 1794 2048 
1834 1846 1836 2048 
1804 1855 1830 2048 
1825 1930 1763 2048 
1703 1871 1890 2047 
1668 1899 1896 2047 
1833 1905 1755 2047 
1752 1945 1884 2046 
1783 1893 1858 2046 
1828 1853 1762 2046 
1682 1909 1918 2045 
1799 2025 1853 2045 
1687 1877 1886 2045 
1825 1920 1814 2045 
1830 1888 1782 2045 
1839 1924 1814 2044 
1828 1968 1766 2044 
1751 1950 1896 2043 
1710 1994 1886 2043 
1812 1889 1876 2043 
1820 1917 1827 2043 
1809 1926 1810 2043 
1844 1898 1804 2043 
1736 2053 1792 2042 
1738 2031 1811 2042 
1762 2026 1799 2042 
1818 1962 1842 2042 
1823 1965 1779 2042 
1706 2001 1882 2041 
1726 1880 1900 2041 
1747 2050 1747 2041 
1778 1917 1882 2041 
1767 1940 1862 2041 
1787 1819 1880 2041 
1820 1907 1835 2041 
1851 1890 1796 2041 
1666 1956 1922 2040 
1693 2032 1861 2040 
1691 2054 1842 2040 
1717 2027 1849 2040 
1726 2026 1836 2040 
1777 1978 1868 2040 
1803 1951 1875 2040 
1827 1991 1773 2040 
1864 1890 1855 2040 
1825 1941 1827 2040 
1830 1949 1795 2040 
1838 1912 1817 2040 
1847 1941 1762 2040 
1752 2061 1782 2039 
1726 2088 1775 2039 
1825 1995 1805 2039 
1813 2000 1762 2039 
1852 1939 1848 2039 
1849 1976 1782 2039 
1782 1989 1903 2038 
1714 1920 1908 2038 
1710 2032 1832 2038 
1817 1950 1845 2038 
1827 1940 1798 2038 
1857 1951 1774 2038 
1656 2057 1826 2037 
1783 2034 1815 2037 
1850 2009 1837 2037 
1857 1860 1858 2037 
1822 1888 1864 2037 
1687 2059 1790 2036 
1710 1927 1904 2036 
1731 1874 1913 2036 
1761 2030 1851 2036 
1740 2031 1833 2036 
1787 1824 1892 2036 
1859 1907 1798 2036 
1856 1919 1777 2036 
1805 2010 1887 2035 
1781 2061 1783 2035 
1768 2029 1826 2035 
1836 1898 1886 2035 
1806 1907 1880 2035 
1724 1937 1926 2034 
1716 2041 1871 2034 
1740 2036 1859 2034 
1749 2035 1846 2034 
1751 2013 1865 2034 
1812 1952 1845 2034 
1853 1902 1804 2034 
1711 1968 1905 2033 
1676 1996 1911 2033 
1763 2049 1897 2033 
1776 2058 1796 2033 
1700 1991 1899 2033 
1800 2039 1773 2033 
1802 2012 1711 2033 
1865 1877 1806 2033 
1870 1845 1774 2033 
1732 2062 1820 2032 
1772 1901 1912 2032 
1742 1910 1906 2032 
1835 1903 1898 2032 
1843 1931 1849 2032 
1808 1959 1855 2032 
1811 1916 1856 2032 
1867 1912 1826 2032 
1702 1865 1946 2031 
1679 2066 1836 2031 
1736 2070 1744 2031 
1814 1913 1851 2031 
1875 1887 1818 2031 
1819 2011 1855 2030 
1810 1833 1902 2030 
1828 1926 1860 2030 
1828 1952 1838 2030 
1862 1909 1839 2030 
1863 1991 1891 2029 
1804 2018 1811 2029 
1823 1946 1931 2028 
1836 2014 1784 2028 
1869 1901 1831 2028 
1734 1977 1915 2027 
1696 1975 1917 2027 
1821 2030 1901 2027 
1785 2046 1798 2027 
1802 2045 1779 2027 
1880 1965 1796 2027 
1874 1940 1807 2027 
1686 1912 1950 2026 
1712 1952 1918 2026 
1880 1916 1799 2026 
1834 1982 1910 2025 
1792 2039 1855 2025 
1797 2042 1792 2025 
1875 1962 1809 2025 
1869 1932 1810 2025 
1870 1968 1775 2025 
1692 2026 1917 2024 
1865 2014 1785 2024 
1864 1915 1845 2024 
1877 1907 1802 2024 
1725 1954 1926 2023 
1731 2081 1733 2023 
1872 1855 1868 2023 
1864 1929 1823 2023 
1672 1924 1933 2022 
1819 2031 1899 2022 
1750 2058 1875 2022 
1799 2072 1818 2022 
1735 1873 1933 2022 
1700 1901 1939 2022 
1760 1949 1913 2022 
1823 2053 1795 2022 
1860 2011 1798 2022 
1884 1992 1775 2022 
1876 1904 1825 2022 
1884 1891 1818 2022 
1794 2038 1911 2021 
1655 2051 1882 2021 
1756 2069 1836 2021 
1686 2082 1783 2021 
1754 1956 1921 2021 
1856 1854 1914 2021 
1831 2028 1787 2021 
1878 1939 1845 2021 
1901 1834 1788 2021 
1744 1893 1954 2020 
1714 1911 1961 2020 
1718 1988 1923 2020 
1818 2050 1808 2020 
1898 1901 1840 2020 
1903 1869 1808 2020 
1808 1988 1934 2019 
1696 1952 1939 2019 
1735 2107 1864 2019 
1756 2060 1851 2019 
1745 2075 1784 2019 
1762 2073 1764 2019 
1780 2055 1839 2019 
1847 1993 1845 2019 
1876 1966 1813 2019 
1750 2007 1921 2018 
1779 2087 1900 2018 
1829 2001 1851 2018 
1867 1896 1880 2018 
1893 1898 1853 2018 
1887 1868 1854 2018 
1882 1907 1836 2018 
1710 1962 1961 2017 
1731 1940 1946 2017 
1766 1912 1940 2017 
1799 2033 1829 2017 
1845 2020 1813 2017 
1838 1995 1846 2017 
1883 1950 1829 2017 
1888 1918 1797 2017 
1895 1843 1846 2017 
1752 2108 1747 2016 
1758 1882 1943 2016 
1776 2089 1724 2016 
1808 2039 1879 2016 
1780 2055 1845 2016 
1837 2028 1704 2016 
1842 1925 1905 2016 
1869 1999 1800 2016 
1866 1906 1882 2016 
1876 1979 1828 2016 
1882 1865 1867 2016 
1852 2019 1915 2015 
1814 2050 1840 2015 
1876 1825 1889 2015 
1870 1914 1860 2015 
1878 1947 1842 2015 
1874 1881 1874 2015 
1758 2090 1818 2014 
1820 2056 1814 2014 
1861 1903 1895 2014 
1889 1916 1808 2014 
1673 1888 1969 2013 
1793 2088 1868 2013 
1754 1933 1943 2013 
1798 2056 1836 2013 
1871 1822 1902 2013 
1865 1936 1863 2013 
1868 1984 1849 2013 
1900 1921 1824 2013 
1837 2068 1904 2012 
1865 1929 1889 2012 
1868 1895 1887 2012 
1900 1872 1827 2012 
1697 1857 1967 2011 
1789 1921 1950 2011 
1756 1943 1940 2011 
1763 1876 1956 2011 
1810 2091 1797 2011 
1850 1860 1930 2011 
1879 1959 1852 2011 
1914 1931 1846 2011 
1888 1946 1775 2011 
1885 1958 1754 2011 
1850 2020 1913 2010 
1838 1909 1923 2010 
1854 2042 1809 2010 
1840 2022 1838 2010 
1858 2019 1832 2010 
1915 1981 1789 2010 
1885 1970 1813 2010 
1745 1910 1954 2009 
1855 1922 1895 2009 
1874 1956 1865 2009 
1866 1856 1889 2009 
1909 1928 1859 2009 
1749 1977 1937 2008 
1741 1992 1929 2008 
1749 2097 1755 2008 
1773 2092 1743 2008 
1815 1877 1935 2008 
1812 1942 1934 2008 
1849 2039 1822 2008 
1853 1878 1910 2008 
1864 2008 1841 2008 
1870 2007 1743 2008 
1899 1980 1835 2008 
1875 1993 1737 2008 
1904 1948 1803 2008 
1774 2095 1797 2007 
1834 1960 1923 2007 
1861 1853 1902 2007 
1878 1982 1859 2007 
1875 1868 1879 2007 
1734 1867 1989 2006 
1651 1913 1965 2006 
1770 1981 1944 2006 
1738 1944 1951 2006 
1838 2057 1717 2006 
1859 2005 1854 2006 
1867 1926 1868 2006 
1879 1876 1878 2006 
1883 1885 1874 2006 
1894 1977 1848 2006 
1918 1857 1868 2006 
1734 2026 1926 2005 
1758 2021 1914 2005 
1842 1835 1945 2005 
1801 1879 1935 2005 
1813 2074 1855 2005 
1860 2042 1726 2005 
1919 1907 1811 2005 
1689 1918 1975 2004 
1767 1946 1946 2004 
1785 2093 1763 2004 
1828 1885 1926 2004 
1863 2031 1848 2004 
1897 1895 1896 2004 
1854 1887 1899 2004 
1898 2003 1842 2004 
1872 1996 1848 2004 
1868 2017 1718 2004 
1870 2013 1720 2004 
1913 1854 1881 2004 
1902 1863 1864 2004 
1907 1968 1842 2004 
1727 1901 1986 2003 
1667 2123 1770 2003 
1737 2096 1851 2003 
1740 2100 1822 2003 
1794 2100 1759 2003 
1800 1874 1955 2003 
1855 2039 1739 2003 
1866 1931 1880 2003 
1901 1903 1874 2003 
1873 1926 1868 2003 
1757 1841 1971 2002 
1772 2096 1795 2002 
1751 2097 1777 2002 
1807 1958 1941 2002 
1838 1886 1945 2002 
1800 1884 1947 2002 
1821 2070 1858 2002 
1808 1849 1947 2002 
1831 1953 1929 2002 
1861 1858 1914 2002 
1892 1892 1909 2002 
1886 2006 1870 2002 
1796 2093 1848 2001 
1816 2076 1831 2001 
1857 2045 1837 2001 
1880 1941 1902 2001 
1882 1944 1885 2001 
1892 2017 1831 2001 
1899 1973 1863 2001 
1710 2001 1929 2000 
1698 2116 1726 2000 
1796 1925 1955 2000 
1733 1889 1957 2000 
1752 2097 1838 2000 
1751 2102 1803 2000 
1757 2101 1705 2000 
1805 1805 1957 2000 
1896 1918 1903 2000 
1859 1928 1903 2000 
1875 1973 1884 2000 
1912 1860 1857 2000 
1693 1844 1997 1999 
1757 2022 1935 1999 
1754 2132 1858 1999 
1754 1783 1977 1999 
1816 2002 1918 1999 
1792 2007 1930 1999 
1804 1900 1947 1999 
1815 2084 1847 1999 
1871 2055 1859 1999 
1869 1908 1916 1999 
1860 1850 1926 1999 
1854 1974 1913 1999 
1857 2012 1873 1999 
1876 2023 1827 1999 
1919 1935 1789 1999 
1763 1844 1967 1998 
1801 1812 1953 1998 
1848 1899 1919 1998 
1865 1990 1891 1998 
1884 2022 1852 1998 
1889 2008 1846 1998 
1785 1882 1990 1997 
1699 1958 1964 1997 
1776 1899 1968 1997 
1812 2013 1923 1997 
1825 1945 1931 1997 
1873 1952 1903 1997 
1881 1967 1892 1997 
1890 1932 1892 1997 
1750 2056 1932 1996 
1743 2089 1893 1996 
1774 2106 1787 1996 
1858 1865 1951 1996 
1830 2077 1799 1996 
1842 2061 1862 1996 
1839 2023 1902 1996 
1884 1867 1924 1996 
1856 1890 1918 1996 
1863 2004 1879 1996 
1904 1984 1778 1996 
1901 1996 1757 1996 
1935 1937 1817 1996 
1731 1950 1954 1995 
1738 1883 1970 1995 
1854 1934 1946 1995 
1809 1978 1925 1995 
1829 1964 1917 1995 
1844 1950 1919 1995 
1874 2057 1835 1995 
1870 1917 1905 1995 
1922 1912 1825 1995 
1918 1939 1727 1995 
1769 1933 1965 1994 
1801 1970 1958 1994 
1638 1988 1941 1994 
1797 2062 1912 1994 
1853 2036 1865 1994 
1858 2001 1892 1994 
1855 2013 1871 1994 
1862 1909 1938 1994 
1875 1981 1881 1994 
1903 1952 1881 1994 
1920 1974 1747 1994 
1725 1920 1970 1993 
1796 2112 1742 1993 
1852 2062 1788 1993 
1869 1916 1913 1993 
1891 2031 1740 1993 
1893 2027 1742 1993 
1895 1824 1907 1993 
1928 1907 1820 1993 
1716 1999 1943 1992 
1714 2115 1876 1992 
1715 1941 1959 1992 
1794 2027 1914 1992 
1760 2106 1794 1992 
1848 2033 1878 1992 
1840 2063 1754 1992 
1855 1966 1894 1992 
1883 2005 1872 1992 
1901 2002 1734 1992 
1904 1973 1793 1992 
1911 1863 1873 1992 
1937 1871 1833 1992 
1786 2019 1947 1991 
1754 1982 1954 1991 
1831 1863 1969 1991 
1847 1958 1927 1991 
1825 2089 1773 1991 
1827 2085 1775 1991 
1849 2070 1750 1991 
1868 2033 1860 1991 
1886 2028 1753 1991 
1888 2024 1755 1991 
1914 1988 1860 1991 
1923 1904 1833 1991 
1918 1947 1811 1991 
1808 2037 1936 1990 
1815 2069 1872 1990 
1852 2059 1872 1990 
1862 1937 1909 1990 
1906 1860 1886 1990 
1920 1952 1808 1990 
1926 1838 1847 1990 
1703 2072 1911 1989 
1757 2115 1824 1989 
1839 2034 1880 1989 
1844 2067 1763 1989 
1849 2061 1847 1989 
1918 1901 1867 1989 
1922 1920 1822 1989 
1777 1797 1999 1988 
1827 1914 1969 1988 
1838 2085 1860 1988 
1860 2007 1898 1988 
1906 1962 1898 1988 
1875 2009 1859 1988 
1899 2037 1849 1988 
1903 1996 1800 1988 
1915 1949 1821 1988 
1696 1930 1977 1987 
1785 2121 1872 1987 
1805 2104 1855 1987 
1846 2073 1861 1987 
1900 1897 1930 1987 
1894 1931 1905 1987 
1881 2045 1855 1987 
1907 2012 1841 1987 
1915 1795 1882 1987 
1772 2096 1880 1986 
1860 1852 1970 1986 
1794 1833 1981 1986 
1896 1966 1925 1986 
1875 1980 1887 1986 
1922 1993 1862 1986 
1911 1871 1870 1986 
1933 1956 1801 1986 
1944 1845 1807 1986 
1774 1961 1960 1985 
1812 1963 1958 1985 
1858 1936 1940 1985 
1866 1969 1922 1985 
1886 1987 1914 1985 
1891 2011 1887 1985 
1858 2059 1789 1985 
1926 2014 1864 1985 
1939 1891 1817 1985 
1677 1916 1983 1984 
1741 1950 1976 1984 
1790 1840 1977 1984 
1807 2091 1803 1984 
1873 2050 1876 1984 
1863 2062 1815 1984 
1854 2018 1915 1984 
1894 1993 1893 1984 
1905 1974 1867 1984 
1907 1865 1880 1984 
1749 1925 1968 1983 
1761 2053 1915 1983 
1885 1923 1960 1983 
1784 2071 1890 1983 
1815 2096 1828 1983 
1881 2015 1914 1983 
1876 2048 1817 1983 
1907 2042 1851 1983 
1953 1901 1839 1983 
1752 2134 1765 1982 
1828 2051 1926 1982 
1791 2121 1789 1982 
1843 1985 1929 1982 
1820 1949 1932 1982 
1816 1940 1936 1982 
1871 2036 1903 1982 
1852 2073 1778 1982 
1889 1990 1906 1982 
1887 2045 1772 1982 
1756 1909 1984 1981 
1770 2097 1878 1981 
1780 1904 1972 1981 
1776 1895 1976 1981 
1787 1837 1988 1981 
1796 2114 1801 1981 
1863 2085 1859 1981 
1924 2016 1756 1981 
1734 1974 1957 1980 
1715 2022 1940 1980 
1745 2104 1890 1980 
1707 2135 1815 1980 
1701 2138 1807 1980 
1870 1972 1949 1980 
1797 2091 1879 1980 
1938 1950 1828 1980 
1935 1962 1807 1980 
1940 1930 1775 1980 
1745 1876 1998 1979 
1775 2152 1829 1979 
1832 1942 1964 1979 
1803 2121 1737 1979 
1819 1829 1978 1979 
1836 2104 1818 1979 
1812 1991 1936 1979 
1817 1988 1927 1979 
1899 2022 1874 1979 
1879 2050 1793 1979 
1882 2055 1766 1979 
1919 1883 1917 1979 
1952 1924 1846 1979 
1735 1897 1987 1978 
1741 1958 1973 1978 
1703 2083 1901 1978 
1734 2071 1904 1978 
1772 1946 1976 1978 
1765 1953 1961 1978 
1759 2054 1913 1978 
1794 1864 1971 1978 
1844 1994 1918 1978 
1847 2101 1773 1978 
1922 1855 1867 1978 
1957 1827 1861 1978 
1931 1854 1854 1978 
1930 1959 1820 1978 
1951 1941 1822 1978 
1700 2071 1929 1977 
1730 2153 1879 1977 
1791 2105 1868 1977 
1826 2077 1862 1977 
1877 2052 1779 1977 
1927 1901 1876 1977 
1938 1963 1843 1977 
1945 1876 1854 1977 
1773 1950 1963 1976 
1795 2126 1758 1976 
1816 1993 1939 1976 
1869 2074 1874 1976 
1930 2026 1863 1976 
1936 1865 1889 1976 
1937 1973 1835 1976 
1934 1985 1814 1976 
1946 1938 1835 1976 
1783 1982 1955 1975 
1723 2028 1939 1975 
1806 1870 1983 1975 
1917 2001 1871 1975 
1924 1914 1882 1975 
1922 1898 1889 1975 
1940 1873 1867 1975 
1936 1990 1811 1975 
1698 1972 1966 1974 
1663 2096 1894 1974 
1762 1917 1977 1974 
1803 2085 1894 1974 
1855 2072 1883 1974 
1864 2037 1883 1974 
1927 1920 1878 1974 
1942 1952 1800 1974 
1774 2124 1861 1973 
1798 2105 1838 1973 
1811 2110 1718 1973 
1809 2096 1855 1973 
1889 2048 1803 1973 
1891 2044 1805 1973 
1957 2003 1878 1973 
1919 1911 1895 1973 
1915 2028 1839 1973 
1772 1939 1990 1972 
1704 1997 1951 1972 
1768 2031 1944 1972 
1678 2156 1740 1972 
1761 2064 1905 1972 
1734 2079 1901 1972 
1791 1919 1972 1972 
1825 1860 1971 1972 
1829 1869 1967 1972 
1906 1958 1906 1972 
1936 1963 1881 1972 
1935 1888 1896 1972 
1743 1978 1957 1971 
1758 2052 1933 1971 
1788 2134 1883 1971 
1790 2114 1830 1971 
1849 2086 1872 1971 
1912 2004 1928 1971 
1847 2087 1813 1971 
1700 1877 1991 1970 
1739 1985 1958 1970 
1748 2089 1923 1970 
1787 1908 1977 1970 
1874 1974 1943 1970 
1822 2110 1803 1970 
1824 2106 1805 1970 
1843 2021 1904 1970 
1883 2062 1792 1970 
1885 2058 1794 1970 
1902 1838 1931 1970 
1918 2034 1786 1970 
1921 1927 1893 1970 
1928 1840 1904 1970 
1941 2019 1792 1970 
1757 1988 1979 1969 
1783 1990 1952 1969 
1870 2043 1938 1969 
1777 1929 1966 1969 
1801 2086 1892 1969 
1803 1976 1944 1969 
1807 1985 1940 1969 
1824 1852 1983 1969 
1921 2012 1870 1969 
1920 1937 1885 1969 
1929 1902 1885 1969 
1780 2149 1813 1968 
1812 1901 1976 1968 
1808 2108 1812 1968 
1816 1910 1972 1968 
1836 1896 1964 1968 
1841 2101 1802 1968 
1897 1835 1944 1968 
1923 1837 1917 1968 
1776 1865 2012 1967 
1759 2125 1902 1967 
1772 1957 1966 1967 
1812 1917 1973 1967 
1796 1851 2004 1967 
1837 1804 1992 1967 
1820 2077 1891 1967 
1910 2039 1807 1967 
1912 2035 1809 1967 
1958 1894 1797 1967 
1765 2060 1918 1966 
1825 1853 1985 1966 
1814 2106 1881 1966 
1849 1848 1973 1966 
1875 2058 1870 1966 
1876 2029 1861 1966 
1801 1959 1961 1965 
1795 2108 1857 1965 
1813 1952 1951 1965 
1868 2078 1817 1965 
1879 2079 1760 1965 
1925 1933 1886 1965 
1969 1952 1857 1965 
1761 1914 2001 1964 
1797 1966 1962 1964 
1807 1887 1983 1964 
1815 1920 1965 1964 
1828 2111 1774 1964 
1835 1938 1957 1964 
1896 2032 1852 1964 
1894 2055 1721 1964 
1921 1920 1907 1964 
1929 1907 1897 1964 
1750 2109 1907 1963 
1787 2066 1908 1963 
1803 2096 1884 1963 
1810 1902 1974 1963 
1834 1957 1961 1963 
1803 1969 1958 1963 
1808 2114 1695 1963 
1839 2108 1729 1963 
1834 1897 1962 1963 
1870 1833 1962 1963 
1887 2038 1896 1963 
1894 1890 1931 1963 
1920 1930 1899 1963 
1948 1990 1885 1963 
1797 2067 1909 1962 
1793 1906 1991 1962 
1812 2141 1760 1962 
1798 2001 1940 1962 
1873 2093 1749 1962 
1852 2094 1731 1962 
1858 2077 1863 1962 
1893 2049 1857 1962 
1895 2063 1720 1962 
1891 2029 1865 1962 
1919 2044 1697 1962 
1919 2029 1852 1962 
1925 1833 1914 1962 
1943 2010 1829 1962 
1702 2163 1756 1961 
1772 2136 1837 1961 
1735 2146 1837 1961 
1792 1936 1972 1961 
1820 1987 1946 1961 
1792 2119 1820 1961 
1829 2094 1852 1961 
1833 2088 1826 1961 
1865 1831 1968 1961 
1922 2033 1819 1961 
1937 1957 1899 1961 
1944 1870 1910 1961 
1731 1833 2024 1960 
1799 2020 1958 1960 
1792 2053 1919 1960 
1790 1942 1969 1960 
1872 2087 1885 1960 
1816 2116 1873 1960 
1819 2006 1950 1960 
1866 1884 1962 1960 
1853 2102 1730 1960 
1885 2014 1915 1960 
1875 2028 1911 1960 
1877 2068 1862 1960 
1933 2039 1874 1960 
1912 2040 1856 1960 
1914 2041 1710 1960 
1936 1967 1891 1960 
1938 2007 1842 1960 
1935 2019 1821 1960 
1945 1932 1891 1960 
1752 2008 1959 1959 
1778 2026 1956 1959 
1776 2071 1913 1959 
1835 1983 1951 1959 
1813 1872 1973 1959 
1824 2091 1865 1959 
1844 1948 1951 1959 
1854 1933 1955 1959 
1878 1928 1943 1959 
1939 1867 1923 1959 
1725 2181 1820 1958 
1761 1942 1979 1958 
1779 1918 1974 1958 
1801 2122 1820 1958 
1807 1895 1980 1958 
1838 1883 1983 1958 
1855 2095 1819 1958 
1861 1882 1968 1958 
1899 1822 1963 1958 
1926 1914 1934 1958 
1916 2047 1808 1958 
1952 1916 1907 1958 
1742 1869 2003 1957 
1808 2090 1911 1957 
1819 2089 1871 1957 
1845 2047 1912 1957 
1835 2088 1831 1957 
1880 2041 1860 1957 
1925 2054 1804 1957 
1892 2061 1814 1957 
1889 1874 1939 1957 
1768 2045 1951 1956 
1793 1934 1969 1956 
1800 1867 1985 1956 
1843 1991 1940 1956 
1829 1997 1940 1956 
1841 2093 1828 1956 
1839 1982 1944 1956 
1874 2086 1818 1956 
1904 2030 1893 1956 
1924 1916 1912 1956 
1716 1840 2020 1955 
1803 1946 1980 1955 
1714 2049 1941 1955 
1799 1937 1984 1955 
1795 1955 1966 1955 
1793 2127 1841 1955 
1823 1932 1972 1955 
1850 2100 1824 1955 
1839 1998 1941 1955 
1846 1931 1957 1955 
1914 1949 1900 1955 
1937 1965 1896 1955 
1917 1997 1886 1955 
1943 2024 1823 1955 
1727 1918 1992 1954 
1825 2123 1814 1954 
1804 2124 1796 1954 
1824 2096 1877 1954 
1852 1934 1953 1954 
1858 2096 1757 1954 
1876 1929 1941 1954 
1886 2075 1803 1954 
1885 2048 1866 1954 
1907 2018 1875 1954 
1940 2013 1848 1954 
1722 1954 1987 1953 
1779 2081 1930 1953 
1748 2128 1891 1953 
1718 2046 1941 1953 
1765 1868 2001 1953 
1834 2052 1917 1953 
1833 2108 1758 1953 
1856 1929 1952 1953 
1899 1912 1952 1953 
1963 1986 1749 1953 
1701 1889 2009 1952 
1816 2061 1935 1952 
1783 2162 1824 1952 
1810 1973 1963 1952 
1834 2062 1909 1952 
1864 2086 1894 1952 
1844 2114 1813 1952 
1887 2049 1886 1952 
1895 2014 1898 1952 
1902 2065 1772 1952 
1927 2040 1737 1952 
1974 1932 1800 1952 
1717 2008 1963 1951 
1797 1860 1991 1951 
1851 1926 1965 1951 
1858 1799 1971 1951 
1768 2038 1965 1950 
1707 2003 1976 1950 
1737 2085 1926 1950 
1829 1990 1954 1950 
1822 2131 1756 1950 
1820 2058 1935 1950 
1819 2099 1839 1950 
1853 2053 1908 1950 
1884 1961 1941 1950 
1906 2078 1765 1950 
1883 2083 1745 1950 
1880 2051 1828 1950 
1974 1999 1843 1950 
1978 1958 1794 1950 
1748 1916 1993 1949 
1795 1948 1980 1949 
1766 2135 1851 1949 
1772 2030 1945 1949 
1823 1925 1986 1949 
1803 2125 1851 1949 
1803 1974 1958 1949 
1823 2108 1834 1949 
1884 1864 1966 1949 
1876 2006 1921 1949 
1899 2049 1834 1949 
1917 2075 1720 1949 
1968 1946 1913 1949 
1937 1958 1910 1949 
1732 1985 1985 1948 
1726 1880 2009 1948 
1739 1995 1966 1948 
1742 2135 1872 1948 
1847 2105 1887 1948 
1800 2127 1826 1948 
1836 1961 1961 1948 
1862 2121 1773 1948 
1882 2077 1881 1948 
1908 2057 1876 1948 
1897 1913 1950 1948 
1915 1807 1935 1948 
1943 2029 1870 1948 
1969 1996 1856 1948 
1809 2015 1970 1947 
1834 2045 1931 1947 
1845 1840 1976 1947 
1850 2103 1828 1947 
1865 2100 1705 1947 
1908 1796 1937 1947 
1946 2008 1802 1947 
1978 1858 1822 1947 
1756 2170 1834 1946 
1797 2139 1840 1946 
1733 1965 1982 1946 
1874 2042 1939 1946 
1788 2023 1947 1946 
1817 2122 1823 1946 
1819 2118 1825 1946 
1832 2111 1834 1946 
1922 2067 1898 1946 
1892 2043 1913 1946 
1953 1995 1902 1946 
1976 1878 1847 1946 
1981 1922 1793 1946 
1711 1929 1998 1945 
1769 1950 1971 1945 
1833 1828 2001 1945 
1826 1895 1985 1945 
1840 1838 1982 1945 
1913 1950 1942 1945 
1925 2046 1830 1945 
1951 2010 1811 1945 
1640 1871 2016 1944 
1745 2137 1848 1944 
1793 1955 1980 1944 
1809 2125 1768 1944 
1846 2055 1905 1944 
1852 2096 1786 1944 
1877 2080 1843 1944 
1887 2068 1780 1944 
1911 2034 1912 1944 
1918 1947 1923 1944 
1938 2032 1832 1944 
1962 2007 1766 1944 
1971 1875 1860 1944 
1695 1758 2037 1943 
1667 1781 2031 1943 
1756 1697 2017 1943 
1790 1844 2005 1943 
1824 2116 1855 1943 
1881 2089 1838 1943 
1853 2105 1804 1943 
1885 2068 1844 1943 
1888 2077 1798 1943 
1946 2007 1824 1943 
1949 2029 1787 1943 
1758 1907 2006 1942 
1782 1902 1994 1942 
1778 1893 1998 1942 
1806 1907 1989 1942 
1800 2141 1816 1942 
1800 2116 1876 1942 
1802 2137 1818 1942 
1811 1944 1974 1942 
1815 1935 1977 1942 
1849 1916 1969 1942 
1839 1930 1965 1942 
1858 2108 1830 1942 
1843 1841 1974 1942 
1861 2093 1805 1942 
1900 1869 1945 1942 
1924 1986 1921 1942 
1956 2012 1760 1942 
1957 2004 1779 1942 
1681 1848 2021 1941 
1779 2117 1905 1941 
1796 1958 1972 1941 
1820 1838 1992 1941 
1871 1934 1958 1941 
1881 1777 1972 1941 
1903 1794 1957 1941 
1926 1993 1920 1941 
1928 2067 1815 1941 
1814 2151 1838 1940 
1804 2153 1763 1940 
1807 1955 1979 1940 
1875 2103 1827 1940 
1877 2099 1829 1940 
1865 2105 1752 1940 
1940 2017 1885 1940 
1936 2042 1807 1940 
1975 1946 1844 1940 
1976 1906 1825 1940 
1774 1944 1998 1939 
1748 1997 1977 1939 
1744 2089 1931 1939 
1768 2084 1919 1939 
1791 1956 1978 1939 
1797 1881 2002 1939 
1798 2095 1895 1939 
1815 1835 2005 1939 
1834 1965 1958 1939 
1850 2123 1760 1939 
1879 1809 1980 1939 
1858 1820 1982 1939 
1851 1887 1966 1939 
1904 2011 1937 1939 
1911 2075 1749 1939 
1983 1942 1777 1939 
1762 2055 1944 1938 
1775 1907 1992 1938 
1803 1884 1998 1938 
1803 2118 1852 1938 
1827 1879 1986 1938 
1856 1983 1947 1938 
1839 1936 1959 1938 
1846 1869 1975 1938 
1850 1878 1971 1938 
1864 1823 1978 1938 
1850 2088 1853 1938 
1884 2042 1922 1938 
1888 1818 1966 1938 
1899 1845 1957 1938 
1916 2068 1761 1938 
1929 1779 1932 1938 
1947 2029 1825 1938 
1756 1890 2013 1937 
1779 2077 1938 1937 
1798 2167 1752 1937 
1760 1967 1975 1937 
1810 1833 2011 1937 
1793 2093 1901 1937 
1830 1819 2003 1937 
1901 1867 1950 1937 
1978 1832 1824 1937 
1733 2046 1966 1936 
1749 1952 1981 1936 
1757 2041 1954 1936 
1773 2124 1886 1936 
1780 2070 1914 1936 
1828 1903 1973 1936 
1875 1860 1980 1936 
1895 1846 1972 1936 
1924 1776 1945 1936 
1938 2052 1764 1936 
1939 2036 1700 1936 
1979 1859 1806 1936 
1768 1872 2021 1935 
1711 1941 1999 1935 
1760 1956 1981 1935 
1788 1933 1987 1935 
1792 1942 1983 1935 
1835 1987 1959 1935 
1828 1994 1944 1935 
1881 2092 1842 1935 
1901 2075 1825 1935 
1920 1845 1940 1935 
1966 2006 1799 1935 
1980 1832 1847 1935 
1764 1954 1996 1934 
1789 2155 1850 1934 
1795 1882 2000 1934 
1788 1949 1984 1934 
1784 2067 1914 1934 
1850 2107 1839 1934 
1832 1876 1984 1934 
1842 1779 1992 1934 
1841 1855 1982 1934 
1955 2011 1824 1934 
1958 2014 1690 1934 
1960 1953 1869 1934 
1971 1904 1851 1934 
1990 1983 1818 1934 
1979 1992 1801 1934 
1730 1818 2032 1933 
1753 2149 1902 1933 
1814 2101 1891 1933 
1791 2106 1893 1933 
1839 2131 1852 1933 
1829 1981 1965 1933 
1853 1976 1953 1933 
1837 1937 1957 1933 
1843 1862 1981 1933 
1860 1909 1969 1933 
1868 1925 1960 1933 
1904 1801 1961 1933 
1906 1882 1951 1933 
1914 1915 1933 1933 
1922 2068 1678 1933 
1935 2036 1826 1933 
1961 2003 1812 1933 
1973 1939 1871 1933 
1975 1829 1860 1933 
1999 1810 1837 1933 
1753 1921 2010 1932 
1772 2136 1855 1932 
1820 2036 1948 1932 
1827 1874 1990 1932 
1838 1990 1951 1932 
1838 1786 1988 1932 
1852 2098 1845 1932 
1942 2023 1926 1932 
1908 2069 1857 1932 
1887 2070 1839 1932 
1938 2034 1767 1932 
1969 2021 1846 1932 
1948 2022 1828 1932 
1972 1949 1863 1932 
1987 1859 1830 1932 
2001 1878 1821 1932 
1995 1892 1812 1932 
1780 1991 1988 1931 
1742 2116 1916 1931 
1736 1932 1999 1931 
1761 1896 2002 1931 
1818 1948 1979 1931 
1826 1904 1971 1931 
1884 2094 1818 1931 
1886 2090 1820 1931 
1918 1941 1927 1931 
1947 2042 1809 1931 
1945 2046 1807 1931 
1980 2018 1801 1931 
1982 2014 1803 1931 
1761 2163 1792 1930 
1807 2099 1895 1930 
1798 2153 1792 1930 
1831 2105 1890 1930 
1863 2070 1907 1930 
1833 1988 1957 1930 
1842 2016 1945 1930 
1839 1913 1981 1930 
1826 1923 1971 1930 
1832 1920 1966 1930 
1895 1839 1986 1930 
1859 2105 1781 1930 
1894 2078 1821 1930 
1900 1852 1961 1930 
1927 2060 1856 1930 
1929 2050 1815 1930 
1946 2008 1855 1930 
1958 1988 1860 1930 
1964 1962 1858 1930 
1982 1856 1843 1930 
1990 1989 1795 1930 
1797 2120 1884 1929 
1795 2155 1767 1929 
1804 1855 1995 1929 
1819 2074 1897 1929 
1820 2077 1895 1929 
1842 2133 1828 1929 
1866 1938 1952 1929 
1888 1901 1954 1929 
1903 2085 1817 1929 
1959 2056 1829 1929 
1964 2024 1797 1929 
1984 1924 1827 1929 
1791 2027 1967 1928 
1821 2109 1917 1928 
1847 2136 1854 1928 
1798 1922 1992 1928 
1856 1945 1967 1928 
1834 2036 1947 1928 
1841 1863 1979 1928 
1872 1851 1982 1928 
1908 2088 1843 1928 
1893 1902 1968 1928 
1882 2061 1906 1928 
1885 1935 1948 1928 
1898 2090 1768 1928 
1917 1897 1956 1928 
1943 2000 1886 1928 
1775 2078 1945 1927 
1811 2130 1906 1927 
1792 2167 1781 1927 
1762 1894 2005 1927 
1799 2073 1933 1927 
1786 1960 1972 1927 
1786 1889 1993 1927 
1824 1962 1970 1927 
1842 2058 1910 1927 
1872 2082 1895 1927 
1842 1916 1973 1927 
1847 1978 1959 1927 
1880 1888 1975 1927 
1870 1935 1952 1927 
1931 1874 1932 1927 
1948 2023 1843 1927 
1973 1947 1868 1927 
1971 1813 1878 1927 
1980 1929 1864 1927 
1990 1939 1835 1927 
1995 1912 1773 1927 
1736 1849 2025 1926 
1814 1984 1977 1926 
1830 1890 1992 1926 
1820 1892 1987 1926 
1830 2117 1859 1926 
1830 1965 1966 1926 
1831 2001 1949 1926 
1834 2107 1866 1926 
1876 1957 1970 1926 
1851 1987 1941 1926 
1854 1960 1954 1926 
1861 2105 1786 1926 
1882 2120 1754 1926 
1920 2074 1771 1926 
1944 1923 1916 1926 
1954 1987 1904 1926 
1968 1993 1878 1926 
1992 1974 1855 1926 
1871 2018 1941 1925 
1791 1956 1989 1925 
1823 1993 1982 1925 
1810 2066 1952 1925 
1800 2097 1920 1925 
1831 2152 1768 1925 
1841 1994 1956 1925 
1837 1914 1979 1925 
1826 1972 1967 1925 
1857 1900 1971 1925 
1861 2049 1909 1925 
1867 2110 1783 1925 
1878 1951 1957 1925 
1902 1946 1945 1925 
1970 1823 1880 1925 
1992 1925 1858 1925 
1997 1912 1796 1925 
1859 1892 1987 1924 
1645 1773 2034 1924 
1691 1900 2011 1924 
1778 1931 1997 1924 
1819 2144 1796 1924 
1865 2080 1899 1924 
1835 1998 1949 1924 
1880 2096 1785 1924 
1926 2032 1888 1924 
1987 1971 1868 1924 
1708 1922 2003 1923 
1799 2033 1966 1923 
1795 1953 1989 1923 
1799 1836 2000 1923 
1854 1816 1994 1923 
1860 1985 1955 1923 
1853 2136 1771 1923 
1914 2088 1760 1923 
1928 1837 1946 1923 
1981 1931 1890 1923 
1790 2174 1708 1922 
1807 1933 1992 1922 
1853 1886 1993 1922 
1850 2006 1944 1922 
1941 1886 1930 1922 
1959 1780 1915 1922 
1757 1875 2010 1921 
1797 2161 1808 1921 
1824 1955 1984 1921 
1803 2160 1710 1921 
1838 1900 1991 1921 
1844 1941 1976 1921 
1862 1895 1979 1921 
1870 2095 1831 1921 
1953 2057 1692 1921 
1952 1769 1917 1921 
1976 1928 1903 1921 
1784 1910 2024 1920 
1724 1959 1995 1920 
1725 2095 1935 1920 
1706 2183 1756 1920 
1804 1896 2016 1920 
1820 1885 2001 1920 
1863 1958 1953 1920 
1918 1929 1940 1920 
1936 1883 1943 1920 
1946 1905 1931 1920 
1954 1777 1928 1920 
1969 2023 1781 1920 
1976 1984 1805 1920 
1996 1828 1840 1920 
2011 1935 1833 1920 
1695 1826 2033 1919 
1759 2004 1971 1919 
1773 2105 1930 1919 
1701 2157 1852 1919 
1849 1937 1993 1919 
1799 1820 2023 1919 
1834 2057 1919 1919 
1857 1893 1985 1919 
1863 2106 1835 1919 
1898 1853 1958 1919 
1917 2079 1834 1919 
1955 1831 1915 1919 
1978 2031 1823 1919 
2013 2003 1817 1919 
1759 1947 2002 1918 
1729 2092 1935 1918 
1831 2138 1808 1918 
1881 2073 1886 1918 
1922 1920 1954 1918 
1892 2090 1797 1918 
1916 1954 1929 1918 
1942 2025 1875 1918 
1928 2025 1885 1918 
1977 1997 1869 1918 
1989 1977 1874 1918 
2015 1848 1840 1918 
1758 2142 1860 1917 
1815 1932 1995 1917 
1795 2132 1860 1917 
1811 1859 2014 1917 
1816 1856 2005 1917 
1826 2144 1781 1917 
1848 1796 2000 1917 
1918 1989 1949 1917 
1875 2118 1844 1917 
1872 1798 1994 1917 
1865 1865 1978 1917 
1887 2096 1770 1917 
1936 2070 1833 1917 
1928 2044 1873 1917 
1934 2030 1882 1917 
1949 1932 1914 1917 
1950 1828 1928 1917 
1996 1984 1822 1917 
1778 1824 2035 1916 
1839 2112 1896 1916 
1859 2031 1947 1916 
1848 2044 1915 1916 
1876 2120 1783 1916 
1853 1914 1971 1916 
1860 1847 1987 1916 
1864 1856 1983 1916 
1898 2024 1934 1916 
1883 2026 1935 1916 
1884 1842 1975 1916 
1920 1983 1936 1916 
1944 1978 1924 1916 
1947 2016 1884 1916 
1994 1886 1868 1916 
1699 1939 2007 1915 
1763 1973 2000 1915 
1825 2152 1797 1915 
1824 1811 2023 1915 
1813 1869 2011 1915 
1843 1851 2004 1915 
1844 1797 2015 1915 
1860 1863 1984 1915 
1869 1891 1972 1915 
1881 2113 1795 1915 
1882 1953 1951 1915 
1979 2012 1857 1915 
1985 2011 1759 1915 
1998 1894 1846 1915 
1784 1938 2002 1914 
1771 1948 1992 1914 
1783 2076 1939 1914 
1841 2065 1945 1914 
1907 1946 1984 1914 
1861 2106 1873 1914 
1867 2092 1882 1914 
1885 2073 1853 1914 
1895 2092 1773 1914 
1894 2090 1802 1914 
1902 2017 1934 1914 
1951 2063 1785 1914 
1952 1915 1922 1914 
1963 1956 1914 1914 
1981 1850 1899 1914 
1782 1850 2033 1913 
1729 1726 2036 1913 
1831 2086 1934 1913 
1781 2170 1770 1913 
1759 2138 1856 1913 
1802 1836 2025 1913 
1849 1965 1971 1913 
1873 2078 1853 1913 
1892 2038 1923 1913 
1903 2097 1798 1913 
1923 1782 1960 1913 
1942 1764 1950 1913 
1964 2049 1787 1913 
1966 2039 1746 1913 
1983 1918 1883 1913 
1994 1899 1883 1913 
1809 1920 2011 1912 
1778 1932 2008 1912 
1784 2174 1737 1912 
1802 1927 1996 1912 
1809 1860 2012 1912 
1862 1978 1967 1912 
1858 1996 1949 1912 
1855 1833 1994 1912 
1852 2129 1812 1912 
1886 1973 1955 1912 
1913 2081 1801 1912 
1947 1912 1935 1912 
