#Solver type:
nMOCO-S
#Solver status:
AbortTimeLimit
#Number of nondominated points:
1616
#Number of models solved:
9545
#Elapsed time (seconds):
600.18
#Incumbent ideal point:
2144 2199 2142 2008 
#Incumbent nadir point:
1694 1665 1697 1741 
#The set of nondominated points:
1786 1857 1820 2008 
1806 1923 1852 2003 
1807 1903 1851 2003 
1853 1860 1853 2001 
1807 1881 1904 1999 
1808 1861 1903 1999 
1809 1844 1883 1998 
1810 1824 1882 1998 
1852 1913 1790 1996 
1818 1876 1819 1995 
1852 1832 1885 1995 
1898 1870 1792 1994 
1879 1795 1864 1994 
1880 1775 1863 1994 
1830 1890 1914 1993 
1773 1905 1919 1992 
1830 1917 1873 1992 
1802 1928 1848 1992 
1890 1876 1854 1992 
1891 1856 1853 1992 
1903 1762 1749 1990 
1792 1938 1820 1989 
1887 1926 1825 1989 
1788 1964 1829 1988 
1892 1814 1905 1988 
1897 1842 1824 1988 
1776 1826 1950 1987 
1842 1927 1875 1987 
1773 1931 1864 1987 
1747 1939 1870 1987 
1832 1858 1905 1987 
1833 1838 1904 1987 
1893 1797 1885 1987 
1894 1777 1884 1987 
1925 1785 1802 1987 
1827 1852 1945 1986 
1824 1957 1859 1986 
1806 1973 1836 1986 
1875 1900 1853 1986 
1844 1890 1854 1986 
1876 1880 1852 1986 
1790 1920 1888 1985 
1846 1997 1834 1985 
1888 1884 1877 1985 
1841 1863 1882 1985 
1842 1843 1881 1985 
1847 1977 1833 1985 
1875 1927 1812 1985 
1936 1866 1792 1985 
1744 1947 1885 1984 
1835 1875 1913 1984 
1836 1855 1912 1984 
1870 1914 1861 1984 
1890 1847 1856 1984 
1902 1829 1821 1984 
1886 1898 1857 1983 
1928 1831 1850 1983 
1982 1823 1794 1983 
1796 1892 1982 1982 
1911 2015 1927 1982 
1853 1904 1936 1982 
1912 1995 1926 1982 
1914 1843 1916 1982 
1937 1824 1844 1981 
1745 1905 1937 1980 
1837 1813 1964 1980 
1939 1787 1823 1980 
1856 1921 1944 1979 
1941 1894 1803 1979 
1942 1874 1802 1979 
1913 1953 1978 1978 
1794 1955 1948 1978 
1931 1752 1881 1978 
1933 1828 1823 1978 
1914 1936 1958 1977 
1915 1916 1957 1977 
1981 1795 1826 1977 
1938 1944 1774 1976 
1919 1869 1846 1976 
1920 1849 1845 1976 
1857 1879 1996 1975 
1913 1959 1936 1975 
1959 1853 1855 1975 
1960 1833 1854 1975 
1931 1930 1835 1974 
1925 1816 1884 1974 
1926 1796 1883 1974 
1807 2021 2006 1973 
1868 1960 1986 1973 
1985 1867 1938 1973 
1935 1982 1989 1972 
1809 1984 1985 1972 
1956 1903 1826 1972 
1901 1945 2018 1971 
1996 1948 1928 1971 
1951 1949 1836 1971 
1810 1942 2037 1968 
1897 2030 1895 1968 
1849 1800 2025 1968 
1940 1874 1946 1968 
1958 1969 1875 1968 
1959 1949 1874 1968 
1774 2058 1874 1967 
1915 2001 1794 1967 
1954 1995 1884 1967 
1852 2031 1945 1966 
1853 2011 1944 1966 
1999 1869 1959 1966 
1896 1893 2019 1965 
1927 1903 2018 1965 
1941 1832 1998 1964 
1946 1955 1957 1964 
1947 1935 1956 1964 
1849 2039 1960 1963 
1873 2048 1750 1963 
1945 1980 1926 1963 
1943 1795 1977 1963 
1939 1915 1958 1962 
1863 1802 2046 1961 
1778 1853 2041 1961 
1958 1996 2011 1961 
2019 1935 1991 1961 
1916 1959 2051 1960 
1875 2040 1955 1960 
1798 2053 1793 1960 
1841 2003 1984 1959 
2031 1841 1887 1959 
2032 1821 1886 1959 
1962 1916 2053 1958 
1860 2043 1895 1958 
1921 1997 1957 1958 
1982 1936 1937 1958 
1916 2043 1967 1957 
1977 1982 1947 1957 
1982 1963 1896 1957 
1917 1917 2103 1956 
1874 2006 2007 1956 
1703 2051 1900 1956 
1876 1998 2007 1956 
1834 1961 2047 1955 
1842 1961 2036 1955 
1919 1880 2082 1955 
1886 2031 1985 1954 
1950 1917 2040 1954 
2011 1856 2020 1954 
1940 2010 1852 1953 
1961 1969 1990 1953 
1962 1949 1989 1953 
1970 1949 1978 1953 
2030 1908 1959 1953 
2031 1888 1958 1953 
1875 1964 2059 1952 
1781 2083 1804 1952 
1927 1932 2019 1952 
1961 1888 2085 1952 
2029 1933 1928 1952 
1795 2064 1841 1951 
2007 1926 1992 1951 
1982 1941 1984 1951 
2043 1794 1854 1951 
1887 1989 2037 1950 
1844 2078 1941 1950 
1804 2033 1981 1949 
1867 2059 1869 1949 
1962 1927 2042 1949 
1919 2016 1946 1949 
1959 1993 1957 1949 
1963 1907 2041 1949 
1988 1955 1915 1949 
1964 1890 2021 1948 
1965 1870 2020 1948 
1987 1980 1884 1948 
1790 2055 1978 1947 
1931 2041 1924 1947 
1932 2021 1923 1947 
1967 1977 2000 1947 
2005 1950 1959 1947 
1845 2036 1993 1946 
1885 1953 2057 1946 
1931 1960 2019 1946 
1902 1974 2019 1946 
2000 1996 1969 1946 
2023 1809 1987 1946 
1977 1998 1926 1945 
1960 1951 2009 1945 
2006 1898 2024 1945 
2007 1878 2023 1945 
2042 1766 1886 1945 
2044 1767 1846 1945 
1857 1975 2069 1944 
1973 2024 1935 1944 
1889 2088 1880 1943 
1985 1936 2052 1943 
1932 1999 1976 1943 
1890 2068 1879 1943 
1903 1932 2071 1942 
1855 2051 1909 1942 
1889 2007 1975 1942 
1951 1899 2081 1942 
1937 2049 1934 1941 
1815 2022 2025 1940 
1872 2046 1953 1940 
1855 2025 1991 1940 
1900 1941 2060 1940 
1867 2092 1963 1939 
1928 2031 1943 1939 
1827 2047 2003 1938 
1767 2098 1772 1938 
1942 2030 1968 1938 
1941 2039 1861 1938 
1943 2010 1967 1938 
2008 1842 2033 1938 
2003 1969 1948 1938 
2015 1948 1896 1938 
1955 2008 1986 1937 
2011 1906 2004 1937 
1830 2093 1909 1936 
1722 2099 1822 1936 
1872 2052 1930 1936 
1921 1971 2015 1936 
1950 2030 1836 1936 
1963 1843 2083 1936 
2051 1930 2002 1936 
2011 1969 1816 1936 
2024 1941 1942 1936 
1965 1806 2062 1935 
1996 1909 2020 1935 
1785 2094 1959 1934 
1899 1993 2023 1934 
1870 2013 1994 1934 
1899 2086 1817 1934 
1900 2066 1816 1934 
1906 2052 1710 1934 
1944 1968 2019 1934 
2057 1926 1818 1934 
1913 2055 1942 1933 
1917 2056 1892 1933 
1912 2102 1902 1932 
1913 2082 1901 1932 
1945 1950 2025 1932 
1973 2041 1882 1932 
1974 2021 1881 1932 
2009 1977 1958 1932 
1925 1994 2018 1931 
1872 2057 1942 1931 
1974 1944 2000 1931 
1986 1933 1998 1931 
2053 1852 1972 1931 
2054 1832 1971 1931 
1900 1951 2075 1930 
1774 1953 2071 1930 
1857 2040 1979 1930 
1878 2002 1998 1930 
1959 2039 1903 1930 
2021 2002 1936 1930 
2075 1885 1870 1930 
1807 1817 2115 1929 
1877 2107 1900 1929 
1800 2120 1738 1929 
1817 1995 2019 1929 
1918 2026 1996 1929 
1899 1975 2027 1929 
1971 1951 2020 1929 
1938 2046 1880 1929 
1946 1966 2012 1929 
2008 1853 2022 1929 
2009 1833 2021 1929 
2070 1931 1880 1929 
1966 1997 2030 1928 
1913 2060 1954 1928 
1869 2065 1957 1928 
1920 1893 2087 1928 
1998 1853 2029 1928 
2027 1936 2010 1928 
1851 2072 1966 1927 
1926 1952 2070 1927 
1883 2041 1974 1927 
1932 1960 2059 1927 
1923 2064 1902 1927 
1984 2003 1882 1927 
1993 1899 2039 1927 
1987 1891 2050 1927 
2084 1841 1828 1927 
1849 1825 2118 1926 
1858 1998 2031 1926 
1866 2118 1830 1926 
1747 2120 1800 1926 
1926 2077 1811 1926 
1927 2057 1810 1926 
1944 1922 2057 1926 
1979 2049 1892 1926 
2025 1806 2022 1926 
2034 1956 1879 1926 
2035 1936 1878 1926 
1895 2066 1952 1925 
1876 2073 1952 1925 
2034 1983 1838 1925 
1870 2023 2009 1924 
1744 2025 2005 1924 
1827 2112 1913 1924 
1924 2055 1869 1924 
1927 2054 1829 1924 
1964 1864 2069 1924 
1967 1769 2061 1924 
2074 1857 1902 1924 
2075 1890 1865 1924 
1884 1999 2026 1923 
1869 2047 1961 1923 
1923 2080 1838 1923 
1961 1936 2057 1923 
1971 1956 2015 1923 
1983 2039 1819 1923 
1984 2019 1818 1923 
1992 1807 2047 1923 
2031 1862 2032 1923 
2065 1805 1939 1923 
1936 2069 1964 1922 
1963 2036 1935 1922 
1997 2008 1944 1922 
1997 1825 2061 1922 
2037 1945 1970 1922 
2012 1960 1962 1922 
2033 1955 1903 1922 
2052 1915 1931 1922 
2053 1895 1930 1922 
2062 1852 1909 1922 
2063 1850 1909 1922 
2064 1830 1908 1922 
1894 2032 2004 1921 
1853 2113 1908 1921 
1896 2024 2004 1921 
1902 2032 1993 1921 
1984 1933 2074 1921 
1942 1949 2057 1921 
2045 1872 2054 1921 
2003 1888 2037 1921 
1854 1987 2044 1920 
1887 2105 1837 1920 
1997 1958 2022 1920 
1977 1970 1998 1920 
2058 1897 2002 1920 
2076 1762 1857 1920 
1880 2054 2001 1919 
1899 2070 1910 1919 
2060 1926 1933 1919 
1840 2009 2041 1918 
1921 2083 1891 1918 
1961 2060 1902 1918 
1806 1972 2070 1917 
1895 1990 2056 1917 
2004 1846 2089 1917 
1931 2008 1991 1917 
2001 1878 2064 1917 
2066 1778 1931 1917 
1839 1836 2114 1916 
1889 2105 1893 1916 
1945 1870 2088 1916 
1967 1994 1976 1916 
2007 2017 1904 1916 
2006 1809 2068 1916 
1956 1879 2114 1915 
1785 1996 2045 1915 
1809 2120 1777 1915 
1954 2005 2008 1915 
1934 2015 1999 1915 
1942 1951 2033 1915 
2015 1944 1988 1915 
2057 1970 1901 1915 
2058 1950 1900 1915 
1798 2056 1997 1914 
1960 2010 2011 1914 
1819 2018 2016 1914 
1919 2107 1858 1914 
1956 2043 1972 1914 
1912 1968 2048 1914 
1958 1842 2093 1914 
1962 2018 1954 1914 
1988 1966 1970 1914 
2029 1949 1980 1914 
2013 1951 1978 1914 
2064 1868 1898 1914 
1764 2019 2026 1913 
1859 2042 2014 1913 
1850 2126 1935 1913 
1899 2075 1905 1913 
1939 1961 2038 1913 
1946 2067 1901 1913 
1989 1879 2051 1913 
1996 1886 2041 1913 
2021 1873 2028 1913 
2030 1998 1867 1913 
2056 1845 2022 1913 
2050 1818 2031 1913 
2057 1825 2021 1913 
1911 2044 2022 1912 
1810 2081 1975 1912 
1863 2111 1845 1912 
1965 2064 1860 1912 
1987 2003 1997 1912 
1968 1952 2028 1912 
2006 1967 2013 1912 
1981 1982 2005 1912 
2069 1870 1970 1912 
2061 1890 1943 1912 
2070 1850 1969 1912 
2078 1783 1880 1912 
1905 1979 2054 1911 
2000 1850 2096 1911 
2003 1986 1961 1911 
2008 1878 2047 1911 
2015 2017 1857 1911 
1913 1926 2100 1910 
1893 1936 2091 1910 
1871 1942 2083 1910 
1813 2127 1881 1910 
1918 2057 1967 1910 
1961 1968 2063 1910 
1937 2066 1910 1910 
2046 1888 2003 1910 
2082 1756 1865 1910 
1817 2089 1970 1909 
1822 2133 1785 1909 
1975 2034 1928 1909 
1971 2058 1839 1909 
1976 2014 1927 1909 
1988 2045 1823 1909 
2042 1914 2012 1909 
1809 2047 2027 1908 
1768 2128 1931 1908 
1930 2082 1945 1908 
1955 2015 2004 1908 
1945 2050 1953 1908 
1949 2051 1903 1908 
1964 2014 1969 1908 
1983 2023 1912 1908 
2001 1889 2053 1908 
2021 1924 2033 1908 
2003 1936 2015 1908 
2013 1956 1973 1908 
1902 1952 2075 1907 
1896 2045 1974 1907 
1945 2077 1912 1907 
2005 2036 1893 1907 
2031 1887 2022 1907 
2033 1976 1909 1907 
2034 1956 1908 1907 
1919 2015 2019 1906 
1957 1897 2082 1906 
1976 2039 1947 1906 
2036 1949 2042 1906 
2005 1939 2045 1906 
2060 1862 1975 1906 
2061 1842 1974 1906 
1835 2048 2022 1905 
1929 2105 1795 1905 
1973 2058 1895 1905 
1970 2008 1948 1905 
1986 1888 2072 1905 
2026 1992 1944 1905 
2039 1958 1980 1905 
2027 1972 1943 1905 
2061 1791 1999 1905 
2062 1902 1893 1905 
2062 1771 1998 1905 
2107 1880 1881 1905 
1888 2129 1901 1904 
1863 2008 2025 1904 
1870 2082 1955 1904 
1936 1982 2040 1904 
1931 2040 1997 1904 
1963 2009 2005 1904 
1978 1961 2023 1904 
2018 1968 2001 1904 
2046 1840 2034 1904 
2102 1926 1891 1904 
2073 1843 1910 1904 
2081 1728 1897 1904 
1915 1992 2061 1903 
1783 2154 1710 1903 
1784 2134 1709 1903 
1901 2060 1968 1903 
1860 1999 2031 1903 
1881 2005 2024 1903 
1896 1937 2080 1903 
1950 1908 2088 1903 
2012 1986 1946 1903 
2062 1881 1931 1903 
1817 2015 2044 1902 
1862 2099 1909 1902 
1934 2086 1903 1902 
1990 2016 1968 1902 
1978 1944 2056 1902 
1983 2028 1907 1902 
2024 1898 2063 1902 
2039 1883 2036 1902 
1915 1994 2031 1901 
1990 1861 2092 1901 
1995 1997 2024 1901 
1984 2039 1900 1901 
1985 2019 1899 1901 
2031 1995 1813 1901 
1936 2021 2023 1900 
1889 2087 1953 1900 
1946 2025 1979 1900 
1941 2055 1913 1900 
2006 2021 1976 1900 
1975 2011 1979 1900 
1998 1879 2072 1900 
1941 2071 1989 1899 
1859 2107 1924 1899 
1977 1889 2093 1899 
1940 2080 1882 1899 
2016 2013 1835 1899 
2077 1952 1815 1899 
2106 1852 1913 1899 
1853 1984 2066 1898 
1833 1994 2057 1898 
1901 2026 2029 1898 
1775 2062 2000 1898 
1897 2059 1990 1898 
1945 2026 2000 1898 
1918 1913 2092 1898 
2072 1998 1825 1898 
2072 1815 1942 1898 
1885 2064 1995 1897 
1915 2092 1894 1897 
1968 2064 1975 1897 
1949 2071 1857 1897 
1981 1945 2049 1897 
1989 2042 1769 1897 
2009 2030 1838 1897 
2023 1971 1962 1897 
2029 2003 1955 1897 
2042 1931 1959 1897 
2047 1804 2044 1897 
2084 1910 1942 1897 
2085 1890 1941 1897 
1886 2040 2032 1896 
1747 2144 1810 1896 
1885 2108 1919 1896 
1947 1983 2031 1896 
1964 2068 1932 1896 
1948 2016 1990 1896 
1995 1950 2041 1896 
1998 1918 2055 1896 
2048 1943 1909 1896 
2050 1878 2005 1896 
2050 1868 2015 1896 
2051 1858 2004 1896 
1896 1947 2079 1895 
1898 2127 1838 1895 
1974 2060 1791 1895 
2003 1968 2021 1895 
2002 1805 2094 1895 
2035 1999 1771 1895 
2090 1892 2013 1895 
1859 2073 1985 1894 
1916 2097 1913 1894 
1946 1984 2052 1894 
1976 2007 2008 1894 
1980 1964 2044 1894 
2037 1946 1988 1894 
2067 1898 1982 1894 
1886 2022 2047 1893 
1843 2111 1951 1893 
1911 2143 1923 1893 
1940 1919 2084 1893 
1972 2082 1903 1893 
1991 2051 1861 1893 
1803 2066 1991 1892 
1871 2098 1963 1892 
2022 1964 2010 1892 
2034 1962 1940 1892 
2042 1984 1857 1892 
2083 1903 1990 1892 
1881 1804 2121 1891 
1907 1937 2082 1891 
1921 2100 1904 1891 
1993 2043 1896 1891 
1994 2023 1895 1891 
2012 2007 1912 1891 
2054 1982 1876 1891 
2048 1939 1969 1891 
2054 1804 2027 1891 
2055 1784 2026 1891 
2073 1946 1892 1891 
1874 2144 1869 1890 
1925 2089 1857 1890 
1935 2083 1849 1890 
1966 2010 2010 1890 
1977 1965 2060 1890 
2008 2033 1921 1890 
1990 1955 2034 1890 
2018 2015 1843 1890 
2068 1992 1902 1890 
2038 1904 2040 1890 
2047 1939 1999 1890 
2069 1972 1901 1890 
2088 1941 1859 1890 
2092 1814 1983 1890 
2101 1822 1933 1890 
2093 1794 1982 1890 
1939 1913 2086 1889 
1924 2097 1866 1889 
1972 1903 2075 1889 
1999 2025 1967 1889 
1973 2040 1955 1889 
1979 2037 1943 1889 
2033 1842 2055 1889 
2060 1964 1947 1889 
2040 1976 1923 1889 
2060 1916 1950 1889 
2096 1868 1943 1889 
1870 2064 2015 1888 
1829 2145 1919 1888 
1904 2025 2023 1888 
1925 2090 1831 1888 
1946 2079 1942 1888 
1978 2062 1912 1888 
1982 2054 1826 1888 
1993 1915 2060 1888 
2007 2018 1922 1888 
2039 2001 1892 1888 
2066 1870 2014 1888 
2047 1815 2033 1888 
2048 1795 2032 1888 
1842 2076 1986 1887 
1968 2040 2022 1887 
1925 2118 1832 1887 
1951 2090 1852 1887 
1981 2012 1992 1887 
1972 2058 1920 1887 
2005 1959 2041 1887 
2029 1979 2002 1887 
2012 2029 1832 1887 
2033 1997 1900 1887 
2066 1898 2021 1887 
2088 1903 1912 1887 
2102 1845 1980 1887 
2110 1778 1891 1887 
1984 1969 2062 1886 
1899 2022 2036 1886 
1965 1914 2081 1886 
1992 2036 1944 1886 
2012 2056 1791 1886 
2026 1853 2061 1886 
2053 1975 1924 1886 
2045 1908 2042 1886 
2082 1875 2022 1886 
2066 1907 1963 1886 
1811 2048 2027 1885 
1892 2028 2029 1885 
1950 1932 2091 1885 
1926 2095 1850 1885 
1969 2061 1921 1885 
2011 1871 2071 1885 
2018 2011 1903 1885 
2019 2013 1848 1885 
2075 1936 2004 1885 
2064 1768 2033 1885 
1896 1960 2072 1884 
1804 2147 1700 1884 
1876 1970 2063 1884 
1936 2082 1944 1884 
2058 2013 1793 1884 
2022 2008 1830 1884 
2095 1856 1957 1884 
1969 1998 2074 1883 
1926 2087 1978 1883 
1800 2123 1942 1883 
1844 2171 1698 1883 
1845 2151 1697 1883 
1905 2000 2034 1883 
1935 2088 1896 1883 
1962 2077 1956 1883 
1987 2026 1958 1883 
2030 1937 2054 1883 
1995 2045 1806 1883 
2006 1731 2072 1883 
2015 2018 1923 1883 
2051 1956 1952 1883 
1962 2006 2027 1882 
1950 2083 1900 1882 
2011 2022 1880 1882 
2070 1824 2043 1882 
2065 1971 1920 1882 
2066 1951 1919 1882 
2080 1945 1869 1882 
2104 1767 1950 1882 
1879 1837 2116 1881 
1871 1815 2117 1881 
1976 2011 2019 1881 
1975 2031 1975 1881 
2036 1787 2072 1881 
2033 1983 1960 1881 
2037 1950 1999 1881 
2036 1970 1955 1881 
2076 1907 1981 1881 
1851 1949 2076 1880 
1954 2041 1996 1880 
1965 2092 1720 1880 
2023 1895 2085 1880 
2015 1980 1976 1880 
2084 1834 2065 1880 
2058 1987 1955 1880 
2052 1947 1956 1880 
2059 1967 1954 1880 
1927 2045 2030 1879 
1818 2082 1994 1879 
1912 2004 2036 1879 
1909 1936 2081 1879 
1920 2124 1912 1879 
1958 2097 1871 1879 
1994 2040 1842 1879 
2018 2007 1966 1879 
2074 1908 2036 1879 
1865 2147 1823 1878 
1853 2116 1927 1878 
2008 2050 1868 1878 
2009 2030 1867 1878 
2094 1828 1989 1878 
1803 1929 2094 1877 
1898 2026 2033 1877 
1913 2098 1921 1877 
2040 1997 1844 1877 
1953 2007 2048 1876 
1808 2161 1798 1876 
1861 2108 1924 1876 
1912 2088 1952 1876 
1981 2078 1834 1876 
1979 2059 1858 1876 
2035 2043 1854 1876 
2056 2011 1922 1876 
2017 2014 1910 1876 
2036 2023 1853 1876 
1913 1962 2088 1875 
1938 2083 1964 1875 
1946 2083 1953 1875 
2007 2022 1933 1875 
2032 1955 1992 1875 
2049 1944 1974 1875 
2083 1907 1964 1875 
1839 2080 2002 1874 
1856 2079 1983 1874 
1904 2046 1993 1874 
2028 2059 1889 1874 
2029 2039 1888 1874 
1899 1984 2085 1873 
1856 2073 1989 1873 
1876 2063 1998 1873 
1945 2103 1833 1873 
1984 2040 1966 1873 
1988 2079 1900 1873 
1999 1972 2022 1873 
2015 1994 1970 1873 
1806 1850 2125 1872 
1961 2086 1797 1872 
2010 2040 1980 1872 
2007 1919 2068 1872 
2034 1993 1963 1872 
2035 1973 1962 1872 
2060 1835 2039 1872 
2095 1807 2033 1872 
2096 1787 2032 1872 
1900 1894 2107 1871 
1868 2098 1967 1871 
1919 1926 2097 1871 
1939 2041 2016 1871 
1991 2060 1835 1871 
2000 1855 2086 1871 
2026 1969 2020 1871 
2045 1929 2024 1871 
2041 1950 1981 1871 
1772 2147 1848 1870 
1829 2159 1802 1870 
1986 2106 1845 1870 
1934 2114 1763 1870 
1973 2019 1983 1870 
1986 1924 2060 1870 
1987 2086 1844 1870 
2042 1948 1972 1870 
2108 1693 1928 1870 
1952 1888 2111 1869 
1857 2031 2041 1869 
1948 2092 1924 1869 
1923 2107 1916 1869 
1932 1898 2102 1869 
1998 2017 1987 1869 
1973 2041 1926 1869 
2000 1930 2074 1869 
1999 1997 1986 1869 
2016 1952 2022 1869 
2019 2016 1908 1869 
1890 2046 1998 1868 
1998 2045 1921 1868 
2032 2017 1930 1868 
1869 2056 2019 1867 
1903 2093 1974 1867 
1826 2145 1923 1867 
1798 2148 1843 1867 
1929 2121 1847 1867 
2014 2022 1995 1867 
1983 2012 1998 1867 
1969 2044 1956 1867 
2059 1906 2045 1867 
2060 1886 2044 1867 
1849 1838 2131 1866 
1827 2019 2059 1866 
1786 2100 1963 1866 
1974 1977 2035 1866 
2004 2065 1897 1866 
2002 1976 2010 1866 
2005 2045 1896 1866 
2044 2002 1923 1866 
2105 1941 1903 1866 
2085 1953 1834 1866 
2106 1921 1902 1866 
1881 2154 1872 1865 
1966 1917 2077 1865 
1996 2041 1954 1865 
1996 1859 2093 1865 
2044 1901 2056 1865 
2052 1929 2007 1865 
2053 1909 2006 1865 
2065 1895 2043 1865 
1893 2065 2014 1864 
1782 2195 1731 1864 
1873 2112 1929 1864 
1956 2092 1877 1864 
2044 1905 2064 1864 
2025 1850 2083 1864 
2060 1942 1953 1864 
2107 1665 1960 1864 
1853 2020 2054 1863 
1827 2103 1975 1863 
1861 2140 1930 1863 
1991 1813 2112 1863 
1978 2074 1953 1863 
2002 1971 2016 1863 
2039 2013 1933 1863 
2057 1930 2012 1863 
2070 1945 1926 1863 
2075 1988 1817 1863 
1785 2066 2015 1862 
1853 2098 1987 1862 
1906 2101 1933 1862 
1894 2050 1993 1862 
1968 2117 1855 1862 
1933 2103 1862 1862 
1969 2097 1854 1862 
1981 1981 2037 1862 
2019 1981 1980 1862 
2029 2056 1835 1862 
2036 1967 1957 1862 
2120 1898 1923 1862 
1830 1940 2090 1861 
1899 2113 1924 1861 
1924 2098 1932 1861 
2017 1906 2067 1861 
2037 1963 1994 1861 
2053 1947 1996 1861 
2050 1953 1974 1861 
2078 1845 2047 1861 
2098 1902 1974 1861 
1844 1934 2092 1860 
1894 2023 2066 1860 
1768 2159 1806 1860 
2012 1968 2030 1860 
2014 2074 1857 1860 
2032 1958 2039 1860 
2075 2013 1837 1860 
2061 1850 2054 1860 
2104 1913 1935 1860 
2076 1993 1836 1860 
2085 1958 1829 1860 
2105 1893 1934 1860 
1838 1869 2124 1859 
1811 2067 2010 1859 
1794 2082 1999 1859 
1879 2099 1982 1859 
1931 1751 2119 1859 
1936 2121 1909 1859 
2018 2067 1765 1859 
2025 1995 1963 1859 
2040 1971 1985 1859 
2071 2039 1846 1859 
1955 1912 2124 1858 
1926 2164 1811 1858 
1846 2101 1943 1858 
1914 2133 1915 1858 
1927 2144 1810 1858 
2016 1851 2104 1858 
1969 2075 1907 1858 
1980 2033 2000 1858 
1987 2103 1791 1858 
1988 2083 1790 1858 
2001 2044 1915 1858 
2022 2012 1983 1858 
2041 1972 1980 1858 
2083 1951 1963 1858 
1911 2001 2058 1857 
1959 2043 2021 1857 
1957 1875 2103 1857 
1986 2045 1950 1857 
2020 1982 2001 1857 
1758 2162 1816 1856 
1948 1935 2086 1856 
1972 2121 1813 1856 
2007 2026 1986 1856 
2020 1907 2060 1856 
2021 2029 1897 1856 
2033 2060 1793 1856 
2068 1965 1966 1856 
2090 1970 1857 1856 
1889 1962 2093 1855 
1924 2103 1927 1855 
1954 2080 1961 1855 
1966 2083 1922 1855 
1986 2036 2007 1855 
1971 2016 2012 1855 
1986 1870 2089 1855 
2010 2043 1914 1855 
2011 2023 1913 1855 
2015 2019 1941 1855 
2023 2019 1930 1855 
2047 1975 1987 1855 
2034 1912 2052 1855 
2041 1954 1995 1855 
2066 1939 2003 1855 
2068 1974 1908 1855 
2071 1982 1894 1855 
2072 1962 1893 1855 
1713 2163 1866 1854 
1904 2012 2064 1854 
1915 2091 1967 1854 
1944 2123 1863 1854 
1965 2107 1874 1854 
1972 1939 2063 1854 
1980 2059 1939 1854 
2060 1822 2086 1854 
2042 1930 2032 1854 
2068 1850 2037 1854 
2074 1985 1869 1854 
2075 1965 1868 1854 
1960 2001 2073 1853 
1694 2171 1802 1853 
1937 2080 1986 1853 
1917 2090 1977 1853 
1973 1898 2090 1853 
2004 2001 2044 1853 
2021 1940 2053 1853 
2033 1831 2066 1853 
2040 2045 1879 1853 
2041 2025 1878 1853 
2061 1976 1943 1853 
2089 1818 2015 1853 
2106 1860 1993 1853 
2109 1875 1942 1853 
2107 1840 1992 1853 
2110 1855 1941 1853 
1950 2105 1934 1852 
1998 1936 2076 1852 
1992 2084 1917 1852 
2011 2044 1914 1852 
2053 2023 1897 1852 
2081 1952 1906 1852 
1929 2115 1955 1851 
1956 2117 1884 1851 
1944 2083 1963 1851 
1990 2054 1935 1851 
2091 1855 2004 1851 
2099 1883 1955 1851 
2100 1863 1954 1851 
1862 2059 2020 1850 
1873 2161 1828 1850 
1910 2046 1992 1850 
2039 2017 1944 1850 
2051 2011 1926 1850 
2059 1957 1971 1850 
2094 1929 1965 1850 
2095 1909 1964 1850 
1907 1933 2095 1849 
1766 2156 1851 1849 
1980 2115 1848 1849 
1981 2095 1847 1849 
2005 1972 2021 1849 
2025 2028 1901 1849 
2041 2054 1828 1849 
2065 1911 2035 1849 
2046 1856 2054 1849 
2086 1901 2010 1849 
1814 2128 1947 1848 
1950 2131 1873 1848 
1991 2050 1969 1848 
2025 2025 1954 1848 
2015 2071 1803 1848 
2026 2005 1953 1848 
2086 1964 1934 1848 
2087 1944 1933 1848 
1930 2073 2007 1847 
1788 2077 2003 1847 
1887 2162 1911 1847 
1962 2042 2015 1847 
2010 2117 1813 1847 
2011 2097 1812 1847 
2023 1981 1995 1847 
2038 1933 2013 1847 
2060 1948 1975 1847 
2105 1832 2025 1847 
2106 1812 2024 1847 
2114 1840 1975 1847 
1888 2036 2047 1846 
1847 2117 1951 1846 
1990 2085 1860 1846 
2018 1973 2007 1846 
2072 1958 1936 1846 
2079 1912 1987 1846 
2092 1844 2026 1846 
2023 1931 2073 1845 
2038 1916 2046 1845 
2057 2054 1814 1845 
2084 1870 2053 1845 
2074 1953 1963 1845 
2118 1813 1960 1845 
1795 2164 1845 1844 
1968 2090 1925 1844 
1989 1894 2102 1844 
1973 1974 2057 1844 
1973 2118 1759 1844 
2004 2042 1918 1844 
2029 2029 1905 1844 
2050 1833 2082 1844 
2064 2001 1899 1844 
2069 1966 1931 1844 
1888 2120 1963 1843 
2011 2075 1865 1843 
2066 1993 1966 1843 
2035 1983 1969 1843 
2064 2012 1941 1843 
2077 1893 2015 1843 
1846 2083 2003 1842 
1767 2164 1876 1842 
1869 2095 1984 1842 
1963 2087 1938 1842 
2041 2014 1898 1842 
1760 2167 1795 1841 
1944 2059 2010 1841 
1964 2133 1741 1841 
1956 2093 1931 1841 
1952 2098 1890 1841 
2036 2060 1908 1841 
2026 1969 2021 1841 
2017 2032 1911 1841 
2037 2040 1907 1841 
1824 2164 1846 1840 
1961 1923 2078 1840 
1980 1978 2059 1840 
1993 2081 1863 1840 
2015 1973 2030 1840 
2028 2036 1965 1840 
2041 1917 2039 1840 
2076 1912 2010 1840 
2078 1884 2019 1840 
1787 2067 2015 1839 
1855 2099 1987 1839 
1864 2188 1844 1839 
1946 1941 2088 1839 
1994 1983 2051 1839 
1990 2016 2012 1839 
1993 2003 2007 1839 
1994 2050 1944 1839 
2022 2070 1780 1839 
2051 1955 1992 1839 
2044 2015 1917 1839 
2055 1922 2031 1839 
2054 1942 1987 1839 
2092 1946 1870 1839 
2117 1785 1992 1839 
1876 2099 1986 1838 
1905 2012 2040 1838 
2069 1971 1926 1838 
2095 1789 2043 1838 
1836 2054 2026 1837 
1788 2176 1851 1837 
1945 2017 2062 1837 
1938 2096 1944 1837 
1949 2051 1994 1837 
2007 1955 2056 1837 
2034 2084 1875 1837 
2006 1956 2042 1837 
2036 1979 1998 1837 
2040 1936 2034 1837 
2050 1959 1971 1837 
2095 1843 2021 1837 
1939 1952 2094 1836 
1931 2108 1935 1836 
1971 2115 1913 1836 
1951 2128 1819 1836 
2082 1948 1985 1836 
1972 2020 2016 1835 
1992 1969 2059 1835 
1989 2096 1837 1835 
1995 2008 1996 1835 
2075 1985 1909 1835 
2076 1965 1908 1835 
2110 1738 2002 1835 
1877 2057 2038 1834 
1931 2091 1968 1834 
1952 1924 2099 1834 
1949 2011 2027 1834 
1977 2045 1975 1834 
1997 2085 1821 1834 
2054 1996 1952 1834 
1843 2020 2067 1833 
1794 2101 1982 1833 
1956 2055 1996 1833 
1964 2055 1985 1833 
1983 2057 1925 1833 
2037 1937 2050 1833 
2050 1927 2024 1833 
2067 1916 2006 1833 
2094 1848 2054 1833 
2068 2005 1911 1833 
1938 1946 2096 1832 
2023 2002 1977 1832 
2032 1875 2065 1832 
1992 1948 2070 1831 
1987 2120 1804 1831 
2002 2012 1998 1831 
2006 2051 1932 1831 
2053 1887 2050 1831 
2088 1940 1947 1831 
1903 2145 1904 1830 
1918 2139 1881 1830 
1997 2058 2008 1830 
1978 2003 2027 1830 
2028 2012 2012 1830 
2052 2020 1919 1830 
2032 2030 1910 1830 
2052 1965 1995 1830 
2055 2014 1941 1830 
2065 1931 2031 1830 
2080 1912 1992 1830 
2099 1945 1866 1830 
1976 2118 1874 1829 
1957 2013 2048 1829 
1977 2098 1873 1829 
2013 2037 1960 1829 
2025 1886 2071 1829 
2037 2057 1854 1829 
2045 2057 1843 1829 
1815 2099 1990 1828 
1923 1976 2077 1828 
1948 2141 1846 1828 
1997 2090 1816 1828 
2004 2078 1877 1828 
2037 1979 1998 1828 
2038 1959 1997 1828 
2058 1954 1993 1828 
2108 1851 1957 1828 
1895 1993 2082 1827 
1781 2062 2019 1827 
2022 2075 1876 1827 
2083 2014 1856 1827 
2084 1994 1855 1827 
1904 2033 2044 1826 
1904 2103 1956 1826 
1986 2059 1968 1826 
2029 1970 2064 1826 
2022 2049 1946 1826 
2030 2002 1960 1826 
1874 2123 1927 1825 
1977 2076 1926 1825 
2032 1994 2027 1825 
2041 1938 2021 1825 
1878 1870 2126 1824 
1870 1848 2127 1824 
1922 1970 2079 1824 
1950 2094 1937 1824 
1963 1922 2085 1824 
2013 2090 1858 1824 
2035 2003 1965 1824 
2036 1983 2009 1824 
2073 2049 1839 1824 
2074 2029 1838 1824 
2122 1811 1842 1824 
1929 2154 1803 1823 
1932 2027 2025 1823 
1996 1939 2071 1823 
2083 1867 2075 1823 
2098 1971 1876 1823 
2119 1939 1944 1823 
1805 1915 2107 1822 
1930 2112 1972 1822 
1862 2080 2000 1822 
1974 2084 1941 1822 
1988 2016 2034 1822 
1980 2096 1902 1822 
2049 1955 2014 1822 
2076 1975 1927 1822 
2088 1973 1841 1822 
2055 1915 2042 1821 
2082 1986 1888 1821 
2083 1966 1887 1821 
2084 1999 1850 1821 
1845 1847 2128 1820 
1871 2070 2019 1820 
1986 1906 2077 1820 
2024 2036 1984 1820 
2101 1950 1900 1820 
1933 1985 2077 1819 
1942 2070 1964 1819 
2000 2085 1936 1819 
2061 2024 1916 1819 
2040 1910 2053 1819 
2071 1919 2028 1819 
2077 1986 1900 1819 
2114 1870 1954 1819 
2115 1850 1953 1819 
2121 1870 1853 1819 
1937 2116 1974 1818 
1890 2027 2045 1818 
1998 2055 1954 1818 
2006 2055 1943 1818 
2035 2022 1934 1818 
2110 1896 1963 1818 
2121 1861 1914 1818 
2124 1770 1885 1818 
1897 2071 2014 1817 
1903 2079 2003 1817 
1954 2093 1941 1817 
1953 2095 1926 1817 
2028 2072 1898 1817 
2043 1967 1995 1817 
2088 2031 1879 1817 
2053 1939 2009 1817 
2076 1959 1967 1817 
2089 2011 1878 1817 
2099 1865 1965 1817 
1829 2117 1975 1816 
1947 2020 2024 1816 
1983 2073 1976 1816 
1958 2088 1968 1816 
1998 2005 2032 1816 
2044 2012 1956 1816 
2059 1944 2012 1816 
2094 1911 1975 1816 
2086 1946 1941 1816 
2108 1879 1969 1816 
2108 1951 1832 1816 
1932 2037 2024 1815 
2033 2026 1973 1815 
2034 2006 1972 1815 
2067 1891 2058 1815 
2094 1965 1953 1815 
2095 1820 2042 1815 
2095 1945 1952 1815 
1938 2074 2026 1814 
1990 2093 1845 1814 
1999 2013 2006 1814 
2025 1998 2018 1814 
2086 1937 1998 1814 
2105 1901 2014 1814 
2088 1859 2036 1814 
1904 2037 2055 1813 
1770 2101 1987 1813 
1855 2118 1970 1813 
1933 2147 1773 1813 
1953 2121 1865 1813 
2047 2058 1834 1813 
2113 1842 1986 1813 
2114 1822 1985 1813 
1951 1921 2121 1812 
1890 2152 1903 1812 
1911 2151 1824 1812 
1999 1963 2084 1812 
1989 2097 1824 1812 
2012 1860 2101 1812 
2008 2064 1914 1812 
2013 2107 1805 1812 
2014 2087 1804 1812 
2037 1981 1977 1812 
2060 1902 2064 1812 
2079 1960 1960 1812 
2079 1988 1898 1812 
2080 1968 1897 1812 
2123 1742 1917 1812 
2126 1737 1820 1812 
1955 2052 2018 1811 
2046 2031 1901 1811 
2074 1968 1929 1811 
2072 1997 1884 1811 
2126 1823 1921 1811 
1764 2199 1775 1810 
1914 2142 1907 1810 
1948 2089 1942 1810 
1968 2077 1966 1810 
2013 2055 2005 1810 
2074 1994 1985 1810 
2043 1984 1988 1810 
2059 2064 1807 1810 
1810 1780 2132 1809 
1789 1771 2136 1809 
1973 2010 2045 1809 
1974 2089 1916 1809 
2003 2098 1907 1809 
2004 2078 1906 1809 
2017 2040 1975 1809 
2064 2037 1887 1809 
2062 1948 2000 1809 
2065 2017 1886 1809 
2078 1979 1955 1809 
2105 1954 1912 1809 
1920 2142 1851 1808 
1964 2094 1950 1808 
2056 1831 2083 1808 
2051 1962 2017 1808 
2038 1939 2029 1808 
2052 1942 2016 1808 
2104 1873 2046 1808 
2077 1929 2003 1808 
2112 1901 1997 1808 
2113 1881 1996 1808 
1956 2010 2070 1807 
1832 2100 1979 1806 
1857 2085 1987 1806 
1926 2124 1922 1806 
1969 2035 2018 1806 
2001 2004 2026 1806 
2011 1987 2036 1806 
2038 2046 1943 1806 
2062 1943 2006 1806 
2097 1910 1966 1806 
2122 1789 1943 1806 
1935 2140 1915 1805 
2028 2089 1845 1805 
2047 2039 1884 1805 
2078 1920 2007 1805 
2079 1953 1970 1805 
2125 1795 1953 1805 
1867 2178 1836 1804 
1954 2097 1952 1804 
1966 2091 1934 1804 
2077 1878 2057 1804 
2097 1935 1984 1804 
1900 2150 1840 1803 
1956 2134 1836 1803 
2074 2046 1847 1803 
2061 1920 2032 1803 
1815 2132 1943 1802 
1790 2147 1935 1802 
1986 2062 1957 1802 
2037 2074 1867 1802 
2085 1967 1953 1802 
2082 1973 1931 1802 
1764 2096 1991 1801 
1774 2197 1712 1801 
1986 2136 1801 1801 
1974 2105 1905 1801 
2040 2005 1990 1801 
2082 1984 1973 1801 
2095 1961 1882 1801 
2118 1748 1963 1801 
1917 2155 1878 1800 
2046 2017 1940 1800 
2055 1954 1995 1800 
2124 1854 1964 1800 
2121 1761 1975 1800 
1743 1719 2140 1799 
2008 1907 2076 1799 
2019 1940 2070 1799 
2041 1919 2035 1799 
2054 2032 1940 1799 
2067 1998 1976 1799 
2047 2044 1879 1799 
2080 1879 2050 1799 
1985 1903 2099 1798 
1985 2028 2009 1798 
2014 2052 1951 1798 
2046 1842 2079 1798 
2033 1945 2062 1798 
2070 2015 1904 1798 
2067 2007 1918 1798 
2094 1884 2042 1798 
2071 1995 1903 1798 
1856 2190 1724 1797 
2004 2095 1853 1797 
2060 2021 1938 1797 
1939 2106 1926 1796 
2007 2068 1986 1796 
2060 2009 1953 1796 
2061 1902 2040 1796 
2073 1941 1992 1796 
2010 2077 1924 1795 
2012 2079 1896 1795 
2052 2056 1907 1795 
2016 2089 1874 1794 
2066 1957 2027 1794 
2072 1921 2007 1794 
2098 1916 1965 1794 
1945 1932 2103 1793 
1831 2118 1975 1793 
1900 2119 1928 1793 
1916 2019 2049 1793 
1951 2131 1838 1793 
1990 1992 2048 1793 
2094 1942 1974 1793 
1970 2021 2023 1792 
1949 2063 2000 1792 
2040 2087 1838 1792 
2041 2067 1837 1792 
1886 2113 1975 1791 
1990 2083 1979 1791 
2010 2103 1863 1791 
2030 2038 1948 1791 
2051 2022 1959 1791 
1941 2122 1940 1790 
1904 1961 2091 1790 
2041 1974 2009 1790 
1858 2166 1884 1789 
1899 2085 1980 1789 
1989 1986 2050 1789 
2036 2020 2019 1789 
2045 1973 1999 1789 
2106 1912 1979 1789 
1800 2082 2018 1788 
1950 2021 2052 1788 
1996 1975 2059 1788 
2036 2029 1961 1788 
2126 1837 1834 1788 
1777 1834 2139 1787 
1887 2071 2027 1787 
1962 1938 2088 1787 
2028 2062 1915 1787 
2033 1946 2047 1787 
2064 2014 1908 1787 
2123 1928 1859 1787 
2136 1857 1852 1787 
1934 1955 2093 1786 
1940 2143 1726 1786 
1958 2123 1873 1786 
2076 1926 2025 1786 
1859 2124 1936 1785 
1900 2043 2032 1785 
2040 2047 1908 1785 
2061 2011 1957 1785 
2101 1986 1888 1785 
2102 1966 1887 1785 
1879 2164 1892 1784 
1894 2158 1869 1784 
1922 2075 1988 1784 
2035 2093 1918 1784 
2036 2073 1917 1784 
2040 1946 2041 1784 
2061 1940 2028 1784 
2048 1974 1992 1784 
2096 2032 1898 1784 
2097 2012 1897 1784 
1952 2137 1862 1783 
2075 1945 2020 1783 
2116 1952 1851 1783 
1924 2160 1834 1782 
1993 2083 1954 1782 
1825 2113 1979 1781 
1864 2095 1990 1781 
2047 1993 1987 1781 
2118 1865 1946 1781 
2135 1829 1884 1781 
1948 2084 2004 1780 
1880 2122 1944 1780 
1948 2056 2009 1780 
2052 1972 1995 1780 
2094 1947 1959 1780 
2113 1911 1975 1780 
1970 2096 1914 1779 
2100 1958 1920 1779 
2101 1991 1883 1779 
2102 1971 1882 1779 
1942 2119 1886 1778 
1988 2129 1847 1778 
1989 2109 1846 1778 
2007 1973 2045 1778 
2042 2008 2016 1778 
2049 2068 1827 1778 
2055 1980 1986 1778 
1822 2142 1946 1777 
1976 2078 1985 1777 
1965 2093 1927 1777 
2018 2057 1968 1777 
2037 2017 1965 1777 
2045 1908 2048 1777 
2079 1996 1948 1777 
2115 1948 1941 1777 
1801 1924 2104 1776 
1908 1999 2077 1776 
1906 2131 1960 1776 
1984 2025 2031 1776 
1982 2090 1935 1776 
2045 1964 2011 1776 
2108 1985 1865 1776 
2022 2035 1987 1775 
2025 2050 1936 1775 
2086 1989 1916 1775 
2083 1974 1967 1775 
2137 1788 1927 1775 
1821 1750 2139 1774 
2043 1979 1993 1774 
2088 1953 1956 1774 
2104 1918 1973 1774 
2112 1883 2007 1774 
1840 2101 1998 1773 
1977 2036 2037 1773 
1963 2117 1894 1773 
1976 2104 1924 1773 
1978 2111 1871 1773 
2038 1975 2017 1773 
2067 1928 2025 1773 
1875 2135 1931 1772 
2036 2090 1864 1772 
2125 1864 1942 1772 
2130 1799 1904 1772 
1994 2014 2029 1770 
2082 2047 1866 1770 
2085 1888 2018 1770 
2029 2035 1970 1769 
2082 1946 1999 1769 
2090 1974 1950 1769 
1861 2099 2006 1768 
2037 2048 1916 1768 
2101 1910 2011 1768 
1896 2147 1906 1767 
1989 2060 1989 1767 
2073 2062 1848 1767 
2096 1951 1987 1767 
1780 2115 1976 1766 
1995 1972 2081 1766 
1989 2126 1793 1766 
2056 1911 2061 1766 
2043 2005 1962 1766 
2124 1836 1974 1766 
2129 1771 1936 1766 
1973 2117 1951 1765 
1920 2145 1870 1765 
2034 2056 1931 1765 
2075 2008 1937 1765 
1890 2161 1895 1764 
2028 2023 1984 1764 
2089 1962 1964 1764 
2049 1973 2003 1763 
2084 2008 1974 1763 
2065 2011 1916 1763 
2101 1963 1909 1763 
1983 2024 2034 1762 
1985 2017 2020 1762 
2012 1999 2020 1762 
2060 2057 1926 1762 
2044 1963 2014 1762 
2100 1882 2043 1762 
2113 1811 2036 1762 
2120 1802 1996 1761 
1908 2120 1947 1760 
2007 1996 2033 1760 
1911 2159 1903 1759 
1954 2070 1999 1759 
2072 1957 1995 1759 
2085 1979 1951 1759 
2073 1887 2054 1758 
2088 1934 1996 1758 
2109 1959 1923 1758 
1879 2173 1783 1757 
1978 2036 2013 1757 
2065 2016 1911 1757 
2131 1799 1909 1756 
1929 2118 1955 1755 
2044 2030 1980 1755 
2049 2069 1814 1755 
2046 1921 2034 1754 
1803 1925 2104 1753 
1974 2114 1897 1753 
1809 1813 2142 1752 
1900 2171 1791 1752 
2066 2024 1901 1752 
2090 1893 2039 1752 
1930 2076 2007 1751 
1988 2025 2011 1751 
2008 2082 1938 1751 
2024 2066 1940 1751 
2069 2021 1918 1751 
1896 2039 2036 1750 
1967 2059 2003 1750 
2023 2046 1952 1750 
2057 1911 2037 1750 
1857 1996 2078 1749 
2070 2023 1942 1749 
2083 1955 1981 1749 
2095 1921 1993 1749 
2062 1966 2024 1748 
1927 2150 1826 1747 
1966 2129 1894 1747 
1989 1983 2063 1747 
2025 2024 1992 1747 
2050 1922 2043 1747 
2054 1999 1978 1747 
1926 2033 2038 1746 
2144 1809 1866 1746 
1980 2035 2012 1745 
1889 2132 1928 1744 
2079 1921 2003 1744 
2122 1867 1895 1744 
1984 2088 1946 1743 
2094 1893 2025 1743 
2102 1921 1976 1743 
2104 1981 1866 1743 
2107 1822 2018 1743 
1844 2133 1978 1742 
2030 2045 1948 1741 
