#Solver type:
nMOCO-S
#Solver status:
AbortTimeLimit
#Number of nondominated points:
1512
#Number of models solved:
9990
#Elapsed time (seconds):
600.93
#Incumbent ideal point:
2017 2146 1994 2098 
#Incumbent nadir point:
1570 1662 1596 1877 
#The set of nondominated points:
1748 1834 1730 2098 
1690 1784 1799 2095 
1734 1850 1821 2091 
1688 1875 1748 2091 
1673 1895 1701 2087 
1780 1853 1729 2085 
1809 1854 1737 2084 
1751 1804 1806 2081 
1756 1715 1819 2079 
1747 1859 1781 2077 
1758 1754 1839 2076 
1806 1867 1764 2076 
1723 1911 1708 2075 
1645 1887 1743 2075 
1705 1914 1700 2074 
1748 1817 1833 2073 
1734 1915 1708 2073 
1752 1845 1771 2073 
1756 1780 1766 2073 
1665 1861 1777 2072 
1781 1846 1779 2072 
1676 1756 1835 2071 
1647 1864 1769 2071 
1724 1869 1760 2071 
1714 1889 1734 2071 
1841 1873 1736 2071 
1676 1865 1777 2070 
1792 1883 1855 2069 
1609 1908 1732 2069 
1709 1927 1799 2068 
1768 1935 1782 2067 
1829 1887 1771 2067 
1817 1735 1826 2065 
1710 1885 1851 2064 
1648 1972 1679 2064 
1805 1815 1809 2063 
1838 1886 1763 2063 
1819 1774 1846 2062 
1719 1967 1788 2061 
1747 1765 1878 2060 
1718 1886 1820 2060 
1795 1850 1792 2060 
1816 1836 1782 2060 
1813 1865 1778 2059 
1732 1914 1862 2058 
1694 1767 1870 2058 
1792 1888 1709 2058 
1720 1925 1840 2057 
1737 1800 1861 2057 
1775 1909 1741 2057 
1786 1945 1790 2056 
1624 1973 1653 2056 
1754 1948 1742 2056 
1824 1807 1814 2056 
1826 1808 1774 2056 
1740 1927 1824 2055 
1801 1879 1813 2055 
1786 1946 1817 2054 
1816 1942 1772 2054 
1803 1797 1819 2054 
1833 1793 1774 2054 
1845 1791 1713 2054 
1703 1990 1761 2053 
1763 1947 1734 2052 
1816 1834 1788 2052 
1728 1896 1886 2051 
1680 1991 1678 2051 
1758 1892 1841 2051 
1810 1878 1805 2051 
1645 1940 1830 2050 
1742 1898 1852 2050 
1841 1794 1743 2050 
1704 1948 1813 2049 
1734 1789 1869 2049 
1758 1784 1857 2049 
1750 1967 1813 2048 
1800 1809 1819 2048 
1828 1806 1778 2048 
1813 1837 1808 2047 
1848 1855 1781 2047 
1754 1779 1860 2046 
1817 1877 1800 2046 
1830 1806 1801 2046 
1692 1917 1882 2045 
1630 2004 1710 2045 
1824 1907 1708 2045 
1758 1937 1832 2044 
1755 1787 1877 2044 
1726 1977 1824 2043 
1756 1818 1880 2043 
1818 1964 1789 2043 
1835 1815 1791 2043 
1758 1938 1859 2042 
1740 2002 1690 2042 
1788 1934 1814 2042 
1793 1805 1838 2042 
1826 1876 1792 2042 
1858 1767 1810 2042 
1887 1828 1781 2042 
1675 1982 1803 2041 
1787 2021 1723 2041 
1810 1849 1808 2041 
1848 1961 1771 2041 
1832 1741 1819 2041 
1851 1804 1809 2041 
1851 1833 1669 2041 
1668 1927 1893 2040 
1734 1990 1786 2040 
1792 1970 1796 2040 
1760 1914 1858 2040 
1863 1880 1708 2040 
1823 1829 1826 2039 
1840 1846 1790 2039 
1790 1911 1840 2038 
1814 1890 1827 2038 
1676 1940 1855 2037 
1614 2027 1683 2037 
1734 1920 1865 2037 
1794 1826 1879 2037 
1788 1979 1775 2037 
1853 1826 1808 2037 
1752 1955 1803 2036 
1736 1961 1814 2035 
1824 1823 1861 2035 
1799 1757 1864 2035 
1836 1916 1781 2035 
1832 1828 1818 2035 
1796 1865 1899 2034 
1822 1891 1796 2034 
1875 1852 1762 2034 
1849 1896 1799 2033 
1816 1825 1845 2033 
1829 1754 1846 2033 
1862 1825 1800 2033 
1890 1811 1730 2033 
1662 2023 1709 2032 
1678 1911 1883 2032 
1772 1917 1826 2032 
1826 1862 1881 2032 
1872 1914 1698 2032 
1860 1893 1735 2032 
1874 1853 1676 2032 
1824 1930 1816 2031 
1841 1781 1818 2031 
1865 1776 1806 2031 
1686 1980 1844 2030 
1826 1909 1796 2030 
1863 1866 1797 2030 
1714 1867 1895 2029 
1720 2003 1746 2029 
1590 2028 1657 2029 
1820 1953 1813 2029 
1806 1974 1709 2029 
1818 2021 1748 2028 
1688 2046 1659 2028 
1764 1962 1838 2028 
1766 1880 1885 2028 
1842 1868 1807 2028 
1824 1989 1795 2027 
1782 1997 1776 2027 
1827 1832 1833 2027 
1881 1891 1743 2027 
1780 1888 1872 2026 
1839 1794 1835 2026 
1872 1865 1789 2026 
1692 1831 1911 2025 
1754 1977 1820 2025 
1760 1971 1817 2025 
1846 1909 1826 2025 
1874 1895 1756 2025 
1891 1746 1758 2025 
1766 1939 1864 2024 
1724 1947 1845 2024 
1704 2026 1692 2024 
1646 2046 1682 2024 
1726 2023 1635 2024 
1810 1885 1854 2024 
1871 1837 1843 2024 
1859 1911 1758 2024 
1784 1974 1802 2023 
1768 1902 1843 2023 
1829 1854 1832 2023 
1728 1983 1827 2022 
1803 1873 1855 2022 
1880 1835 1808 2022 
1892 1833 1747 2022 
1728 1992 1786 2021 
1657 1995 1781 2021 
1800 1851 1885 2021 
1854 1910 1795 2021 
1701 2028 1713 2020 
1744 1909 1868 2020 
1922 1830 1729 2020 
1790 1928 1861 2019 
1796 1922 1858 2019 
1866 1910 1753 2019 
1879 1839 1754 2019 
1802 1890 1905 2018 
1670 1942 1855 2018 
1723 2016 1758 2018 
1711 2033 1722 2018 
1856 1949 1815 2018 
1840 1729 1863 2018 
1873 1800 1817 2018 
1706 1911 1892 2017 
1820 1925 1843 2017 
1837 1776 1845 2017 
1778 1942 1832 2016 
1773 1960 1815 2016 
1802 1937 1820 2016 
1884 1848 1744 2016 
1796 1981 1837 2015 
1690 2004 1759 2015 
1720 1919 1879 2015 
1798 1899 1884 2015 
1830 1764 1846 2015 
1875 1909 1745 2015 
1762 1875 1912 2014 
1772 1932 1869 2014 
1814 2016 1775 2014 
1669 2033 1745 2014 
1598 2036 1740 2014 
1864 1919 1834 2014 
1835 1858 1863 2014 
1881 1801 1786 2014 
1914 1845 1726 2014 
1720 1892 1901 2013 
1760 1943 1847 2013 
1758 2025 1800 2013 
1715 1910 1884 2013 
1687 2037 1754 2012 
1840 1971 1761 2012 
1865 1855 1845 2012 
1894 1916 1816 2012 
1923 1765 1757 2012 
1735 2026 1717 2011 
1863 1923 1780 2011 
1700 1975 1869 2010 
1754 2034 1779 2010 
1624 2059 1690 2010 
1786 1913 1878 2010 
1847 1865 1867 2010 
1840 1972 1788 2010 
1870 1968 1743 2010 
1902 1859 1761 2010 
1700 1984 1828 2009 
1760 2002 1826 2009 
1826 1902 1837 2009 
1834 1897 1840 2007 
1862 1749 1854 2007 
1640 2039 1723 2006 
1687 2043 1681 2006 
1828 1941 1857 2006 
1898 1929 1752 2006 
1907 1848 1770 2006 
1911 1858 1753 2006 
1692 1823 1920 2005 
1640 2048 1682 2005 
1785 2031 1712 2005 
1892 1746 1836 2005 
1750 1934 1874 2004 
1729 2040 1737 2004 
1671 2060 1727 2004 
1745 1952 1857 2004 
1790 1985 1820 2004 
1804 1993 1784 2004 
1776 1847 1909 2004 
1828 1988 1772 2004 
1736 1864 1916 2003 
1664 2005 1817 2003 
1796 1953 1867 2003 
1826 1949 1822 2003 
1818 1872 1871 2003 
1680 1922 1899 2002 
1637 2041 1744 2002 
1648 2061 1644 2002 
1846 1969 1717 2002 
1857 1808 1852 2002 
1881 1941 1711 2002 
1732 1935 1889 2001 
1725 2049 1716 2001 
1831 1697 1870 2001 
1848 1869 1853 2001 
1872 1864 1841 2001 
1901 1713 1782 2001 
1738 1903 1936 2000 
1790 2044 1799 2000 
1720 1976 1838 2000 
1792 1962 1846 2000 
1768 1899 1891 2000 
1822 1958 1801 2000 
1812 1963 1803 2000 
1842 1970 1760 2000 
1726 1944 1885 1999 
1655 1947 1880 1999 
1858 1982 1796 1999 
1806 1964 1812 1999 
1829 1921 1825 1999 
1897 1779 1804 1999 
1910 1820 1758 1999 
1714 1955 1863 1998 
1709 1973 1846 1998 
1870 1944 1840 1998 
1812 1964 1830 1998 
1833 1736 1890 1998 
1841 1883 1869 1998 
1853 1878 1843 1998 
1866 1807 1844 1998 
1895 1942 1779 1998 
1890 1802 1832 1998 
1912 1793 1781 1998 
1935 1777 1635 1998 
1692 2078 1639 1997 
1834 1920 1868 1997 
1888 1979 1778 1997 
1905 1830 1780 1997 
1947 1824 1674 1997 
1734 1957 1847 1996 
1748 1914 1881 1996 
1805 2023 1722 1996 
1846 1996 1767 1996 
1883 1875 1825 1996 
1907 1773 1792 1996 
1764 1786 1910 1995 
1837 1892 1848 1995 
1898 1834 1793 1995 
1918 1867 1749 1995 
1694 2047 1790 1994 
1820 1965 1799 1994 
1829 1806 1881 1994 
1830 1929 1847 1994 
1920 1794 1750 1994 
1708 2072 1656 1993 
1814 1935 1858 1993 
1815 1781 1896 1993 
1905 1894 1638 1993 
1666 1772 1946 1992 
1755 2091 1689 1992 
1816 2031 1737 1992 
1859 1803 1863 1992 
1901 1787 1811 1992 
1916 1772 1784 1992 
1636 1997 1859 1991 
1822 2004 1819 1991 
1761 2059 1736 1991 
1736 1928 1875 1991 
1803 1812 1888 1991 
1816 1758 1882 1991 
1852 2000 1774 1991 
1845 1778 1878 1991 
1868 1774 1860 1991 
1878 1849 1832 1991 
1922 1833 1770 1991 
1923 1686 1764 1991 
1758 1904 1905 1990 
1632 1933 1890 1990 
1739 2048 1763 1990 
1685 1989 1853 1990 
1817 1820 1916 1990 
1858 1968 1821 1990 
1850 1891 1870 1990 
1921 1827 1771 1990 
1739 2015 1819 1989 
1744 1997 1836 1989 
1814 1867 1898 1989 
1919 1895 1706 1989 
1944 1837 1701 1989 
1764 1954 1888 1988 
1756 2049 1741 1988 
1656 2059 1763 1988 
1847 1817 1898 1988 
1854 2008 1713 1988 
1833 1836 1876 1988 
1880 1888 1852 1988 
1925 1725 1784 1988 
1681 1998 1832 1987 
1576 2061 1713 1987 
1752 1995 1837 1987 
1781 1914 1876 1987 
1824 1897 1877 1987 
1807 1855 1899 1987 
1848 1892 1865 1987 
1930 1803 1789 1987 
1686 1947 1905 1986 
1681 1965 1888 1986 
1665 2053 1768 1986 
1740 2006 1815 1986 
1798 1986 1825 1986 
1863 1833 1858 1986 
1598 2009 1832 1985 
1752 1967 1855 1985 
1753 1986 1829 1985 
1806 2026 1765 1985 
1837 1852 1881 1985 
1899 1848 1782 1985 
1960 1800 1771 1985 
1657 2017 1815 1984 
1866 1830 1856 1984 
1888 1889 1821 1984 
1904 1778 1825 1984 
1900 1856 1810 1984 
1904 1883 1720 1984 
1905 1740 1823 1984 
1864 2007 1802 1983 
1835 1946 1831 1983 
1836 2023 1747 1983 
1936 1852 1698 1983 
1781 2051 1746 1982 
1859 1903 1849 1982 
1896 1827 1838 1982 
1905 1911 1797 1982 
1930 1853 1792 1982 
1652 1834 1939 1981 
1798 1968 1829 1981 
1877 1938 1787 1981 
1955 1810 1669 1981 
1632 2060 1737 1980 
1806 1957 1871 1980 
1718 1958 1858 1980 
1769 1749 1921 1980 
1774 1848 1915 1980 
1777 1896 1900 1980 
1913 1798 1798 1980 
1906 1905 1719 1980 
1790 1922 1877 1979 
1806 1966 1830 1979 
1828 1839 1895 1979 
1874 2000 1723 1979 
1649 2061 1715 1978 
1606 2103 1686 1978 
1792 2059 1761 1978 
1740 1918 1898 1978 
1813 1874 1896 1978 
1835 1831 1887 1978 
1872 1729 1854 1978 
1901 1790 1825 1978 
1905 1800 1808 1978 
1909 1888 1771 1978 
1766 1883 1914 1977 
1828 2028 1798 1977 
1799 1967 1827 1977 
1821 1806 1902 1977 
1869 1837 1889 1977 
1854 1877 1856 1977 
1858 1865 1854 1977 
1927 1747 1801 1977 
1931 1865 1702 1977 
1722 2047 1786 1976 
1741 1905 1892 1976 
1784 1927 1875 1976 
1818 1853 1884 1976 
1899 1933 1739 1976 
1922 1868 1789 1976 
1659 1913 1913 1975 
1824 2068 1690 1975 
1734 2009 1830 1975 
1672 2096 1658 1975 
1694 2093 1601 1975 
1790 1895 1922 1975 
1811 1883 1878 1975 
1844 1954 1832 1975 
1807 1965 1828 1975 
1874 1950 1787 1975 
1890 1994 1740 1975 
1915 1890 1733 1975 
1908 1898 1695 1975 
1933 1865 1725 1975 
1957 1744 1783 1975 
1947 1825 1666 1975 
1694 1916 1909 1974 
1607 2061 1738 1974 
1710 1960 1862 1974 
1741 1917 1896 1974 
1823 1845 1922 1974 
1856 1916 1876 1974 
1830 2036 1737 1974 
1897 1902 1806 1974 
1914 1753 1808 1974 
1616 1787 1943 1973 
1696 2053 1793 1973 
1693 2067 1699 1973 
1754 1966 1854 1973 
1820 1892 1904 1973 
1874 1951 1814 1973 
1883 1688 1848 1973 
1915 1797 1804 1973 
1933 1820 1729 1973 
1954 1806 1719 1973 
1753 1833 1947 1972 
1674 2063 1720 1972 
1784 1986 1854 1972 
1786 1904 1901 1972 
1773 1927 1876 1972 
1818 1960 1839 1972 
1867 1964 1803 1972 
1898 1796 1827 1972 
1918 1914 1714 1972 
1658 2072 1705 1971 
1708 1919 1902 1971 
1807 1938 1873 1971 
1813 1880 1905 1971 
1890 1842 1858 1971 
1891 1993 1738 1971 
1908 1801 1817 1971 
1936 1828 1795 1971 
1915 1840 1797 1971 
1670 1844 1947 1970 
1738 1999 1836 1970 
1689 2030 1816 1970 
1758 1998 1827 1970 
1783 1830 1929 1970 
1814 1983 1836 1970 
1816 1901 1883 1970 
1823 1858 1886 1970 
1864 1917 1845 1970 
1897 1961 1785 1970 
1889 1884 1834 1970 
1954 1863 1733 1970 
1770 1960 1871 1969 
1702 2066 1691 1969 
1760 1910 1908 1969 
1812 2051 1771 1969 
1882 1921 1833 1969 
1924 1915 1727 1969 
1646 2000 1843 1968 
1741 2063 1725 1968 
1674 1981 1858 1968 
1766 1896 1902 1968 
1807 1971 1837 1968 
1822 1963 1830 1968 
1886 1810 1862 1968 
1919 1881 1816 1968 
1917 1885 1731 1968 
1964 1718 1748 1968 
1684 1847 1940 1967 
1700 1948 1896 1967 
1680 1949 1905 1967 
1899 1799 1835 1967 
1924 1916 1754 1967 
1958 1819 1655 1967 
1754 2001 1840 1966 
1682 2069 1713 1966 
1658 2074 1725 1966 
1688 1989 1845 1966 
1769 2015 1800 1966 
1840 1939 1849 1966 
1860 1872 1865 1966 
1873 1770 1880 1966 
1902 1826 1822 1966 
1903 1789 1824 1966 
1632 1827 1950 1965 
1740 2002 1835 1965 
1724 1958 1882 1965 
1850 2028 1747 1965 
1730 1926 1929 1964 
1746 1970 1882 1964 
1795 1916 1880 1964 
1800 2029 1792 1964 
1838 1957 1847 1964 
1873 1823 1875 1964 
1911 1662 1833 1964 
1927 1882 1785 1964 
1944 1733 1787 1964 
1734 1981 1860 1963 
1663 2014 1826 1963 
1717 2073 1736 1963 
1716 2054 1762 1963 
1742 1906 1913 1963 
1796 1947 1883 1963 
1845 1865 1913 1963 
1797 1903 1878 1963 
1816 1946 1874 1963 
1834 1893 1878 1963 
1899 1924 1823 1963 
1883 1704 1871 1963 
1916 1775 1825 1963 
1699 1983 1863 1962 
1690 1734 1948 1962 
1722 2022 1809 1962 
1760 1923 1911 1962 
1771 1992 1826 1962 
1868 1954 1829 1962 
1869 1894 1848 1962 
1907 1815 1831 1962 
1909 1812 1824 1962 
1939 1811 1744 1962 
1726 1935 1908 1961 
1758 1991 1846 1961 
1742 1979 1861 1961 
1738 1939 1891 1961 
1764 1852 1926 1961 
1838 2038 1709 1961 
1846 1943 1856 1961 
1850 1978 1811 1961 
1866 2022 1764 1961 
1875 1862 1895 1961 
1864 1890 1860 1961 
1891 1933 1812 1961 
1913 1701 1853 1961 
1916 1931 1751 1961 
1929 1921 1805 1961 
1946 1772 1807 1961 
1728 2072 1792 1960 
1725 2086 1698 1960 
1658 2004 1831 1960 
1783 2066 1708 1960 
1749 1887 1927 1960 
1791 1971 1855 1960 
1790 1952 1881 1960 
1804 1960 1845 1960 
1841 1874 1892 1960 
1873 1930 1830 1960 
1902 1816 1837 1960 
1905 1958 1745 1960 
1951 1807 1745 1960 
1716 1768 1956 1959 
1702 1896 1945 1959 
1664 1972 1878 1959 
1735 1980 1858 1959 
1756 1932 1890 1959 
1757 1819 1933 1959 
1817 1908 1884 1959 
1850 1979 1838 1959 
1854 1923 1850 1959 
1880 1975 1793 1959 
1943 1834 1743 1959 
1955 1832 1682 1959 
1700 1941 1915 1958 
1634 2075 1699 1958 
1642 2097 1698 1958 
1708 1982 1855 1958 
1764 2050 1788 1958 
1760 1847 1929 1958 
1871 1871 1874 1958 
1869 1953 1827 1958 
1903 1736 1836 1958 
1948 1869 1681 1958 
1702 1863 1946 1957 
1608 2109 1689 1957 
1630 2106 1632 1957 
1706 1927 1909 1957 
1767 1990 1838 1957 
1791 1985 1826 1957 
1867 2021 1762 1957 
1880 1996 1727 1957 
1876 2015 1685 1957 
1937 1891 1824 1957 
1884 1920 1832 1957 
1897 1829 1841 1957 
1966 1740 1765 1957 
1759 1858 1953 1956 
1764 2022 1806 1956 
1792 1929 1907 1956 
1740 1910 1919 1956 
1798 1913 1877 1956 
1822 1925 1862 1956 
1882 1831 1876 1956 
1706 2000 1857 1955 
1780 1970 1856 1955 
1825 1958 1853 1955 
1858 1949 1857 1955 
1829 1888 1886 1955 
1883 1947 1796 1955 
1913 1943 1751 1955 
1996 1737 1747 1955 
1676 1869 1953 1954 
1764 2023 1833 1954 
1709 1940 1907 1954 
1733 1935 1895 1954 
1789 1746 1924 1954 
1895 1909 1840 1954 
1887 1762 1861 1954 
1891 1781 1851 1954 
1911 1757 1849 1954 
1897 1885 1838 1954 
1948 1819 1745 1954 
1945 1874 1656 1954 
1668 2044 1820 1953 
1676 2085 1760 1953 
1749 1893 1936 1953 
1801 2034 1799 1953 
1855 1875 1885 1953 
1859 1885 1868 1953 
1888 1946 1839 1953 
1913 1944 1778 1953 
1930 1940 1733 1953 
1972 1789 1674 1953 
1756 1977 1881 1952 
1674 2012 1867 1952 
1772 2021 1834 1952 
1836 1900 1889 1952 
1794 1894 1899 1952 
1849 1798 1904 1952 
1866 1896 1844 1952 
1894 1832 1861 1952 
1899 1874 1827 1952 
1953 1874 1732 1952 
1940 1884 1678 1952 
1666 1904 1936 1951 
1706 1973 1902 1951 
1718 2045 1799 1951 
1647 2048 1794 1951 
1760 2032 1812 1951 
1785 1741 1927 1951 
1883 1859 1855 1951 
1900 1961 1764 1951 
1943 1832 1749 1951 
1702 1909 1933 1950 
1694 2014 1851 1950 
1623 2017 1846 1950 
1618 2035 1829 1950 
1748 2073 1761 1950 
1618 2098 1672 1950 
1677 2076 1756 1950 
1713 2076 1706 1950 
1826 2052 1762 1950 
1806 2053 1771 1950 
1786 1974 1863 1950 
1786 1997 1828 1950 
1820 1932 1860 1950 
1841 1704 1920 1950 
1879 1795 1886 1950 
1907 1869 1830 1950 
1903 1910 1809 1950 
1924 1720 1832 1950 
1965 1862 1696 1950 
1654 1777 1963 1949 
1730 1983 1888 1949 
1743 2096 1706 1949 
1682 2025 1829 1949 
1677 2043 1812 1949 
1832 2020 1809 1949 
1822 1970 1853 1949 
1838 2014 1806 1949 
1901 1913 1847 1949 
1971 1830 1743 1949 
1660 1995 1868 1948 
1594 2087 1756 1948 
1790 2010 1845 1948 
1749 2064 1753 1948 
1802 1990 1834 1948 
1845 1922 1872 1948 
1828 1927 1863 1948 
1856 2049 1744 1948 
1956 1878 1695 1948 
1945 1825 1747 1948 
1628 2110 1658 1947 
1728 1947 1897 1947 
1789 1900 1926 1947 
1773 2093 1688 1947 
1814 2066 1733 1947 
1822 1971 1880 1947 
1830 1873 1897 1947 
1862 2017 1791 1947 
1849 1819 1899 1947 
1852 1967 1835 1947 
1863 1957 1810 1947 
1905 1949 1829 1947 
1889 1729 1877 1947 
1934 1835 1836 1947 
1918 1924 1794 1947 
1779 2061 1735 1946 
1869 1925 1857 1946 
1891 1844 1861 1946 
1912 1763 1844 1946 
1915 1837 1830 1946 
1942 1782 1788 1946 
1940 1835 1769 1946 
1942 1887 1683 1946 
1957 1831 1724 1946 
1732 1960 1914 1945 
1739 1982 1880 1945 
1770 1877 1932 1945 
1770 1906 1909 1945 
1798 2023 1807 1945 
1781 2073 1682 1945 
1798 1898 1891 1945 
1815 2030 1772 1945 
1835 1822 1915 1945 
1860 1779 1901 1945 
1868 1893 1869 1945 
1892 1888 1857 1945 
1901 1989 1721 1945 
1944 1804 1762 1945 
1656 2026 1824 1944 
1798 1980 1864 1944 
1847 1899 1898 1944 
1812 1902 1894 1944 
1908 1841 1843 1944 
1937 1897 1705 1944 
1950 1690 1784 1944 
1974 1685 1772 1944 
1715 2034 1807 1943 
1787 1774 1936 1943 
1768 1794 1935 1943 
1811 2070 1664 1943 
1811 1875 1926 1943 
1802 2035 1795 1943 
1800 1903 1891 1943 
1821 1873 1907 1943 
1856 2024 1751 1943 
1860 1948 1856 1943 
1869 1958 1821 1943 
1913 1919 1848 1943 
1915 1942 1750 1943 
1719 2079 1739 1942 
1766 1872 1935 1942 
1828 1977 1846 1942 
1828 2000 1811 1942 
1858 1859 1900 1942 
1866 1894 1864 1942 
1948 1805 1788 1942 
1990 1799 1682 1942 
1708 1888 1952 1941 
1784 1954 1881 1941 
1822 1835 1928 1941 
1806 1993 1826 1941 
1826 2038 1787 1941 
1816 1988 1824 1941 
1889 1971 1775 1941 
1926 1850 1833 1941 
1943 1916 1830 1941 
1972 1765 1771 1941 
1985 1740 1736 1941 
1657 1984 1876 1940 
1570 2088 1730 1940 
1674 2100 1596 1940 
1670 1718 1961 1940 
1760 1807 1936 1940 
1800 1994 1835 1940 
1887 1894 1884 1940 
1894 1976 1784 1940 
1888 1856 1882 1940 
1961 1842 1757 1940 
1990 1800 1709 1940 
1604 2111 1632 1939 
1636 2108 1680 1939 
1749 2094 1662 1939 
1790 2067 1707 1939 
1803 2034 1793 1939 
1836 1990 1808 1939 
1889 1972 1802 1939 
1872 1953 1806 1939 
1919 1968 1757 1939 
1690 1795 1961 1938 
1698 1923 1935 1938 
1693 2103 1687 1938 
1768 1988 1856 1938 
1875 1902 1851 1938 
1893 1787 1867 1938 
1917 1782 1855 1938 
1954 1844 1751 1938 
1666 2105 1662 1937 
1766 2056 1791 1937 
1742 1944 1904 1937 
1745 2095 1705 1937 
1823 1984 1812 1937 
1876 1989 1788 1937 
1902 1778 1871 1937 
1965 1907 1690 1937 
1762 2002 1887 1936 
1721 2056 1795 1936 
1728 2106 1616 1936 
1730 2032 1819 1936 
1800 1919 1905 1936 
1883 1897 1854 1936 
1888 1753 1886 1936 
1921 1824 1840 1936 
1662 2106 1705 1935 
1780 2064 1778 1935 
1798 2067 1724 1935 
1801 1879 1913 1935 
1834 2009 1833 1935 
1877 1941 1871 1935 
1828 2063 1679 1935 
1953 1801 1767 1935 
1710 1908 1939 1934 
1832 2077 1768 1934 
1816 2033 1815 1934 
1695 2080 1713 1934 
1702 2102 1679 1934 
1724 1859 1946 1934 
1749 1906 1914 1934 
1754 1888 1931 1934 
1768 1760 1942 1934 
1770 1932 1884 1934 
1802 1895 1904 1934 
1830 1945 1864 1934 
1862 1892 1896 1934 
1895 1976 1809 1934 
1987 1812 1709 1934 
1660 1802 1969 1933 
1749 2121 1712 1933 
1684 1797 1957 1933 
1721 1754 1958 1933 
1718 1872 1942 1933 
1806 1901 1921 1933 
1752 1933 1901 1933 
1787 1838 1931 1933 
1820 1909 1885 1933 
1839 1985 1834 1933 
1825 1847 1923 1933 
1890 1792 1906 1933 
1860 1964 1819 1933 
1894 1952 1818 1933 
1923 1863 1860 1933 
1968 1700 1792 1933 
1738 1930 1925 1932 
1742 2066 1802 1932 
1710 2047 1809 1932 
1612 2091 1713 1932 
1722 2014 1847 1932 
1846 2030 1797 1932 
1867 1872 1885 1932 
1878 1999 1757 1932 
1946 1859 1748 1932 
1717 1826 1956 1931 
1774 2027 1837 1931 
1811 1850 1939 1931 
1844 1921 1893 1931 
1836 1807 1925 1931 
1868 1916 1881 1931 
1906 1808 1866 1931 
1930 1941 1725 1931 
1940 1860 1842 1931 
1686 1836 1977 1930 
1627 2058 1809 1930 
1709 1753 1963 1930 
1719 1907 1931 1930 
1781 1935 1903 1930 
1778 1823 1942 1930 
1842 2070 1689 1930 
1880 1827 1889 1930 
1897 1869 1867 1930 
1950 1713 1796 1930 
1950 1804 1787 1930 
1634 1837 1956 1929 
1728 1965 1908 1929 
1750 2079 1764 1929 
1679 2087 1716 1929 
1728 1861 1939 1929 
1787 2098 1688 1929 
1788 1980 1866 1929 
1841 1962 1860 1929 
1841 1847 1921 1929 
1874 1918 1875 1929 
1866 1804 1907 1929 
1861 1963 1817 1929 
1871 1958 1815 1929 
1898 1913 1863 1929 
1948 1715 1831 1929 
1979 1771 1719 1929 
1720 2036 1806 1928 
1816 1973 1880 1928 
1772 1986 1877 1928 
1801 1885 1922 1928 
1855 1964 1826 1928 
1884 2007 1773 1928 
1959 1820 1772 1928 
1962 1792 1751 1928 
1676 1871 1960 1927 
1656 1932 1921 1927 
1726 2004 1853 1927 
1812 1909 1911 1927 
1861 1964 1844 1927 
1911 1797 1875 1927 
1898 1962 1770 1927 
1902 1878 1857 1927 
1918 1922 1810 1927 
1957 1917 1758 1927 
1973 1828 1800 1927 
1974 1768 1760 1927 
1778 2017 1843 1926 
1715 2084 1733 1926 
1758 1965 1888 1926 
1831 1882 1904 1926 
1870 2004 1808 1926 
1937 1979 1792 1926 
1896 1995 1737 1926 
1954 1830 1794 1926 
1996 1824 1688 1926 
1725 2122 1686 1925 
1621 2087 1727 1925 
1740 1950 1912 1925 
1824 1986 1842 1925 
1832 1937 1877 1925 
1848 1981 1830 1925 
1932 1875 1839 1925 
1613 1896 1950 1924 
1668 1954 1922 1924 
1646 1967 1904 1924 
1700 1831 1955 1924 
1748 1914 1915 1924 
1752 2050 1792 1924 
1794 1872 1931 1924 
1887 2011 1736 1924 
1900 2001 1790 1924 
1947 1834 1807 1924 
1967 1867 1763 1924 
1664 1890 1953 1923 
1642 2133 1686 1923 
1743 2047 1804 1923 
1787 2049 1779 1923 
1835 2034 1769 1923 
1847 1960 1854 1923 
1878 1806 1895 1923 
1879 1929 1861 1923 
1941 1935 1714 1923 
1716 1903 1943 1922 
1658 1903 1949 1922 
1696 1820 1967 1922 
1713 1786 1959 1922 
1730 1737 1959 1922 
1824 1869 1913 1922 
1864 1781 1910 1922 
1901 1811 1885 1922 
1925 1804 1854 1922 
1989 1811 1708 1922 
1696 2019 1839 1921 
1633 2086 1729 1921 
1726 2080 1738 1921 
1715 1772 1960 1921 
1749 1949 1904 1921 
1804 2091 1703 1921 
1865 2031 1751 1921 
1842 1951 1859 1921 
1862 1963 1818 1921 
1908 1803 1877 1921 
1950 1787 1825 1921 
1986 1760 1754 1921 
1713 2085 1720 1920 
1708 1809 1959 1920 
1751 1881 1946 1920 
1784 1952 1900 1920 
1838 1920 1920 1920 
1800 1996 1853 1920 
1821 1686 1930 1920 
1826 1957 1870 1920 
1871 2004 1833 1920 
1894 1778 1892 1920 
1927 1849 1846 1920 
1984 1808 1749 1920 
1976 1815 1698 1920 
1643 2091 1738 1919 
1668 2088 1714 1919 
1739 1691 1954 1919 
1796 1932 1884 1919 
1788 2048 1777 1919 
1866 1820 1930 1919 
1856 1959 1846 1919 
1899 1891 1884 1919 
1912 1866 1849 1919 
1755 1931 1920 1918 
1781 1878 1928 1918 
1774 1785 1948 1918 
1776 2048 1780 1918 
1788 2015 1833 1918 
1814 1949 1882 1918 
1892 1928 1883 1918 
1838 1944 1870 1918 
1863 1867 1912 1918 
1854 2027 1781 1918 
1867 2044 1725 1918 
1873 1865 1893 1918 
1917 1926 1822 1918 
1926 1663 1856 1918 
1958 1772 1812 1918 
1981 1870 1685 1918 
1993 1837 1715 1918 
1997 1781 1727 1918 
1741 1916 1929 1917 
1896 1817 1912 1917 
1929 1888 1866 1917 
1974 1725 1798 1917 
1818 2098 1713 1916 
1688 2123 1624 1916 
1704 1773 1973 1916 
1760 1880 1938 1916 
1801 1995 1851 1916 
1856 1855 1913 1916 
1884 2024 1763 1916 
1934 1923 1804 1916 
1951 1776 1825 1916 
1646 1727 1983 1915 
1723 1851 1962 1915 
1698 1996 1895 1915 
1655 2115 1740 1915 
1752 2055 1805 1915 
1730 1965 1902 1915 
1756 1922 1916 1915 
1783 1724 1946 1915 
1694 1932 1926 1914 
1764 2017 1849 1914 
1665 2093 1721 1914 
1734 1770 1955 1914 
1848 2052 1698 1914 
1855 2026 1779 1914 
1886 1852 1895 1914 
1974 1747 1769 1914 
1717 1844 1967 1913 
1640 1862 1962 1913 
1667 2053 1829 1913 
1673 1933 1916 1913 
1700 1768 1976 1913 
1772 1820 1956 1913 
1750 1915 1921 1913 
1782 2052 1787 1913 
1854 1911 1886 1913 
1954 1740 1837 1913 
1949 1856 1824 1913 
1962 1831 1789 1913 
1694 2005 1874 1912 
1726 2061 1812 1912 
1727 2080 1786 1912 
1713 1886 1945 1912 
1761 1865 1936 1912 
1794 1936 1890 1912 
1818 2048 1777 1912 
1810 1980 1843 1912 
1872 1993 1832 1912 
1885 2023 1761 1912 
1967 1891 1762 1912 
1968 1831 1722 1912 
1984 1742 1764 1912 
1656 2073 1792 1911 
1759 2041 1821 1911 
1730 1765 1958 1911 
1732 1850 1954 1911 
1979 1853 1806 1911 
1670 1966 1911 1910 
1818 2049 1804 1910 
1826 2000 1839 1910 
1848 2045 1759 1910 
1886 2029 1674 1910 
1893 2003 1755 1910 
1926 1938 1801 1910 
1912 1736 1868 1910 
1997 1779 1733 1910 
2004 1810 1683 1910 
2001 1781 1704 1910 
1668 2011 1881 1909 
1669 2030 1855 1909 
1735 2093 1748 1909 
1676 2052 1821 1909 
1759 2088 1736 1909 
1818 1749 1935 1909 
1933 1735 1844 1909 
1943 1938 1703 1909 
1689 1814 1983 1908 
1635 1846 1963 1908 
1728 2038 1838 1908 
1722 1885 1937 1908 
1735 2060 1804 1908 
1759 2055 1792 1908 
1796 2013 1818 1908 
1839 1922 1891 1908 
1855 1966 1844 1908 
1856 2025 1753 1908 
1877 1839 1909 1908 
1923 2000 1737 1908 
1652 2104 1748 1907 
1676 2099 1736 1907 
1687 1859 1953 1907 
1794 2058 1788 1907 
1870 1876 1908 1907 
1911 1929 1837 1907 
1950 1790 1839 1907 
2004 1705 1777 1907 
1748 2040 1822 1906 
1677 2043 1817 1906 
1723 1864 1950 1906 
1786 1964 1889 1906 
1753 1893 1935 1906 
1756 1935 1904 1906 
1826 2019 1823 1906 
1836 2014 1821 1906 
1856 2026 1780 1906 
1898 1960 1828 1906 
1886 2022 1735 1906 
1907 1836 1891 1906 
1907 1865 1868 1906 
1909 1997 1772 1906 
1677 2010 1873 1905 
1701 2005 1861 1905 
1738 1828 1963 1905 
1820 2020 1832 1905 
1798 1947 1890 1905 
1824 2055 1770 1905 
1833 1927 1889 1905 
1819 1716 1933 1905 
1834 1946 1863 1905 
1992 1785 1760 1905 
1594 2054 1817 1904 
1736 2008 1857 1904 
1703 1975 1889 1904 
1815 1850 1929 1904 
1840 1972 1852 1904 
1856 2016 1805 1904 
1893 1954 1846 1904 
1898 2010 1699 1904 
1923 1950 1801 1904 
1939 1994 1754 1904 
1944 1869 1784 1904 
2006 1744 1797 1904 
1982 1840 1704 1904 
1737 2031 1832 1903 
1745 1716 1960 1903 
1743 1916 1923 1903 
1768 1825 1945 1903 
1885 1820 1901 1903 
1918 1891 1855 1903 
1991 1844 1689 1903 
1634 1974 1902 1902 
1638 2018 1864 1902 
1762 1892 1927 1902 
1775 1868 1935 1902 
1795 1925 1895 1902 
1843 2010 1809 1902 
1857 2025 1778 1902 
1897 1931 1845 1902 
1923 1951 1828 1902 
1927 1895 1840 1902 
1932 1688 1862 1902 
1964 1797 1818 1902 
1982 1820 1743 1902 
2003 1806 1733 1902 
1641 2130 1708 1901 
1750 2011 1850 1901 
1759 1752 1970 1901 
1758 1906 1932 1901 
1967 1914 1728 1901 
1672 1881 1961 1900 
1679 1981 1901 1900 
1699 2072 1828 1900 
1710 1798 1979 1900 
1824 2080 1722 1900 
1800 1700 1948 1900 
1809 1878 1924 1900 
1817 1776 1939 1900 
1877 1913 1884 1900 
1873 2007 1791 1900 
1933 1806 1843 1900 
1957 1801 1831 1900 
1758 2080 1811 1899 
1695 2008 1859 1899 
1774 1914 1928 1899 
1832 1830 1943 1899 
1789 1749 1952 1899 
1787 1820 1945 1899 
1807 1998 1841 1899 
1828 1950 1873 1899 
1865 1901 1897 1899 
1951 1859 1813 1899 
1611 1910 1940 1898 
1753 2103 1756 1898 
1770 1850 1959 1898 
1772 1959 1898 1898 
1840 1935 1882 1898 
1873 2019 1795 1898 
1870 2045 1708 1898 
1874 2026 1750 1898 
1931 1921 1847 1898 
1943 1919 1786 1898 
1973 1915 1741 1898 
1974 1855 1701 1898 
1662 1916 1944 1897 
1642 2088 1760 1897 
1706 1793 1982 1897 
1765 2083 1740 1897 
1768 1895 1929 1897 
1798 1780 1947 1897 
1843 1790 1945 1897 
1834 2039 1760 1897 
1876 1861 1899 1897 
1947 1734 1851 1897 
1968 1856 1795 1897 
1700 2030 1880 1896 
1783 2100 1738 1896 
1800 1847 1941 1896 
1802 1979 1845 1896 
1822 1865 1926 1896 
1862 2057 1698 1896 
1894 1943 1845 1896 
1943 1936 1772 1896 
1973 1916 1768 1896 
1961 1809 1818 1896 
1990 1767 1770 1896 
1766 2050 1830 1895 
1696 1966 1911 1895 
1745 1884 1941 1895 
1766 1859 1938 1895 
1796 2057 1787 1895 
1829 1949 1871 1895 
1846 2052 1733 1895 
1873 1678 1916 1895 
1909 1872 1879 1895 
1952 1789 1838 1895 
1620 1754 1988 1894 
1719 1878 1952 1894 
1789 2002 1849 1894 
1773 1958 1896 1894 
1798 2002 1842 1894 
1828 2018 1822 1894 
1833 1825 1928 1894 
1841 1934 1880 1894 
1881 1989 1814 1894 
1898 2006 1717 1894 
1912 2003 1726 1894 
1911 1996 1771 1894 
1991 1874 1672 1894 
2003 1804 1739 1894 
1688 1852 1955 1893 
1796 2070 1777 1893 
1796 2047 1812 1893 
1775 1841 1945 1893 
1793 1798 1954 1893 
1833 1985 1853 1893 
1849 2029 1806 1893 
1879 2025 1761 1893 
1899 2024 1752 1893 
1939 1760 1850 1893 
1947 1891 1774 1893 
2009 1744 1623 1893 
1676 1958 1918 1892 
1724 2043 1832 1892 
1709 2056 1818 1892 
1738 2007 1856 1892 
1784 2058 1790 1892 
1865 1946 1888 1892 
1857 2041 1741 1892 
1905 1992 1799 1892 
1895 1942 1843 1892 
1911 1986 1796 1892 
1641 2087 1776 1891 
1672 1894 1949 1891 
1702 1923 1934 1891 
1709 2023 1874 1891 
1768 2064 1801 1891 
1863 1982 1835 1891 
1839 1920 1897 1891 
1855 1964 1850 1891 
1901 1899 1853 1891 
1958 1812 1838 1891 
1960 1871 1792 1891 
1775 1935 1922 1890 
1738 2020 1846 1890 
1745 1814 1963 1890 
1813 1852 1940 1890 
1775 1843 1948 1890 
1791 1979 1875 1890 
1857 2042 1768 1890 
1882 1957 1835 1890 
1895 1943 1870 1890 
1887 2038 1723 1890 
1928 1997 1743 1890 
1913 1768 1871 1890 
1930 1810 1849 1890 
1944 1908 1785 1890 
1987 1779 1770 1890 
1650 1829 1986 1889 
1666 1993 1901 1889 
1716 1777 1972 1889 
1787 1826 1949 1889 
1831 1866 1921 1889 
1951 1816 1851 1889 
2000 1807 1759 1889 
1662 1929 1932 1888 
1583 2037 1845 1888 
1692 1958 1917 1888 
1710 2014 1870 1888 
1732 2013 1851 1888 
1736 2028 1836 1888 
1805 1932 1904 1888 
1843 1849 1922 1888 
1829 1955 1880 1888 
1843 1878 1899 1888 
1878 1966 1818 1888 
1903 1923 1864 1888 
1912 1954 1817 1888 
1992 1809 1722 1888 
2017 1807 1661 1888 
1780 1966 1889 1887 
1750 1937 1904 1887 
1765 1878 1931 1887 
1776 2034 1820 1887 
1813 2050 1802 1887 
1809 1847 1943 1887 
1871 1952 1854 1887 
1997 1869 1695 1887 
1997 1826 1698 1887 
1640 1864 1969 1886 
1751 1863 1960 1886 
1714 1913 1932 1886 
1776 1728 1972 1886 
1775 1882 1934 1886 
1777 1861 1932 1886 
1875 2007 1785 1886 
1925 2015 1699 1886 
1925 1682 1876 1886 
1934 1723 1855 1886 
1933 1920 1846 1886 
1643 1929 1939 1885 
1678 1978 1905 1885 
1804 1978 1897 1885 
1742 2010 1852 1885 
1749 1920 1925 1885 
1839 1844 1925 1885 
1830 1962 1862 1885 
1834 1974 1852 1885 
1843 1969 1843 1885 
1859 2013 1796 1885 
1901 1972 1801 1885 
1931 1831 1890 1885 
1951 1864 1793 1885 
1676 2146 1701 1884 
1679 2104 1719 1884 
1674 1914 1936 1884 
1721 2022 1841 1884 
1720 2003 1867 1884 
1781 1860 1942 1884 
1800 1914 1928 1884 
1806 1725 1954 1884 
1862 2022 1784 1884 
1879 1965 1816 1884 
1920 1924 1836 1884 
1945 1922 1775 1884 
1945 1908 1810 1884 
1963 1808 1817 1884 
1980 1775 1789 1884 
1680 1750 1986 1883 
1697 1826 1977 1883 
1741 1806 1969 1883 
1741 1898 1943 1883 
1751 1936 1902 1883 
1758 1865 1940 1883 
1780 2030 1824 1883 
1834 1998 1844 1883 
1834 1975 1879 1883 
1873 1966 1825 1883 
1960 1757 1863 1883 
1936 1762 1875 1883 
1957 1884 1819 1883 
1953 1935 1673 1883 
1997 1819 1759 1883 
1725 2085 1774 1882 
1760 2093 1753 1882 
1812 1991 1859 1882 
1781 1817 1959 1882 
1792 1820 1944 1882 
1836 1986 1847 1882 
1889 1827 1921 1882 
1919 1964 1796 1882 
1936 1924 1809 1882 
1962 1919 1757 1882 
1978 1918 1703 1882 
1984 1824 1719 1882 
1982 1841 1696 1882 
1680 1896 1952 1881 
1618 2096 1770 1881 
1822 2080 1757 1881 
1805 1977 1895 1881 
1808 1927 1890 1881 
1843 1894 1913 1881 
1888 2006 1807 1881 
1974 1854 1734 1881 
1650 1842 1974 1880 
1677 2104 1753 1880 
1689 1909 1939 1880 
1722 1980 1893 1880 
1776 1948 1913 1880 
1809 2032 1826 1880 
1834 2060 1741 1880 
1842 1988 1841 1880 
1859 2040 1740 1880 
1949 1961 1778 1880 
1685 1845 1970 1879 
1734 1793 1978 1879 
1772 1884 1944 1879 
1751 2104 1685 1879 
1797 2073 1775 1879 
1764 1989 1862 1879 
1875 2052 1776 1879 
1819 1831 1933 1879 
1823 2034 1792 1879 
1852 2077 1739 1879 
1835 1974 1877 1879 
1835 1997 1842 1879 
1842 1968 1863 1879 
1873 1891 1895 1879 
1981 1778 1797 1879 
1626 1779 1994 1878 
1644 1941 1926 1878 
1780 1979 1877 1878 
1792 2096 1720 1878 
1800 1784 1954 1878 
1854 1949 1877 1878 
1901 2016 1673 1878 
1959 1937 1713 1878 
1989 1778 1769 1878 
1643 2087 1770 1877 
1679 1944 1922 1877 
1722 2136 1639 1877 
1764 1790 1960 1877 
1783 1880 1929 1877 
1814 1962 1887 1877 
1809 1691 1947 1877 
1872 1965 1845 1877 
1849 1828 1915 1877 
1856 1921 1892 1877 
1875 1867 1894 1877 
1905 2049 1758 1877 
1889 2005 1805 1877 
