#Solver type:
nMOCO-S
#Solver status:
Success
#Number of nondominated points:
1879
#Number of models solved:
10452
#Elapsed time (seconds):
596.383
#Incumbent ideal point:
2127 2050 2174 2052 
#Incumbent nadir point:
1530 1500 1533 1588 
#The set of nondominated points:
1753 1866 1744 2052 
1776 1813 1815 2047 
1727 1820 1821 2041 
1762 1854 1754 2040 
1775 1831 1813 2038 
1763 1837 1806 2036 
1785 1801 1825 2035 
1796 1842 1816 2035 
1827 1917 1887 2034 
1861 1872 1876 2033 
1837 1887 1899 2031 
1830 1912 1863 2031 
1858 1909 1822 2031 
1850 1864 1958 2029 
1871 1875 1961 2026 
1848 1896 1867 2022 
1789 1877 1957 2021 
1824 1911 1890 2020 
1859 1883 1884 2020 
1728 1933 1764 2019 
1837 1888 1949 2018 
1843 1904 1907 2014 
1874 1876 1830 2014 
1890 1855 1852 2014 
1918 1852 1811 2014 
1819 1919 1930 2012 
1808 1934 1863 2012 
1832 1915 1840 2012 
1896 1857 1876 2012 
1894 1867 1834 2012 
1873 1881 1911 2011 
1868 1805 1969 2010 
1865 1897 1863 2010 
1881 1881 1883 2010 
1842 1921 1898 2009 
1870 1918 1857 2009 
1897 1823 1901 2009 
1857 1896 1906 2008 
1901 1816 1861 2007 
1874 1884 1867 2006 
1891 1878 1764 2006 
1878 1863 2002 2005 
1893 1819 1907 2005 
1865 1868 1969 2004 
1858 1877 1940 2004 
1848 1956 1862 2003 
1881 1825 1900 2003 
1884 1854 1879 2003 
1905 1876 1802 2003 
1825 1871 1969 2001 
1855 1884 1908 2001 
1881 1891 1825 2001 
1890 1836 1950 2001 
1904 1844 1903 2001 
1883 1881 1867 2001 
1897 1831 1938 2001 
1914 1825 1835 2001 
1796 1865 1998 2000 
1878 1888 1954 2000 
1860 1905 1902 2000 
1883 1822 1987 2000 
1908 1832 1869 2000 
1831 1899 1931 1999 
1864 1898 1964 1998 
1823 1908 1912 1998 
1873 1882 1961 1998 
1918 1842 1941 1998 
1889 1849 1908 1998 
1893 1851 1879 1998 
1917 1846 1867 1998 
1928 1823 1873 1998 
1896 1847 2006 1996 
1893 1861 1890 1996 
1883 1852 1973 1995 
1905 1849 1848 1995 
1831 1904 1926 1993 
1848 1902 1906 1993 
1891 1885 1817 1993 
1909 1861 1830 1993 
1925 1840 1852 1993 
1862 1790 2017 1992 
1855 1913 1942 1992 
1902 1864 1887 1992 
1895 1873 1858 1992 
1915 1853 1871 1992 
1930 1861 1846 1992 
1943 1816 1819 1992 
1826 1907 1971 1991 
1815 1922 1904 1991 
1843 1919 1863 1991 
1901 1806 1991 1991 
1925 1785 1904 1991 
1880 1869 1952 1990 
1908 1866 1911 1990 
1884 1855 1929 1990 
1891 1868 1894 1990 
1883 1801 2020 1989 
1882 1912 1901 1989 
1888 1869 1924 1989 
1886 1879 1882 1989 
1903 1790 1969 1989 
1893 1890 1918 1988 
1904 1811 1942 1988 
1858 1927 1924 1987 
1904 1870 1858 1987 
1938 1800 1942 1987 
1911 1861 1887 1987 
1838 1869 1975 1986 
1899 1875 1817 1986 
1933 1808 1871 1986 
1869 1836 2018 1985 
1900 1807 2012 1985 
1914 1815 1965 1985 
1925 1822 1945 1985 
1907 1846 1932 1985 
1940 1778 1850 1985 
1832 1785 2046 1984 
1903 1887 1799 1984 
1859 1880 1978 1983 
1865 1865 1981 1983 
1883 1861 1955 1983 
1894 1893 1874 1983 
1911 1858 1914 1983 
1844 1891 1975 1982 
1855 1944 1903 1982 
1917 1836 1997 1982 
1912 1864 1843 1982 
1919 1839 1879 1982 
1927 1817 1929 1982 
1789 1957 1786 1981 
1886 1895 1905 1981 
1889 1899 1892 1981 
1917 1896 1851 1981 
1944 1790 1881 1981 
1832 1859 2010 1980 
1825 1868 1981 1980 
1925 1847 1897 1980 
1939 1829 1903 1980 
1886 1936 1838 1979 
1865 1914 1915 1979 
1867 1893 1943 1979 
1893 1911 1874 1979 
1895 1890 1902 1979 
1922 1795 1946 1979 
1933 1836 1937 1979 
1943 1817 1869 1979 
1859 1905 1930 1978 
1882 1868 1951 1978 
1920 1841 1904 1978 
1932 1844 1843 1978 
1938 1845 1744 1978 
1867 1894 1970 1977 
1891 1875 1947 1977 
1925 1830 1982 1977 
1953 1827 1941 1977 
1933 1852 1831 1977 
1845 1915 1940 1976 
1869 1896 1917 1976 
1882 1867 1969 1976 
1901 1858 1943 1976 
1905 1860 1914 1976 
1929 1855 1902 1976 
1943 1806 1949 1976 
1940 1832 1908 1976 
1848 1815 2052 1975 
1862 1827 2019 1975 
1895 1890 1973 1975 
1895 1923 1842 1975 
1923 1887 1932 1975 
1890 1840 2014 1974 
1838 1894 1974 1974 
1828 1914 1948 1974 
1877 1864 1982 1974 
1883 1849 1985 1974 
1918 1837 1973 1974 
1901 1845 1959 1974 
1873 1928 1907 1973 
1797 1961 1736 1973 
1912 1787 1998 1973 
1938 1844 1760 1973 
1961 1792 1815 1973 
1972 1799 1795 1973 
1914 1822 2018 1972 
1904 1842 1949 1972 
1930 1789 1967 1972 
1942 1849 1831 1972 
1958 1786 1926 1972 
1862 1901 1983 1971 
1855 1910 1954 1971 
1812 1927 1934 1971 
1925 1774 1988 1971 
1930 1858 1858 1971 
1929 1816 1948 1971 
1937 1849 1887 1971 
1950 1838 1871 1971 
1948 1848 1829 1971 
1918 1837 2044 1970 
1806 1916 1948 1970 
1753 1965 1804 1970 
1733 1958 1812 1970 
1722 1973 1745 1970 
1883 1898 1919 1970 
1876 1923 1883 1970 
1904 1920 1842 1970 
1936 1791 1991 1970 
1927 1862 1906 1970 
1955 1825 1854 1970 
1903 1779 2053 1969 
1817 1904 1973 1969 
1807 1924 1947 1969 
1899 1927 1929 1969 
1884 1848 1982 1969 
1912 1845 1941 1969 
1933 1872 1755 1969 
1890 1789 2061 1968 
1907 1916 1969 1968 
1852 1938 1906 1968 
1880 1935 1865 1968 
1896 1875 1978 1968 
1924 1865 1841 1968 
1933 1853 1834 1968 
1960 1808 1883 1968 
1808 1843 2037 1967 
1885 1937 1939 1967 
1756 1960 1780 1967 
1919 1781 2003 1967 
1939 1840 1849 1967 
1945 1788 1983 1966 
1820 1941 1926 1965 
1906 1865 1986 1965 
1917 1886 1981 1965 
1927 1867 1913 1965 
1950 1809 1977 1965 
1956 1828 1810 1965 
1907 1795 2053 1964 
1821 1842 2038 1964 
1833 1839 2018 1964 
1935 1792 2012 1964 
1921 1803 2006 1964 
1946 1838 1894 1964 
1947 1752 1992 1964 
1956 1819 1826 1964 
1808 1791 2057 1963 
1892 1875 1996 1963 
1825 1918 1965 1963 
1815 1938 1939 1963 
1946 1819 1973 1963 
1941 1852 1817 1963 
1974 1816 1932 1963 
1924 1843 1959 1962 
1918 1846 1955 1962 
1932 1834 1973 1962 
1946 1879 1827 1962 
1959 1823 1786 1962 
1913 1891 1865 1961 
1924 1824 2038 1961 
1952 1821 1997 1961 
1847 1946 1946 1960 
1836 1961 1879 1960 
1875 1943 1905 1960 
1888 1939 1815 1960 
1922 1894 1850 1960 
1924 1884 1892 1960 
1939 1826 1964 1960 
1979 1775 1881 1960 
1986 1788 1846 1960 
1801 1966 1821 1959 
1758 1976 1757 1959 
1929 1905 1886 1959 
1932 1835 1938 1959 
1927 1838 1935 1959 
1939 1848 1886 1959 
1942 1849 1845 1959 
1960 1832 1897 1959 
1955 1835 1894 1959 
1954 1759 1950 1959 
1848 1865 2036 1958 
1838 1885 2010 1958 
1909 1908 1899 1958 
1808 1735 2063 1957 
1784 1965 1829 1957 
1753 1973 1770 1957 
1866 1893 1971 1957 
1991 1840 1961 1957 
1931 1850 1917 1957 
1946 1842 1907 1957 
1939 1847 1904 1957 
2000 1786 1884 1957 
1913 1920 1881 1956 
1929 1783 2023 1956 
1944 1853 1878 1956 
1950 1854 1779 1956 
1957 1780 1982 1956 
1852 1903 1981 1955 
1889 1855 2010 1955 
1924 1768 2044 1955 
1936 1843 1943 1955 
1934 1844 1917 1955 
1939 1787 2010 1955 
1947 1842 1885 1955 
1958 1854 1751 1955 
1855 1960 1938 1954 
1930 1908 1842 1954 
1930 1875 1973 1954 
1884 1852 2023 1953 
1859 1948 1870 1953 
1912 1849 1982 1953 
1933 1862 1885 1953 
1939 1857 1840 1953 
1865 1930 1950 1951 
1940 1845 1985 1951 
1940 1878 1854 1951 
1933 1864 1909 1951 
1933 1903 1818 1951 
1945 1856 1834 1951 
1947 1847 1830 1951 
1965 1774 1967 1951 
1997 1797 1814 1951 
1897 1813 2050 1950 
1893 1937 1914 1950 
1928 1784 2044 1950 
1932 1762 2029 1950 
1956 1856 1874 1950 
1954 1858 1866 1950 
1960 1759 1988 1950 
1997 1809 1891 1950 
1860 1762 2078 1949 
1878 1907 2009 1949 
1843 1918 1959 1949 
1867 1922 1942 1949 
1911 1908 1883 1949 
1934 1850 1947 1949 
1932 1871 1919 1949 
1953 1855 1913 1949 
1962 1847 1906 1949 
1906 1915 1970 1948 
1745 1967 1847 1948 
1734 1982 1780 1948 
1888 1932 1918 1948 
1916 1929 1877 1948 
1934 1912 1929 1948 
1968 1730 2034 1948 
1986 1867 1972 1948 
1954 1875 1912 1948 
1945 1881 1790 1947 
1902 1788 2067 1946 
1892 1925 1980 1946 
1888 1933 1945 1946 
1901 1909 1977 1946 
1920 1922 1939 1946 
1934 1814 2021 1946 
1946 1869 1957 1946 
1954 1766 2003 1946 
1992 1747 1926 1946 
1916 1884 1985 1945 
1937 1889 1784 1945 
1924 1874 2022 1944 
1952 1871 1981 1944 
1957 1797 2018 1944 
1994 1711 1935 1944 
1996 1759 1908 1944 
1915 1726 2079 1943 
1779 1970 1814 1943 
1911 1879 1989 1943 
1906 1875 1990 1943 
1939 1876 1948 1943 
1943 1723 2038 1943 
1940 1885 1911 1943 
1857 1841 2035 1942 
1981 1804 1973 1942 
1820 1790 2063 1941 
1774 1967 1827 1941 
1939 1822 2014 1941 
1935 1861 1993 1941 
1937 1888 1846 1941 
1967 1819 1973 1941 
1960 1776 2001 1941 
1971 1783 1981 1941 
1999 1780 1940 1941 
1810 1962 1749 1940 
1890 1804 2051 1940 
1876 1949 1929 1940 
1896 1936 1868 1940 
1958 1888 1862 1940 
1951 1897 1833 1940 
1943 1880 1887 1940 
1971 1877 1846 1940 
1842 1876 2018 1939 
1794 1970 1769 1939 
1882 1931 1946 1939 
1929 1833 2007 1939 
1946 1814 2005 1939 
1962 1756 2003 1939 
1947 1739 2038 1938 
1940 1764 2030 1938 
1936 1893 1927 1938 
1947 1892 1869 1938 
1986 1868 1902 1938 
1968 1761 1989 1938 
2007 1785 1874 1938 
1800 1966 1849 1937 
1770 1985 1792 1937 
1789 1967 1782 1937 
1916 1795 2051 1937 
1815 1723 2104 1936 
1829 1882 2012 1936 
1894 1964 1863 1936 
1914 1926 1905 1936 
1932 1916 1795 1936 
1961 1775 1998 1936 
1968 1770 1986 1936 
1996 1767 1945 1936 
2007 1774 1925 1936 
1854 1835 2064 1935 
1735 1970 1836 1935 
1765 1982 1805 1935 
1884 1943 1914 1935 
1964 1768 2023 1935 
1931 1756 2085 1934 
1804 1974 1836 1934 
1773 1982 1777 1934 
1908 1931 1818 1934 
1959 1753 2044 1934 
2007 1780 1953 1934 
2016 1726 1876 1934 
1721 1980 1846 1933 
1897 1863 2034 1933 
1928 1834 2028 1933 
1956 1831 1987 1933 
1973 1720 1974 1933 
1836 1820 2069 1932 
1836 1977 1914 1932 
1888 1715 2091 1932 
1860 1812 2062 1932 
1860 1958 1891 1932 
1894 1933 1870 1932 
1911 1892 1949 1932 
1931 1914 1815 1932 
1935 1906 1795 1932 
1955 1803 2012 1932 
2033 1755 1826 1932 
1905 1930 1872 1931 
1945 1882 1934 1931 
1922 1920 1890 1931 
1939 1885 1930 1931 
1944 1788 2025 1931 
1968 1769 2002 1931 
1996 1766 1961 1931 
1992 1815 1777 1931 
2012 1733 1910 1931 
1872 1918 1991 1930 
1945 1863 2013 1930 
1940 1896 1857 1930 
1998 1772 2008 1930 
2002 1795 1813 1930 
2011 1760 1891 1930 
1849 1758 2081 1929 
1714 1992 1713 1929 
1936 1715 2070 1929 
1945 1912 1853 1929 
2000 1814 1856 1929 
2009 1806 1849 1929 
1799 1985 1770 1928 
1874 1954 1890 1928 
1898 1935 1867 1928 
1953 1874 1913 1928 
1981 1871 1872 1928 
1960 1887 1861 1928 
1996 1784 1898 1928 
1845 1765 2077 1927 
1859 1924 1985 1927 
1709 1989 1726 1927 
1923 1917 1918 1927 
1933 1729 2065 1927 
1948 1901 1791 1927 
1960 1811 2005 1927 
1958 1820 1997 1927 
1956 1802 2009 1927 
1963 1797 1997 1927 
1988 1808 1964 1927 
2001 1800 1894 1927 
2014 1755 1867 1927 
1891 1784 2070 1926 
1801 1851 2041 1926 
1814 1986 1807 1926 
1887 1932 1946 1926 
1915 1929 1905 1926 
1910 1895 1967 1926 
1928 1877 1943 1926 
1939 1910 1882 1926 
1938 1892 1926 1926 
1967 1881 1882 1926 
2015 1762 1848 1926 
1895 1921 1986 1925 
1884 1880 1995 1925 
1919 1902 1963 1925 
1947 1899 1922 1925 
2002 1820 1765 1925 
2027 1732 1926 1925 
1873 1942 1956 1924 
1770 1989 1848 1924 
1780 1984 1835 1924 
1882 1926 1953 1924 
1901 1939 1915 1924 
1914 1947 1873 1924 
1897 1923 1933 1924 
1910 1894 1985 1924 
1938 1891 1944 1924 
1925 1920 1892 1924 
1927 1791 2033 1924 
1947 1777 2032 1924 
1957 1882 1918 1924 
1960 1826 1985 1924 
1986 1791 1986 1924 
1972 1706 2014 1924 
1999 1830 1924 1924 
2004 1756 1961 1924 
1866 1862 2042 1923 
1817 1981 1783 1923 
1890 1854 2035 1923 
1951 1914 1948 1923 
1935 1797 2033 1923 
1987 1844 1854 1923 
2019 1836 1914 1923 
2001 1699 1976 1923 
2028 1782 1837 1923 
1895 1785 2070 1922 
1856 1941 1964 1922 
1818 1926 1969 1922 
1756 1999 1858 1922 
1900 1957 1883 1922 
1905 1891 1998 1922 
1911 1876 2001 1922 
1933 1888 1957 1922 
1946 1864 1989 1922 
1929 1872 1975 1922 
1939 1873 1960 1922 
1938 1688 2050 1922 
1957 1898 1791 1922 
1957 1869 1934 1922 
1996 1802 1949 1922 
2017 1756 1936 1922 
2028 1763 1916 1922 
1882 1734 2089 1921 
1875 1824 2055 1921 
1940 1814 2014 1921 
1953 1891 1881 1921 
2007 1802 1989 1921 
1968 1811 1973 1921 
2014 1778 1916 1921 
1883 1956 1891 1920 
1879 1800 2054 1920 
1904 1935 1925 1920 
1942 1849 2034 1920 
1946 1761 2047 1920 
1967 1764 2042 1920 
1966 1895 1809 1920 
1970 1876 1847 1920 
2032 1691 1911 1920 
1883 1937 1970 1919 
1958 1885 1874 1919 
1961 1812 1981 1919 
1964 1818 2007 1918 
1955 1889 1922 1918 
2022 1783 1850 1918 
1931 1806 2069 1917 
1923 1904 1954 1917 
1940 1872 1957 1917 
1959 1803 2028 1917 
1961 1899 1771 1917 
1921 1933 1867 1916 
2032 1749 1882 1916 
2043 1726 1888 1916 
1864 1773 2082 1915 
1836 1870 2053 1915 
1862 1966 1890 1915 
1901 1952 1904 1915 
1947 1808 2019 1915 
1955 1853 1996 1915 
1972 1723 2027 1915 
2011 1727 1966 1915 
1944 1925 1830 1914 
1946 1754 2061 1914 
1976 1900 1797 1914 
1974 1751 2020 1914 
1978 1715 2028 1914 
2021 1731 1953 1914 
1848 1968 1942 1913 
1865 1960 1890 1913 
1917 1938 1826 1913 
1924 1928 1843 1913 
1954 1718 2056 1913 
1973 1815 1977 1913 
2012 1783 1947 1913 
1785 1991 1812 1912 
1811 1980 1810 1912 
1849 1808 2065 1912 
1932 1944 1839 1912 
1931 1884 1958 1912 
1939 1919 1875 1912 
1936 1765 2054 1912 
1963 1819 2028 1912 
1954 1905 1862 1912 
1962 1910 1807 1912 
1977 1827 1981 1912 
1959 1881 1917 1912 
1975 1779 2008 1912 
1980 1708 2015 1912 
2006 1860 1905 1912 
2002 1862 1869 1912 
1843 1965 1955 1911 
1715 2002 1684 1911 
1878 1880 2010 1911 
1871 1962 1914 1911 
1867 1946 1932 1911 
1962 1791 2053 1911 
1990 1788 2012 1911 
1969 1879 1833 1911 
2002 1843 1948 1911 
2040 1743 1867 1911 
1791 1978 1839 1910 
1794 1979 1818 1910 
1855 1723 2101 1910 
1908 1959 1862 1910 
1940 1915 1872 1910 
1960 1861 1989 1910 
1988 1858 1948 1910 
2008 1714 1971 1910 
1886 1945 1918 1909 
1941 1918 1881 1909 
1955 1915 1802 1909 
1980 1848 2013 1909 
1960 1873 1903 1909 
1967 1872 1901 1909 
1968 1707 2045 1909 
1975 1881 1857 1909 
2014 1706 1972 1909 
2025 1767 1874 1909 
2026 1690 1938 1909 
2049 1695 1818 1909 
1812 1871 2033 1908 
1777 1988 1849 1908 
1825 1984 1795 1908 
1971 1700 2070 1908 
1967 1853 1980 1908 
1695 2009 1689 1907 
1881 1942 1931 1907 
1909 1939 1890 1907 
1905 1923 1908 1907 
1927 1928 1891 1907 
1933 1920 1867 1907 
1967 1875 1902 1907 
1970 1876 1861 1907 
2029 1807 1976 1907 
1988 1859 1913 1907 
2031 1769 1898 1907 
2038 1753 1899 1907 
1866 1912 2026 1906 
1811 1994 1805 1906 
1820 1978 1840 1906 
1843 1969 1737 1906 
1890 1893 2003 1906 
1995 1796 2005 1906 
2045 1702 1852 1906 
1841 1729 2094 1905 
1922 1917 1946 1905 
1935 1865 1984 1905 
1959 1877 1933 1905 
1974 1869 1923 1905 
2008 1713 1987 1905 
2028 1813 1900 1905 
1875 1874 2039 1904 
1806 1983 1860 1904 
1795 2003 1783 1904 
1806 1988 1850 1904 
1893 1927 1953 1904 
1931 1930 1850 1904 
1965 1889 1865 1904 
1972 1880 1894 1904 
1975 1888 1822 1904 
1978 1881 1795 1904 
1985 1807 1998 1904 
2033 1750 1929 1904 
1843 1980 1808 1903 
1858 1838 2046 1903 
1889 1758 2078 1903 
1879 1850 2038 1903 
1908 1927 1956 1903 
1921 1935 1914 1903 
1945 1879 1985 1903 
1949 1932 1873 1903 
1928 1916 1898 1903 
1952 1795 2060 1903 
1962 1871 1933 1903 
1967 1814 2026 1903 
1980 1792 2019 1903 
1975 1869 1901 1903 
1986 1881 1767 1903 
1995 1811 1985 1903 
2006 1818 1965 1903 
2014 1840 1814 1903 
2032 1750 1932 1903 
1792 1993 1870 1902 
1766 2000 1798 1902 
1849 1690 2103 1902 
1849 1971 1781 1902 
1904 1889 2002 1902 
1932 1886 1961 1902 
1954 1871 1936 1902 
1997 1670 2022 1902 
1995 1821 1961 1902 
2022 1829 1854 1902 
2032 1754 1912 1902 
2035 1770 1878 1902 
2043 1761 1892 1902 
1829 1990 1818 1901 
1907 1945 1924 1901 
1898 1946 1907 1901 
1892 1681 2089 1901 
1935 1942 1883 1901 
1940 1876 1998 1901 
1926 1943 1866 1901 
1960 1893 1827 1901 
1961 1889 1901 1901 
1964 1857 1975 1901 
1989 1886 1860 1901 
1973 1673 2050 1901 
2000 1755 1990 1901 
2017 1749 1989 1901 
2024 1744 1977 1901 
1761 1997 1811 1900 
1910 1809 2055 1900 
1894 1880 2007 1900 
1904 1860 2033 1900 
1927 1881 1965 1900 
1967 1872 1954 1900 
1959 1902 1885 1900 
1969 1907 1826 1900 
1982 1762 2018 1900 
2010 1759 1977 1900 
2042 1720 1944 1900 
2035 1776 1906 1900 
1870 1797 2092 1899 
1691 2012 1807 1899 
1898 1935 1946 1899 
1911 1923 1966 1899 
1939 1894 1966 1899 
1939 1920 1925 1899 
1967 1891 1925 1899 
2025 1824 1830 1899 
2032 1799 1866 1899 
1864 1973 1867 1898 
1944 1882 1985 1898 
1950 1873 1969 1898 
1954 1896 1892 1898 
1975 1894 1853 1898 
1984 1883 1890 1898 
1982 1885 1882 1898 
1864 1954 1946 1897 
1916 1819 2050 1897 
1923 1923 1911 1897 
1940 1814 2038 1897 
1990 1874 1922 1897 
2061 1732 1858 1897 
1856 1931 1977 1896 
1930 1892 1995 1896 
1921 1893 1978 1896 
1961 1904 1863 1896 
1959 1735 2055 1896 
1968 1895 1892 1896 
1987 1732 2014 1896 
2005 1849 1930 1896 
2001 1856 1925 1896 
2012 1833 1931 1896 
2047 1747 1858 1896 
1861 1654 2101 1895 
1898 1960 1902 1895 
1912 1823 2045 1895 
1973 1908 1806 1895 
2039 1737 1923 1895 
2043 1719 1941 1895 
2050 1714 1929 1895 
1788 1799 2088 1894 
1888 1880 2019 1894 
1962 1841 2037 1894 
2007 1708 2027 1894 
1990 1838 1996 1894 
2000 1844 1934 1894 
1865 1720 2109 1893 
1882 1969 1880 1893 
1893 1954 1947 1893 
1921 1951 1906 1893 
1934 1947 1816 1893 
1961 1900 1887 1893 
1959 1904 1885 1893 
1954 1909 1858 1893 
1968 1902 1851 1893 
1969 1716 2032 1893 
1983 1888 1838 1893 
2013 1700 2028 1893 
1847 1974 1822 1892 
1959 1913 1843 1892 
1974 1879 1893 1892 
2001 1864 1805 1892 
2019 1771 1988 1892 
1829 1985 1918 1891 
1635 2019 1728 1891 
1853 1966 1895 1891 
1916 1824 2045 1891 
1947 1758 2061 1891 
1936 1937 1878 1891 
1971 1750 2054 1891 
1966 1869 1958 1891 
1977 1789 2029 1891 
1969 1898 1848 1891 
2009 1750 1996 1891 
2009 1850 1910 1891 
2030 1816 1718 1891 
2037 1747 1955 1891 
2027 1826 1877 1890 
2055 1673 1914 1890 
1836 1983 1760 1889 
1931 1931 1923 1889 
1920 1898 1961 1889 
1942 1924 1905 1889 
1959 1928 1882 1889 
1966 1868 1976 1889 
1988 1803 2017 1889 
1995 1846 1989 1889 
1784 1995 1811 1888 
1775 1996 1794 1888 
1870 1679 2094 1888 
1962 1903 1843 1888 
2003 1692 2045 1888 
1986 1698 2046 1888 
1985 1894 1744 1888 
2018 1659 2013 1888 
2033 1678 1979 1888 
2045 1752 1889 1888 
2056 1683 1859 1888 
1814 1988 1825 1887 
1928 1934 1915 1887 
1961 1865 1989 1887 
1965 1913 1781 1887 
2042 1774 1869 1887 
2048 1775 1770 1887 
1760 1695 2111 1886 
1889 1808 2062 1886 
1938 1708 2080 1886 
1999 1742 2013 1886 
2003 1751 2009 1886 
1996 1788 2005 1886 
2015 1673 2008 1886 
2035 1812 1890 1886 
2031 1748 1968 1886 
2042 1755 1948 1886 
2032 1800 1916 1886 
2034 1764 1934 1886 
2045 1741 1940 1886 
2048 1756 1849 1886 
1825 1748 2094 1885 
1818 1841 2061 1885 
1932 1912 1957 1885 
1960 1883 1957 1885 
1995 1871 1945 1885 
1988 1880 1916 1885 
2002 1735 2038 1885 
2021 1827 1890 1885 
1895 1762 2082 1884 
2007 1726 1997 1884 
2013 1817 1955 1884 
1797 1630 2115 1883 
1763 1997 1852 1883 
1802 1991 1824 1883 
1935 1830 2049 1883 
1910 1859 2039 1883 
1937 1808 2041 1883 
1967 1793 2036 1883 
1975 1907 1805 1883 
1996 1891 1816 1883 
2008 1651 2030 1883 
2042 1770 1928 1883 
1750 2009 1777 1882 
1940 1685 2076 1882 
1953 1893 1899 1882 
1987 1780 2060 1882 
1978 1879 1920 1882 
1994 1854 1952 1882 
1998 1841 1962 1882 
2010 1819 1937 1882 
2021 1828 1855 1882 
2044 1753 1892 1882 
2071 1722 1841 1882 
1749 2007 1862 1881 
1902 1952 1890 1881 
1926 1896 1961 1881 
1930 1949 1849 1881 
1954 1930 1826 1881 
1982 1901 1826 1881 
1988 1885 1861 1881 
2011 1845 1775 1881 
2020 1632 1993 1881 
2052 1779 1857 1881 
2039 1742 1953 1881 
2071 1703 1920 1881 
1818 1737 2104 1880 
1910 1885 2006 1880 
1933 1931 1907 1880 
1983 1830 2028 1880 
1996 1874 1901 1880 
2011 1827 1987 1880 
2027 1827 1807 1880 
2061 1782 1842 1880 
2057 1718 1920 1880 
2049 1727 1906 1880 
1880 1744 2092 1879 
1888 1962 1900 1879 
1881 1729 2091 1879 
1916 1959 1859 1879 
1940 1940 1836 1879 
1966 1890 1926 1879 
1953 1911 1888 1879 
1972 1902 1862 1879 
1974 1895 1871 1879 
1976 1895 1867 1879 
2028 1705 1990 1879 
2014 1850 1868 1879 
2020 1842 1793 1879 
2049 1708 1985 1879 
2038 1789 1867 1879 
2047 1773 1864 1879 
1781 1740 2096 1878 
1990 1892 1829 1878 
2039 1787 1907 1878 
1851 1814 2068 1877 
1884 1652 2102 1877 
1952 1900 1936 1877 
1961 1884 1933 1877 
1967 1896 1907 1877 
1982 1882 1894 1877 
1972 1889 1878 1877 
1992 1739 2045 1877 
1998 1778 2020 1877 
1999 1830 1968 1877 
2007 1758 2011 1877 
2006 1844 1913 1877 
2026 1775 1979 1877 
2037 1833 1865 1877 
2043 1783 1860 1877 
2052 1722 1882 1877 
2076 1730 1834 1877 
1865 1770 2093 1876 
1936 1955 1815 1876 
1925 1899 1961 1876 
1968 1911 1825 1876 
1976 1902 1839 1876 
2013 1750 2012 1876 
2016 1854 1901 1876 
2022 1855 1802 1876 
2022 1822 1933 1876 
2024 1811 1914 1876 
2052 1808 1873 1876 
1736 1739 2100 1875 
1818 1614 2111 1875 
1933 1888 2001 1875 
1943 1890 1958 1875 
1956 1878 1978 1875 
1957 1869 1978 1875 
1984 1849 1978 1875 
1968 1892 1904 1875 
1971 1891 1898 1875 
1985 1896 1791 1875 
1989 1753 2040 1875 
2016 1835 1980 1875 
2008 1844 1966 1875 
2019 1821 1972 1875 
2022 1836 1881 1875 
2050 1774 1878 1875 
2054 1735 1899 1875 
1813 1660 2121 1874 
1911 1909 1971 1874 
1947 1808 2045 1874 
1948 1861 2000 1874 
1983 1896 1847 1874 
2022 1706 2003 1874 
2037 1797 1939 1874 
2054 1667 1970 1874 
1821 1814 2075 1873 
1846 1975 1763 1873 
1920 1923 1951 1873 
1948 1920 1910 1873 
1969 1907 1834 1873 
1961 1916 1820 1873 
1998 1872 1814 1873 
2003 1862 1869 1873 
2028 1698 2004 1873 
2030 1847 1781 1873 
2059 1765 1851 1873 
1928 1939 1947 1872 
1917 1954 1880 1872 
1941 1935 1857 1872 
1961 1897 1899 1872 
1985 1884 1874 1872 
2006 1872 1786 1872 
2034 1769 1964 1872 
2059 1746 1930 1872 
2066 1730 1931 1872 
2059 1659 1933 1872 
1661 2018 1753 1871 
1700 2012 1725 1871 
1832 1985 1773 1871 
1943 1915 1914 1871 
1965 1903 1911 1871 
1993 1900 1870 1871 
1974 1894 1876 1871 
2045 1769 2004 1871 
2016 1857 1791 1871 
2056 1809 1853 1871 
2052 1745 1931 1871 
2054 1760 1855 1871 
1777 1929 1979 1870 
1816 1993 1793 1870 
1846 1974 1850 1870 
1951 1809 2045 1870 
1998 1862 1930 1870 
2004 1862 1824 1870 
2026 1859 1889 1870 
2029 1839 1790 1870 
2045 1783 1952 1870 
2040 1816 1796 1870 
2062 1760 1827 1870 
1873 1601 2127 1869 
1647 2028 1763 1869 
1901 1598 2086 1869 
1921 1904 1985 1869 
1939 1900 1959 1869 
1938 1758 2064 1869 
1960 1904 1886 1869 
1973 1875 1938 1869 
1984 1854 1973 1869 
1984 1784 2018 1869 
2003 1801 1993 1869 
2034 1814 1918 1869 
2031 1798 1952 1869 
2042 1805 1932 1869 
1891 1836 2067 1868 
1942 1715 2066 1868 
1966 1916 1923 1868 
1978 1793 2029 1868 
1984 1872 1940 1868 
2002 1785 2022 1868 
2023 1788 2017 1868 
2012 1869 1899 1868 
2027 1810 1919 1868 
2050 1651 1988 1868 
2060 1750 1865 1868 
1800 2008 1788 1867 
1778 1665 2111 1867 
1850 1982 1837 1867 
1905 1664 2094 1867 
1895 1812 2066 1867 
1954 1939 1819 1867 
1964 1882 1928 1867 
1968 1872 1951 1867 
1981 1892 1890 1867 
1974 1901 1861 1867 
2000 1873 1799 1867 
2060 1731 1944 1867 
1954 1920 1898 1866 
1988 1850 1982 1866 
1997 1903 1779 1866 
2016 1847 1941 1866 
2017 1863 1892 1866 
2050 1810 1866 1866 
2049 1762 1910 1866 
2063 1754 1825 1866 
2065 1750 1827 1866 
2070 1716 1897 1866 
1781 1842 2060 1865 
1800 1876 2050 1865 
1795 2005 1801 1865 
1959 1881 1961 1865 
1977 1922 1816 1865 
1977 1877 1935 1865 
1975 1881 1933 1865 
1987 1879 1917 1865 
2003 1878 1892 1865 
1997 1884 1858 1865 
2038 1736 2009 1865 
2034 1727 2013 1865 
1791 1603 2123 1864 
1985 1893 1931 1864 
1995 1868 1957 1864 
2014 1867 1812 1864 
2028 1815 1931 1864 
2060 1776 1898 1864 
2071 1753 1904 1864 
2068 1784 1777 1864 
1809 1838 2063 1863 
1799 1999 1822 1863 
1842 1979 1874 1863 
1859 1983 1761 1863 
2029 1835 1806 1863 
1719 2013 1668 1862 
1886 1759 2084 1862 
1880 1794 2076 1862 
1960 1930 1922 1862 
1950 1632 2076 1862 
1972 1793 2041 1862 
1983 1913 1802 1862 
2002 1778 2036 1862 
1997 1848 1932 1862 
2003 1879 1857 1862 
2049 1758 1969 1862 
1812 1710 2112 1861 
1794 1993 1867 1861 
1822 1990 1826 1861 
1835 1998 1784 1861 
1833 1629 2112 1861 
1845 1993 1771 1861 
1891 1876 2015 1861 
1956 1888 1935 1861 
1964 1879 1949 1861 
2005 1838 1969 1861 
2075 1724 1890 1861 
2086 1701 1896 1861 
2078 1710 1882 1861 
1772 1642 2137 1860 
1705 2023 1678 1860 
1736 2015 1737 1860 
1826 1645 2113 1860 
1937 1937 1890 1860 
1961 1918 1867 1860 
1969 1923 1812 1860 
1968 1797 2036 1860 
1998 1828 2004 1860 
2026 1825 1963 1860 
2028 1840 1887 1860 
2043 1833 1844 1860 
1821 2008 1794 1859 
1754 2005 1815 1859 
1975 1703 2066 1859 
2018 1815 2028 1859 
2064 1706 1961 1859 
1731 2012 1750 1858 
1875 1970 1775 1858 
1869 1973 1771 1858 
1923 1947 1900 1858 
1960 1899 1929 1858 
2008 1876 1747 1858 
2021 1838 1909 1858 
2029 1860 1758 1858 
2054 1761 1905 1858 
1739 2012 1722 1857 
1816 1997 1849 1857 
1837 1630 2112 1857 
1848 1983 1771 1857 
1873 1975 1760 1857 
1883 1970 1747 1857 
1941 1944 1839 1857 
1982 1894 1883 1857 
1997 1880 1870 1857 
2002 1856 1925 1857 
2026 1826 1928 1857 
2029 1841 1837 1857 
2043 1788 1879 1857 
2054 1717 1954 1857 
2069 1736 1913 1857 
2077 1722 1834 1857 
1793 1739 2102 1856 
1811 1884 2033 1856 
1875 1717 2093 1856 
1899 1637 2100 1856 
1956 1765 2066 1856 
1955 1896 1942 1856 
1974 1903 1858 1856 
2015 1870 1768 1856 
2033 1763 2020 1856 
1802 2007 1859 1855 
1826 1988 1836 1855 
1859 1985 1770 1855 
1964 1714 2070 1855 
1960 1884 1961 1855 
2023 1842 1942 1855 
2029 1843 1843 1855 
2031 1808 1921 1855 
2032 1825 1880 1855 
2037 1834 1857 1855 
2039 1830 1859 1855 
2059 1796 1914 1855 
2044 1796 1929 1855 
2055 1803 1909 1855 
2066 1780 1915 1855 
2064 1731 1917 1855 
1839 1880 2036 1854 
1795 1618 2125 1854 
2047 1819 1810 1854 
2057 1762 1919 1854 
2069 1665 1946 1854 
1806 1677 2114 1853 
1834 1807 2070 1853 
1842 1984 1778 1853 
1854 1974 1825 1853 
1886 1702 2092 1853 
1924 1708 2090 1853 
1900 1960 1785 1853 
1946 1894 1971 1853 
1970 1875 1948 1853 
1997 1905 1826 1853 
1979 1921 1815 1853 
1983 1846 2000 1853 
2008 1875 1763 1853 
2014 1867 1850 1853 
2044 1785 1980 1853 
1849 1659 2118 1852 
1873 1651 2111 1852 
1938 1943 1855 1852 
1975 1898 1890 1852 
1976 1895 1875 1852 
2012 1880 1834 1852 
2081 1728 1907 1852 
2076 1752 1802 1852 
1729 1886 2029 1851 
1840 1984 1835 1851 
1868 1979 1785 1851 
1901 1940 1927 1851 
1992 1899 1871 1851 
1983 1915 1836 1851 
1992 1872 1915 1851 
2002 1824 1990 1851 
2020 1869 1874 1851 
1909 1956 1923 1850 
1873 1976 1713 1850 
1922 1952 1833 1850 
1933 1937 1900 1850 
1945 1759 2067 1850 
2000 1888 1911 1850 
1998 1890 1844 1850 
2005 1839 1969 1850 
2007 1874 1841 1850 
2049 1804 1922 1850 
2059 1733 1972 1850 
2060 1781 1928 1850 
1692 2014 1768 1849 
1666 2016 1706 1849 
1863 1976 1798 1849 
1851 1978 1793 1849 
1888 1599 2103 1849 
1905 1593 2102 1849 
1978 1909 1881 1849 
1987 1893 1878 1849 
2015 1864 1878 1849 
2033 1847 1930 1849 
2063 1791 1845 1849 
2070 1766 1881 1849 
1831 1692 2113 1848 
1742 1885 2030 1848 
1870 1812 2073 1848 
1908 1974 1891 1848 
1936 1971 1850 1848 
1974 1885 1959 1848 
1976 1920 1831 1848 
1983 1922 1795 1848 
2003 1884 1837 1848 
2013 1875 1866 1848 
2022 1850 1905 1848 
2020 1852 1897 1848 
2038 1786 1993 1848 
2035 1817 1866 1848 
2070 1747 1960 1848 
2074 1769 1862 1848 
2067 1778 1833 1848 
1833 1761 2101 1847 
1652 2026 1716 1847 
1880 1977 1818 1847 
2019 1857 1940 1847 
2010 1858 1923 1847 
2039 1841 1728 1847 
2039 1812 1871 1847 
2099 1699 1873 1847 
1904 1636 2095 1846 
1947 1933 1899 1846 
1959 1866 1995 1846 
1969 1918 1874 1846 
1961 1927 1860 1846 
1971 1914 1876 1846 
1982 1907 1858 1846 
2006 1862 1907 1846 
2015 1819 1986 1846 
2032 1861 1868 1846 
2043 1816 1945 1846 
2085 1714 1873 1846 
1825 1811 2077 1845 
1831 1999 1813 1845 
1855 1980 1790 1845 
1966 1859 1997 1845 
2023 1835 1982 1845 
2004 1891 1820 1845 
2002 1877 1893 1845 
2066 1781 1845 1845 
2085 1695 1952 1845 
2081 1686 1956 1845 
2077 1704 1938 1845 
1693 2017 1724 1844 
1864 1849 2043 1844 
1946 1951 1867 1844 
1974 1948 1826 1844 
2010 1866 1933 1844 
2012 1862 1935 1844 
2015 1759 2030 1844 
2038 1811 1949 1844 
2042 1827 1900 1844 
2067 1783 1778 1844 
2075 1774 1874 1844 
1748 1700 2128 1843 
1889 1681 2117 1843 
1837 1986 1840 1843 
1931 1921 1962 1843 
2010 1878 1847 1843 
1779 1666 2126 1842 
1826 1615 2130 1842 
1864 1981 1760 1842 
1939 1628 2079 1842 
1987 1926 1882 1842 
1972 1895 1910 1842 
1976 1885 1933 1842 
2049 1737 1979 1842 
1778 1949 1960 1841 
1761 1986 1873 1841 
1823 1996 1850 1841 
1871 1992 1796 1841 
2004 1836 1973 1841 
2020 1836 1945 1841 
2050 1832 1834 1841 
2048 1775 1930 1841 
2053 1759 1941 1841 
1731 2022 1703 1840 
1741 2017 1690 1840 
1783 1574 2136 1840 
1830 1840 2058 1840 
1842 1986 1825 1840 
1852 1981 1812 1840 
1973 1936 1892 1840 
1947 1938 1830 1840 
2036 1847 1834 1840 
2038 1843 1836 1840 
2085 1742 1830 1840 
1773 1946 1973 1839 
1738 2014 1794 1839 
1821 1692 2115 1839 
1857 2002 1806 1839 
1945 1697 2081 1839 
1969 1898 1938 1839 
1997 1895 1897 1839 
1990 1908 1778 1839 
2033 1813 2004 1839 
2036 1828 1913 1839 
2038 1824 1915 1839 
2065 1774 1971 1839 
1814 1708 2116 1838 
1717 2032 1713 1838 
1828 1996 1835 1838 
1863 1803 2074 1838 
1899 1607 2117 1838 
1894 1640 2102 1838 
2005 1885 1934 1838 
1736 1716 2112 1837 
1765 2011 1747 1837 
1999 1832 2004 1837 
2021 1896 1823 1837 
2003 1886 1834 1837 
2013 1861 1906 1837 
2036 1848 1799 1837 
2044 1839 1813 1837 
1782 1735 2105 1836 
1831 1990 1835 1836 
1949 1718 2067 1836 
2009 1664 2034 1836 
2021 1877 1902 1836 
2080 1722 1963 1836 
2073 1779 1905 1836 
2086 1723 1864 1836 
1751 2021 1757 1835 
1812 2008 1799 1835 
1895 1979 1782 1835 
2070 1801 1885 1835 
2076 1802 1786 1835 
1788 1722 2127 1834 
1812 1642 2134 1834 
2008 1904 1791 1834 
2059 1775 1984 1834 
2051 1784 1970 1834 
2055 1766 1988 1834 
1807 2005 1812 1833 
1934 1655 2090 1833 
1967 1901 1909 1833 
2041 1863 1810 1833 
2091 1711 1760 1833 
1786 1736 2105 1832 
1737 2020 1808 1832 
2091 1750 1778 1832 
1760 2022 1681 1831 
1791 2014 1740 1831 
1999 1850 1951 1831 
2027 1873 1820 1831 
2039 1831 1858 1831 
2067 1828 1817 1831 
2066 1732 1962 1831 
1809 1819 2092 1830 
1861 1714 2114 1830 
1915 1717 2090 1830 
1936 1925 1927 1830 
1971 1898 1922 1830 
2031 1855 1924 1830 
2047 1847 1854 1830 
2045 1805 1880 1830 
2052 1798 1912 1830 
2099 1749 1857 1830 
2079 1742 1859 1830 
1730 1644 2130 1829 
1798 1648 2127 1829 
1846 1980 1839 1829 
1852 1968 1897 1829 
2001 1886 1850 1829 
2025 1867 1827 1829 
2059 1822 1862 1829 
2080 1806 1873 1829 
1807 1565 2151 1828 
1981 1905 1887 1828 
2005 1886 1864 1828 
2077 1754 1922 1828 
2085 1745 1936 1828 
2082 1776 1809 1828 
1822 1757 2104 1827 
1943 1959 1891 1827 
1964 1652 2075 1827 
1985 1655 2070 1827 
1978 1874 1946 1827 
2004 1691 2045 1827 
2014 1864 1906 1827 
2037 1827 1927 1827 
2038 1845 1883 1827 
2066 1816 1883 1827 
2114 1697 1849 1827 
1816 1914 1994 1826 
1955 1902 1935 1826 
1997 1905 1834 1826 
2062 1778 1929 1826 
2090 1775 1888 1826 
1755 1724 2117 1825 
1818 1764 2100 1825 
1861 1994 1794 1825 
1981 1857 1973 1825 
2051 1850 1763 1825 
2070 1794 1925 1825 
2060 1803 1896 1825 
2092 1702 1914 1825 
1774 1850 2064 1824 
1671 2032 1742 1824 
1681 2027 1729 1824 
1788 2013 1805 1824 
1838 1987 1854 1824 
1849 1985 1826 1824 
1892 1699 2098 1824 
2046 1818 1896 1824 
2057 1825 1876 1824 
2059 1821 1878 1824 
2048 1814 1898 1824 
2062 1718 1973 1824 
1771 1913 1998 1823 
1904 1679 2093 1823 
1945 1537 2087 1823 
1981 1936 1867 1823 
2004 1852 1958 1823 
2028 1833 1935 1823 
2038 1808 1961 1823 
2041 1829 1884 1823 
2057 1837 1790 1823 
2068 1814 1796 1823 
1845 1914 1995 1822 
1657 2042 1752 1822 
1917 1610 2103 1822 
1966 1906 1962 1822 
1990 1614 2055 1822 
1839 1861 2065 1821 
1830 2003 1812 1821 
1899 1657 2101 1821 
1933 1767 2066 1821 
2031 1867 1885 1821 
2051 1795 1916 1821 
2065 1830 1810 1821 
2091 1714 1866 1821 
1746 1674 2136 1820 
1736 1766 2096 1820 
1781 1945 1966 1820 
1828 2006 1788 1820 
1830 1984 1891 1820 
1878 1980 1837 1820 
1991 1906 1879 1820 
2010 1869 1930 1820 
2048 1778 1973 1820 
2097 1661 1899 1820 
1837 1607 2124 1819 
1988 1890 1900 1819 
2000 1913 1875 1819 
2007 1917 1768 1819 
2043 1835 1875 1819 
2045 1831 1877 1819 
2053 1822 1891 1819 
2080 1772 1947 1819 
1814 2016 1798 1818 
1864 1990 1847 1818 
1852 1799 2077 1818 
1875 1981 1737 1818 
1931 1599 2092 1818 
2004 1883 1938 1818 
2007 1898 1847 1818 
1752 2017 1713 1817 
1877 1838 2041 1817 
1929 1625 2102 1817 
1896 1975 1738 1817 
2020 1895 1824 1817 
2040 1857 1866 1817 
2038 1811 1957 1817 
1795 1746 2116 1816 
1757 1863 2061 1816 
1809 2013 1811 1816 
1809 2005 1853 1816 
1837 2010 1770 1816 
1866 1615 2127 1816 
1979 1899 1893 1816 
1992 1887 1913 1816 
2028 1884 1864 1816 
2048 1846 1906 1816 
2045 1796 1929 1816 
2088 1777 1881 1816 
2101 1721 1840 1816 
2103 1717 1842 1816 
1699 1947 1962 1815 
1814 1689 2118 1815 
1989 1659 2046 1815 
2006 1905 1834 1815 
2015 1889 1831 1815 
1795 2015 1863 1814 
1801 1638 2137 1814 
1822 1589 2134 1814 
2066 1782 1946 1814 
2098 1743 1913 1814 
1837 1772 2105 1813 
1756 2019 1710 1813 
2038 1854 1876 1813 
2058 1816 1918 1813 
1686 2034 1706 1812 
1814 1993 1853 1812 
1915 1687 2107 1812 
1875 1987 1746 1812 
1997 1914 1827 1812 
2033 1868 1799 1812 
1783 1623 2142 1811 
1701 1976 1919 1811 
1847 1660 2124 1811 
1807 1615 2135 1811 
2002 1846 1964 1811 
2066 1827 1818 1811 
2089 1696 1917 1811 
2113 1691 1905 1811 
1722 1894 2033 1810 
1833 1992 1839 1810 
1846 1727 2095 1810 
2054 1850 1803 1810 
2074 1816 1858 1810 
1730 1989 1873 1809 
1772 2031 1716 1809 
2059 1786 1953 1809 
2052 1837 1828 1809 
2061 1821 1825 1809 
1755 1774 2101 1808 
1616 2021 1766 1808 
1678 2031 1743 1808 
1828 1722 2124 1808 
1910 1572 2117 1808 
1765 1656 2137 1807 
1827 1997 1815 1807 
1920 1646 2092 1807 
1974 1599 2075 1807 
1990 1918 1834 1807 
2000 1653 2046 1807 
2019 1689 2021 1807 
2040 1823 1940 1807 
2035 1847 1885 1807 
2084 1786 1870 1807 
1712 2037 1699 1806 
2007 1919 1815 1806 
1727 2037 1709 1805 
1924 1976 1867 1805 
1948 1957 1844 1805 
2064 1824 1866 1805 
2097 1763 1929 1805 
1759 1775 2101 1804 
1707 2026 1754 1804 
1707 2034 1712 1804 
1868 1982 1835 1804 
1881 1695 2101 1804 
1896 1979 1794 1804 
1955 1661 2075 1804 
1993 1929 1825 1804 
1998 1923 1768 1804 
2016 1690 2038 1804 
2099 1734 1862 1804 
1746 1724 2120 1803 
1814 1728 2117 1803 
2017 1888 1830 1803 
2028 1895 1810 1803 
2031 1821 1962 1803 
2051 1851 1755 1803 
2053 1806 1937 1803 
2055 1802 1939 1803 
2085 1767 1904 1803 
1823 1645 2141 1802 
1693 2036 1764 1802 
2025 1878 1867 1802 
2013 1865 1905 1802 
1862 1757 2101 1801 
1962 1953 1843 1801 
1980 1732 2065 1801 
1986 1934 1820 1801 
2021 1572 2022 1801 
2030 1866 1886 1801 
2030 1874 1776 1801 
1662 2040 1705 1800 
1845 1982 1867 1800 
1947 1923 1938 1800 
1971 1904 1915 1800 
2036 1900 1744 1800 
2038 1855 1926 1800 
2057 1828 1873 1800 
2063 1776 1949 1800 
2087 1771 1937 1800 
2102 1722 1914 1800 
2003 1888 1876 1799 
2021 1649 2023 1799 
2090 1794 1818 1799 
2092 1790 1820 1799 
1755 1656 2139 1798 
1859 1997 1813 1798 
1877 1705 2093 1798 
2014 1905 1809 1798 
2022 1896 1823 1798 
2044 1855 1762 1798 
2051 1842 1881 1798 
1833 1571 2141 1797 
2019 1837 1946 1797 
2048 1825 1938 1797 
2055 1855 1842 1797 
2091 1668 1933 1797 
2105 1703 1792 1797 
1845 2007 1823 1796 
1869 1988 1800 1796 
1897 1985 1759 1796 
1985 1900 1914 1796 
2006 1694 2045 1796 
2007 1885 1889 1796 
2009 1881 1891 1796 
2075 1843 1807 1796 
2095 1805 1849 1796 
2041 1865 1852 1795 
2020 1886 1907 1794 
2009 1901 1840 1794 
2033 1882 1817 1794 
2053 1844 1859 1794 
2113 1741 1889 1794 
2038 1814 1954 1793 
2073 1814 1894 1793 
1792 1944 1959 1792 
1800 2013 1816 1792 
1828 2010 1775 1792 
1883 1984 1799 1792 
2071 1780 1899 1792 
1995 1652 2054 1790 
2058 1863 1883 1790 
1946 1722 2075 1789 
2056 1829 1888 1789 
2074 1795 1928 1789 
2076 1791 1930 1789 
1685 2038 1705 1788 
1779 2019 1757 1788 
1838 1669 2124 1788 
1867 1985 1802 1788 
1997 1917 1824 1788 
2079 1814 1811 1788 
2010 1600 2046 1787 
2047 1612 1989 1787 
2082 1806 1828 1787 
1834 1985 1856 1786 
1955 1631 2092 1786 
1986 1899 1895 1786 
1719 2025 1740 1785 
1873 1990 1765 1785 
2035 1796 1977 1785 
1734 2025 1750 1784 
2011 1899 1812 1784 
2035 1894 1800 1784 
2046 1871 1806 1784 
2063 1649 1981 1784 
1714 2022 1753 1783 
1827 1644 2127 1783 
2078 1780 1905 1783 
2100 1765 1880 1783 
2102 1761 1882 1783 
1901 1977 1747 1782 
2011 1888 1851 1782 
2024 1876 1871 1782 
1990 1679 2065 1781 
2076 1815 1763 1781 
2115 1674 1854 1781 
1698 2034 1717 1780 
1833 1621 2125 1780 
1868 1699 2099 1780 
2008 1849 1941 1780 
2085 1814 1869 1780 
2117 1709 1874 1780 
1857 1612 2128 1779 
2000 1925 1772 1778 
2052 1607 1990 1778 
2061 1864 1752 1778 
1854 1728 2114 1777 
2106 1666 1909 1777 
1995 1922 1785 1776 
2006 1907 1852 1776 
2019 1903 1762 1776 
2021 1692 2021 1776 
1774 1986 1880 1774 
2068 1842 1835 1774 
1756 1553 2158 1773 
1653 2037 1765 1773 
2037 1729 2013 1773 
1632 2046 1651 1772 
1883 1881 2010 1772 
2007 1888 1886 1772 
2097 1770 1707 1772 
1724 1580 2147 1771 
1849 1651 2131 1771 
1997 1631 2050 1771 
1781 1624 2148 1770 
2052 1677 2005 1770 
2009 1891 1853 1768 
2012 1915 1800 1768 
2045 1865 1862 1768 
1941 1577 2102 1767 
2026 1687 2022 1767 
2057 1559 1989 1767 
1784 2017 1710 1766 
1751 1664 2134 1765 
1922 1639 2102 1764 
2041 1635 2014 1764 
2050 1892 1776 1764 
1700 2042 1716 1763 
1815 1659 2125 1763 
2010 1896 1834 1762 
2071 1835 1814 1762 
2001 1614 2052 1760 
2029 1874 1824 1760 
1705 2022 1758 1759 
1783 2023 1724 1759 
1719 1780 2098 1758 
2067 1605 1966 1758 
2115 1674 1878 1757 
1732 1611 2149 1756 
2031 1639 2021 1756 
1703 2029 1725 1755 
1899 1980 1766 1755 
1718 2026 1720 1754 
1934 1613 2094 1754 
1967 1613 2075 1754 
1745 1549 2161 1753 
1885 1990 1776 1753 
2052 1727 1989 1753 
1762 1508 2152 1752 
1937 1719 2076 1752 
2022 1886 1862 1752 
2104 1758 1748 1751 
1739 1970 1928 1750 
1883 1618 2118 1748 
2060 1863 1838 1748 
1716 1551 2160 1747 
1717 1577 2150 1747 
1956 1575 2078 1747 
2073 1646 1965 1747 
2119 1638 1811 1747 
1933 1729 2068 1746 
1740 1660 2137 1745 
1581 2043 1652 1745 
2043 1614 2010 1745 
1843 1500 2135 1744 
2088 1594 1957 1744 
2022 1667 2031 1743 
2018 1658 2035 1743 
1744 1661 2137 1741 
1662 2029 1767 1741 
1659 1992 1872 1740 
1832 1813 2070 1740 
2022 1869 1880 1740 
2115 1724 1862 1740 
1756 1573 2159 1738 
1888 1981 1761 1738 
1962 1616 2077 1736 
2126 1677 1806 1736 
2012 1563 2039 1735 
2103 1752 1804 1735 
2114 1729 1810 1735 
2062 1674 1989 1733 
1694 2029 1730 1731 
2119 1688 1795 1730 
1737 1520 2174 1729 
2109 1756 1701 1729 
2088 1644 1941 1727 
1875 1541 2126 1726 
2092 1809 1688 1726 
2112 1771 1730 1726 
1582 2049 1595 1724 
2078 1819 1698 1724 
2098 1781 1740 1724 
1709 1548 2163 1723 
2069 1626 1974 1723 
2065 1617 1978 1723 
2102 1778 1703 1723 
2119 1689 1791 1722 
1732 1631 2150 1721 
2115 1756 1759 1721 
1747 2018 1774 1720 
2125 1671 1862 1720 
2101 1766 1769 1719 
1563 2044 1660 1718 
1901 1980 1727 1718 
1667 2024 1775 1716 
1710 2027 1719 1716 
1682 2021 1770 1715 
2081 1829 1681 1715 
1696 2037 1729 1714 
2118 1682 1851 1714 
2119 1727 1763 1713 
2085 1816 1717 1712 
1602 2019 1813 1711 
2102 1780 1750 1710 
2078 1830 1633 1708 
2101 1772 1759 1707 
2108 1763 1788 1707 
1754 1990 1872 1705 
2114 1750 1815 1705 
2074 1823 1820 1704 
2104 1671 1930 1704 
2096 1789 1685 1704 
2069 1817 1827 1702 
2109 1766 1744 1702 
2068 1844 1730 1700 
2080 1823 1737 1699 
2109 1630 1915 1699 
2119 1736 1756 1699 
2100 1793 1772 1698 
2118 1721 1819 1697 
2101 1774 1806 1694 
2103 1770 1808 1694 
1624 2048 1625 1692 
2077 1824 1689 1692 
2124 1690 1749 1690 
1765 1522 2154 1688 
2108 1760 1800 1686 
2118 1730 1812 1683 
2114 1764 1697 1680 
2095 1821 1713 1679 
2081 1831 1723 1677 
2116 1733 1764 1675 
2090 1547 1947 1672 
2105 1754 1803 1672 
2077 1815 1772 1669 
2127 1668 1799 1667 
2113 1758 1753 1664 
2064 1627 1979 1661 
1530 2050 1533 1588 
