1 2 1 59
1 3 1 54
1 4 1 30
1 5 1 79
1 6 1 65
2 3 1 41
2 4 1 49
2 5 1 42
2 6 1 13
2 7 1 45
2 8 1 74
2 9 1 42
2 10 1 88
2 11 1 33
3 4 1 36
3 5 1 34
3 6 1 18
3 7 1 85
3 8 1 66
3 9 1 77
3 10 1 71
3 11 1 84
4 5 1 12
4 6 1 25
4 7 1 90
4 8 1 55
4 9 1 97
4 10 1 83
4 11 1 98
5 6 1 43
5 7 1 47
5 8 1 99
5 9 1 81
5 10 1 81
5 11 1 36
6 7 1 46
6 8 1 52
6 9 1 44
6 10 1 30
6 11 1 90
7 8 1 27
7 9 1 25
7 10 1 28
7 11 1 42
7 12 1 38
7 13 1 45
7 14 1 80
7 15 1 40
7 16 1 80
8 9 1 34
8 10 1 48
8 11 1 48
8 12 1 86
8 13 1 83
8 14 1 32
8 15 1 81
8 16 1 45
9 10 1 42
9 11 1 28
9 12 1 58
9 13 1 95
9 14 1 93
9 15 1 45
9 16 1 72
10 11 1 10
10 12 1 76
10 13 1 74
10 14 1 68
10 15 1 93
10 16 1 45
11 12 1 83
11 13 1 39
11 14 1 78
11 15 1 66
11 16 1 75
12 13 1 43
12 14 1 26
12 15 1 32
12 16 1 30
12 17 1 56
12 18 1 45
12 19 1 38
12 20 1 97
12 21 1 42
13 14 1 40
13 15 1 11
13 16 1 17
13 17 1 91
13 18 1 75
13 19 1 95
13 20 1 77
13 21 1 33
14 15 1 12
14 16 1 47
14 17 1 53
14 18 1 85
14 19 1 90
14 20 1 87
14 21 1 85
15 16 1 40
15 17 1 38
15 18 1 32
15 19 1 34
15 20 1 93
15 21 1 33
16 17 1 65
16 18 1 51
16 19 1 47
16 20 1 79
16 21 1 44
17 18 1 43
17 19 1 18
17 20 1 11
17 21 1 23
17 22 1 57
17 23 1 59
17 24 1 55
17 25 1 47
17 26 1 73
18 19 1 20
18 20 1 39
18 21 1 37
18 22 1 33
18 23 1 91
18 24 1 93
18 25 1 88
18 26 1 53
19 20 1 41
19 21 1 35
19 22 1 88
19 23 1 59
19 24 1 55
19 25 1 86
19 26 1 31
20 21 1 35
20 22 1 52
20 23 1 51
20 24 1 37
20 25 1 65
20 26 1 36
21 22 1 71
21 23 1 74
21 24 1 45
21 25 1 74
21 26 1 86
22 23 1 15
22 24 1 49
22 25 1 15
22 26 1 11
22 27 1 47
22 28 1 49
22 29 1 53
22 30 1 42
22 31 1 62
23 24 1 37
23 25 1 22
23 26 1 16
23 27 1 36
23 28 1 47
23 29 1 84
23 30 1 92
23 31 1 83
24 25 1 14
24 26 1 40
24 27 1 32
24 28 1 87
24 29 1 95
24 30 1 65
24 31 1 96
25 26 1 47
25 27 1 40
25 28 1 80
25 29 1 61
25 30 1 56
25 31 1 79
26 27 1 75
26 28 1 65
26 29 1 33
26 30 1 83
26 31 1 35
27 28 1 27
27 29 1 29
27 30 1 45
27 31 1 10
27 32 1 42
27 33 1 81
27 34 1 100
27 35 1 86
27 36 1 66
27 37 1 65
28 29 1 18
28 30 1 10
28 31 1 22
28 32 1 90
28 33 1 77
28 34 1 53
28 35 1 68
28 36 1 64
28 37 1 52
29 30 1 24
29 31 1 36
29 32 1 89
29 33 1 89
29 34 1 48
29 35 1 70
29 36 1 84
29 37 1 88
30 31 1 26
30 32 1 42
30 33 1 53
30 34 1 45
30 35 1 98
30 36 1 76
30 37 1 87
31 32 1 73
31 33 1 58
31 34 1 79
31 35 1 48
31 36 1 40
31 37 1 43
32 33 1 34
32 34 1 41
32 35 1 37
32 36 1 47
32 37 1 15
32 38 1 44
32 39 1 92
32 40 1 87
32 41 1 58
32 42 1 73
33 34 1 38
33 35 1 43
33 36 1 43
33 37 1 40
33 38 1 87
33 39 1 66
33 40 1 90
33 41 1 83
33 42 1 95
34 35 1 15
34 36 1 19
34 37 1 17
34 38 1 57
34 39 1 77
34 40 1 97
34 41 1 38
34 42 1 69
35 36 1 43
35 37 1 20
35 38 1 94
35 39 1 63
35 40 1 74
35 41 1 51
35 42 1 43
36 37 1 49
36 38 1 66
36 39 1 43
36 40 1 88
36 41 1 81
36 42 1 91
37 38 1 30
37 39 1 66
37 40 1 40
37 41 1 84
37 42 1 39
38 39 1 26
38 40 1 36
38 41 1 20
38 42 1 11
38 43 1 75
38 44 1 91
38 45 1 33
38 46 1 94
39 40 1 37
39 41 1 18
39 42 1 30
39 43 1 86
39 44 1 42
39 45 1 31
39 46 1 60
40 41 1 19
40 42 1 48
40 43 1 100
40 44 1 65
40 45 1 83
40 46 1 32
41 42 1 31
41 43 1 77
41 44 1 32
41 45 1 83
41 46 1 70
42 43 1 60
42 44 1 38
42 45 1 92
42 46 1 76
43 44 1 41
43 45 1 24
43 46 1 37
43 47 1 82
43 48 1 69
43 49 1 68
44 45 1 41
44 46 1 14
44 47 1 65
44 48 1 97
44 49 1 39
45 46 1 34
45 47 1 65
45 48 1 71
45 49 1 68
46 47 1 53
46 48 1 44
46 49 1 94
47 48 1 40
47 49 1 44
47 50 1 76
48 49 1 25
48 50 1 94
49 50 1 31

1 2 2 73
1 3 2 82
1 4 2 80
1 5 2 85
1 6 2 70
2 3 2 45
2 4 2 19
2 5 2 29
2 6 2 29
2 7 2 51
2 8 2 83
2 9 2 52
2 10 2 89
2 11 2 96
3 4 2 13
3 5 2 33
3 6 2 36
3 7 2 57
3 8 2 98
3 9 2 76
3 10 2 83
3 11 2 68
4 5 2 41
4 6 2 44
4 7 2 98
4 8 2 81
4 9 2 35
4 10 2 36
4 11 2 50
5 6 2 36
5 7 2 77
5 8 2 75
5 9 2 96
5 10 2 63
5 11 2 53
6 7 2 46
6 8 2 57
6 9 2 36
6 10 2 81
6 11 2 64
7 8 2 10
7 9 2 33
7 10 2 13
7 11 2 11
7 12 2 69
7 13 2 46
7 14 2 88
7 15 2 34
7 16 2 50
8 9 2 17
8 10 2 36
8 11 2 15
8 12 2 32
8 13 2 42
8 14 2 79
8 15 2 69
8 16 2 77
9 10 2 46
9 11 2 15
9 12 2 73
9 13 2 73
9 14 2 94
9 15 2 76
9 16 2 78
10 11 2 12
10 12 2 70
10 13 2 63
10 14 2 69
10 15 2 35
10 16 2 48
11 12 2 59
11 13 2 46
11 14 2 46
11 15 2 31
11 16 2 74
12 13 2 16
12 14 2 13
12 15 2 32
12 16 2 15
12 17 2 56
12 18 2 91
12 19 2 70
12 20 2 73
12 21 2 83
13 14 2 25
13 15 2 26
13 16 2 31
13 17 2 78
13 18 2 37
13 19 2 30
13 20 2 30
13 21 2 91
14 15 2 32
14 16 2 17
14 17 2 97
14 18 2 47
14 19 2 48
14 20 2 41
14 21 2 96
15 16 2 37
15 17 2 79
15 18 2 82
15 19 2 96
15 20 2 60
15 21 2 88
16 17 2 80
16 18 2 51
16 19 2 40
16 20 2 39
16 21 2 99
17 18 2 38
17 19 2 18
17 20 2 39
17 21 2 43
17 22 2 95
17 23 2 88
17 24 2 55
17 25 2 74
17 26 2 65
18 19 2 46
18 20 2 44
18 21 2 33
18 22 2 97
18 23 2 82
18 24 2 35
18 25 2 70
18 26 2 90
19 20 2 23
19 21 2 27
19 22 2 85
19 23 2 41
19 24 2 84
19 25 2 69
19 26 2 51
20 21 2 26
20 22 2 72
20 23 2 89
20 24 2 81
20 25 2 92
20 26 2 76
21 22 2 30
21 23 2 35
21 24 2 34
21 25 2 59
21 26 2 94
22 23 2 12
22 24 2 48
22 25 2 34
22 26 2 14
22 27 2 62
22 28 2 75
22 29 2 39
22 30 2 67
22 31 2 42
23 24 2 30
23 25 2 37
23 26 2 31
23 27 2 39
23 28 2 36
23 29 2 45
23 30 2 85
23 31 2 100
24 25 2 17
24 26 2 27
24 27 2 59
24 28 2 60
24 29 2 86
24 30 2 74
24 31 2 67
25 26 2 25
25 27 2 55
25 28 2 78
25 29 2 87
25 30 2 89
25 31 2 88
26 27 2 76
26 28 2 64
26 29 2 40
26 30 2 48
26 31 2 98
27 28 2 50
27 29 2 12
27 30 2 24
27 31 2 23
27 32 2 92
27 33 2 86
27 34 2 38
27 35 2 51
27 36 2 50
27 37 2 93
28 29 2 29
28 30 2 38
28 31 2 43
28 32 2 81
28 33 2 58
28 34 2 43
28 35 2 42
28 36 2 63
28 37 2 62
29 30 2 25
29 31 2 29
29 32 2 71
29 33 2 40
29 34 2 60
29 35 2 38
29 36 2 93
29 37 2 30
30 31 2 29
30 32 2 99
30 33 2 84
30 34 2 42
30 35 2 93
30 36 2 84
30 37 2 80
31 32 2 83
31 33 2 61
31 34 2 84
31 35 2 76
31 36 2 79
31 37 2 54
32 33 2 40
32 34 2 33
32 35 2 23
32 36 2 50
32 37 2 21
32 38 2 97
32 39 2 65
32 40 2 34
32 41 2 70
32 42 2 35
33 34 2 22
33 35 2 25
33 36 2 19
33 37 2 31
33 38 2 66
33 39 2 43
33 40 2 86
33 41 2 50
33 42 2 77
34 35 2 27
34 36 2 31
34 37 2 20
34 38 2 72
34 39 2 36
34 40 2 63
34 41 2 53
34 42 2 48
35 36 2 43
35 37 2 47
35 38 2 33
35 39 2 75
35 40 2 36
35 41 2 86
35 42 2 39
36 37 2 45
36 38 2 42
36 39 2 40
36 40 2 66
36 41 2 81
36 42 2 56
37 38 2 60
37 39 2 66
37 40 2 51
37 41 2 63
37 42 2 35
38 39 2 46
38 40 2 48
38 41 2 16
38 42 2 50
38 43 2 40
38 44 2 80
38 45 2 52
38 46 2 64
39 40 2 16
39 41 2 42
39 42 2 43
39 43 2 69
39 44 2 30
39 45 2 98
39 46 2 35
40 41 2 49
40 42 2 10
40 43 2 55
40 44 2 85
40 45 2 97
40 46 2 81
41 42 2 28
41 43 2 82
41 44 2 32
41 45 2 47
41 46 2 77
42 43 2 59
42 44 2 39
42 45 2 37
42 46 2 54
43 44 2 34
43 45 2 31
43 46 2 23
43 47 2 31
43 48 2 65
43 49 2 68
44 45 2 13
44 46 2 29
44 47 2 55
44 48 2 62
44 49 2 77
45 46 2 23
45 47 2 60
45 48 2 86
45 49 2 94
46 47 2 50
46 48 2 90
46 49 2 44
47 48 2 34
47 49 2 38
47 50 2 70
48 49 2 21
48 50 2 83
49 50 2 44

1 2 3 44
1 3 3 50
1 4 3 80
1 5 3 59
1 6 3 36
2 3 3 17
2 4 3 42
2 5 3 27
2 6 3 44
2 7 3 59
2 8 3 59
2 9 3 98
2 10 3 98
2 11 3 54
3 4 3 40
3 5 3 16
3 6 3 36
3 7 3 47
3 8 3 46
3 9 3 77
3 10 3 41
3 11 3 93
4 5 3 23
4 6 3 50
4 7 3 48
4 8 3 71
4 9 3 62
4 10 3 60
4 11 3 48
5 6 3 16
5 7 3 57
5 8 3 50
5 9 3 92
5 10 3 97
5 11 3 61
6 7 3 52
6 8 3 100
6 9 3 100
6 10 3 38
6 11 3 91
7 8 3 48
7 9 3 32
7 10 3 12
7 11 3 13
7 12 3 32
7 13 3 60
7 14 3 57
7 15 3 58
7 16 3 57
8 9 3 32
8 10 3 46
8 11 3 49
8 12 3 31
8 13 3 64
8 14 3 92
8 15 3 74
8 16 3 61
9 10 3 19
9 11 3 32
9 12 3 47
9 13 3 54
9 14 3 60
9 15 3 46
9 16 3 89
10 11 3 25
10 12 3 35
10 13 3 36
10 14 3 53
10 15 3 66
10 16 3 80
11 12 3 68
11 13 3 86
11 14 3 33
11 15 3 76
11 16 3 60
12 13 3 15
12 14 3 20
12 15 3 35
12 16 3 32
12 17 3 75
12 18 3 94
12 19 3 37
12 20 3 56
12 21 3 56
13 14 3 29
13 15 3 10
13 16 3 32
13 17 3 68
13 18 3 35
13 19 3 91
13 20 3 78
13 21 3 60
14 15 3 37
14 16 3 36
14 17 3 54
14 18 3 58
14 19 3 95
14 20 3 84
14 21 3 40
15 16 3 23
15 17 3 97
15 18 3 82
15 19 3 32
15 20 3 100
15 21 3 31
16 17 3 39
16 18 3 92
16 19 3 74
16 20 3 68
16 21 3 100
17 18 3 37
17 19 3 45
17 20 3 21
17 21 3 48
17 22 3 38
17 23 3 87
17 24 3 35
17 25 3 81
17 26 3 98
18 19 3 11
18 20 3 40
18 21 3 19
18 22 3 84
18 23 3 61
18 24 3 64
18 25 3 54
18 26 3 33
19 20 3 15
19 21 3 48
19 22 3 36
19 23 3 99
19 24 3 38
19 25 3 44
19 26 3 50
20 21 3 25
20 22 3 87
20 23 3 89
20 24 3 75
20 25 3 65
20 26 3 49
21 22 3 84
21 23 3 88
21 24 3 83
21 25 3 94
21 26 3 91
22 23 3 26
22 24 3 33
22 25 3 12
22 26 3 21
22 27 3 90
22 28 3 93
22 29 3 54
22 30 3 31
22 31 3 90
23 24 3 40
23 25 3 45
23 26 3 45
23 27 3 73
23 28 3 60
23 29 3 67
23 30 3 87
23 31 3 87
24 25 3 13
24 26 3 13
24 27 3 70
24 28 3 72
24 29 3 47
24 30 3 40
24 31 3 56
25 26 3 19
25 27 3 47
25 28 3 69
25 29 3 47
25 30 3 81
25 31 3 53
26 27 3 93
26 28 3 62
26 29 3 85
26 30 3 65
26 31 3 40
27 28 3 30
27 29 3 18
27 30 3 23
27 31 3 42
27 32 3 92
27 33 3 98
27 34 3 90
27 35 3 62
27 36 3 45
27 37 3 66
28 29 3 23
28 30 3 34
28 31 3 15
28 32 3 89
28 33 3 60
28 34 3 42
28 35 3 82
28 36 3 36
28 37 3 78
29 30 3 34
29 31 3 39
29 32 3 63
29 33 3 74
29 34 3 46
29 35 3 99
29 36 3 53
29 37 3 38
30 31 3 13
30 32 3 50
30 33 3 65
30 34 3 62
30 35 3 31
30 36 3 35
30 37 3 36
31 32 3 39
31 33 3 43
31 34 3 93
31 35 3 36
31 36 3 48
31 37 3 80
32 33 3 36
32 34 3 22
32 35 3 37
32 36 3 20
32 37 3 34
32 38 3 49
32 39 3 82
32 40 3 35
32 41 3 67
32 42 3 89
33 34 3 12
33 35 3 34
33 36 3 21
33 37 3 21
33 38 3 69
33 39 3 58
33 40 3 61
33 41 3 31
33 42 3 30
34 35 3 13
34 36 3 41
34 37 3 31
34 38 3 31
34 39 3 32
34 40 3 73
34 41 3 37
34 42 3 54
35 36 3 47
35 37 3 14
35 38 3 81
35 39 3 54
35 40 3 70
35 41 3 51
35 42 3 96
36 37 3 20
36 38 3 63
36 39 3 65
36 40 3 74
36 41 3 82
36 42 3 40
37 38 3 90
37 39 3 90
37 40 3 96
37 41 3 59
37 42 3 76
38 39 3 14
38 40 3 43
38 41 3 33
38 42 3 23
38 43 3 44
38 44 3 68
38 45 3 90
38 46 3 40
39 40 3 20
39 41 3 31
39 42 3 50
39 43 3 67
39 44 3 97
39 45 3 48
39 46 3 70
40 41 3 35
40 42 3 17
40 43 3 53
40 44 3 81
40 45 3 73
40 46 3 44
41 42 3 11
41 43 3 93
41 44 3 36
41 45 3 79
41 46 3 42
42 43 3 46
42 44 3 64
42 45 3 71
42 46 3 92
43 44 3 31
43 45 3 46
43 46 3 11
43 47 3 71
43 48 3 74
43 49 3 82
44 45 3 25
44 46 3 13
44 47 3 46
44 48 3 52
44 49 3 36
45 46 3 48
45 47 3 75
45 48 3 43
45 49 3 58
46 47 3 90
46 48 3 88
46 49 3 81
47 48 3 32
47 49 3 42
47 50 3 67
48 49 3 17
48 50 3 86
49 50 3 51

1 2 4 83
1 3 4 54
1 4 4 88
1 5 4 81
1 6 4 61
2 3 4 43
2 4 4 29
2 5 4 27
2 6 4 37
2 7 4 69
2 8 4 54
2 9 4 44
2 10 4 55
2 11 4 88
3 4 4 49
3 5 4 42
3 6 4 36
3 7 4 98
3 8 4 64
3 9 4 51
3 10 4 44
3 11 4 95
4 5 4 11
4 6 4 28
4 7 4 87
4 8 4 48
4 9 4 89
4 10 4 41
4 11 4 79
5 6 4 47
5 7 4 79
5 8 4 85
5 9 4 49
5 10 4 45
5 11 4 87
6 7 4 93
6 8 4 38
6 9 4 32
6 10 4 96
6 11 4 42
7 8 4 13
7 9 4 22
7 10 4 31
7 11 4 29
7 12 4 41
7 13 4 84
7 14 4 45
7 15 4 78
7 16 4 92
8 9 4 47
8 10 4 48
8 11 4 20
8 12 4 63
8 13 4 58
8 14 4 37
8 15 4 61
8 16 4 93
9 10 4 22
9 11 4 20
9 12 4 42
9 13 4 53
9 14 4 47
9 15 4 73
9 16 4 64
10 11 4 33
10 12 4 79
10 13 4 66
10 14 4 48
10 15 4 45
10 16 4 48
11 12 4 41
11 13 4 90
11 14 4 90
11 15 4 47
11 16 4 30
12 13 4 14
12 14 4 49
12 15 4 39
12 16 4 27
12 17 4 33
12 18 4 88
12 19 4 62
12 20 4 47
12 21 4 73
13 14 4 46
13 15 4 44
13 16 4 36
13 17 4 88
13 18 4 92
13 19 4 48
13 20 4 35
13 21 4 61
14 15 4 29
14 16 4 32
14 17 4 89
14 18 4 79
14 19 4 50
14 20 4 71
14 21 4 97
15 16 4 13
15 17 4 96
15 18 4 69
15 19 4 71
15 20 4 64
15 21 4 79
16 17 4 56
16 18 4 73
16 19 4 90
16 20 4 55
16 21 4 61
17 18 4 34
17 19 4 22
17 20 4 14
17 21 4 47
17 22 4 41
17 23 4 75
17 24 4 96
17 25 4 31
17 26 4 79
18 19 4 48
18 20 4 27
18 21 4 37
18 22 4 57
18 23 4 48
18 24 4 31
18 25 4 98
18 26 4 34
19 20 4 29
19 21 4 45
19 22 4 67
19 23 4 80
19 24 4 59
19 25 4 92
19 26 4 49
20 21 4 48
20 22 4 64
20 23 4 59
20 24 4 61
20 25 4 50
20 26 4 56
21 22 4 42
21 23 4 34
21 24 4 79
21 25 4 66
21 26 4 73
22 23 4 47
22 24 4 18
22 25 4 32
22 26 4 19
22 27 4 67
22 28 4 33
22 29 4 90
22 30 4 32
22 31 4 93
23 24 4 19
23 25 4 18
23 26 4 43
23 27 4 99
23 28 4 55
23 29 4 57
23 30 4 60
23 31 4 92
24 25 4 27
24 26 4 21
24 27 4 67
24 28 4 36
24 29 4 91
24 30 4 93
24 31 4 63
25 26 4 49
25 27 4 89
25 28 4 79
25 29 4 82
25 30 4 54
25 31 4 65
26 27 4 91
26 28 4 73
26 29 4 68
26 30 4 38
26 31 4 97
27 28 4 45
27 29 4 11
27 30 4 21
27 31 4 38
27 32 4 65
27 33 4 41
27 34 4 81
27 35 4 47
27 36 4 61
27 37 4 93
28 29 4 47
28 30 4 28
28 31 4 13
28 32 4 33
28 33 4 78
28 34 4 52
28 35 4 58
28 36 4 40
28 37 4 85
29 30 4 35
29 31 4 49
29 32 4 53
29 33 4 67
29 34 4 30
29 35 4 100
29 36 4 43
29 37 4 62
30 31 4 40
30 32 4 70
30 33 4 74
30 34 4 36
30 35 4 73
30 36 4 48
30 37 4 39
31 32 4 57
31 33 4 80
31 34 4 58
31 35 4 82
31 36 4 42
31 37 4 39
32 33 4 35
32 34 4 15
32 35 4 20
32 36 4 32
32 37 4 30
32 38 4 42
32 39 4 73
32 40 4 61
32 41 4 30
32 42 4 66
33 34 4 39
33 35 4 46
33 36 4 36
33 37 4 16
33 38 4 76
33 39 4 69
33 40 4 88
33 41 4 31
33 42 4 41
34 35 4 39
34 36 4 34
34 37 4 44
34 38 4 90
34 39 4 53
34 40 4 75
34 41 4 46
34 42 4 89
35 36 4 15
35 37 4 21
35 38 4 69
35 39 4 55
35 40 4 67
35 41 4 97
35 42 4 75
36 37 4 44
36 38 4 86
36 39 4 85
36 40 4 75
36 41 4 45
36 42 4 75
37 38 4 43
37 39 4 74
37 40 4 34
37 41 4 42
37 42 4 80
38 39 4 21
38 40 4 30
38 41 4 47
38 42 4 50
38 43 4 54
38 44 4 40
38 45 4 84
38 46 4 75
39 40 4 20
39 41 4 12
39 42 4 49
39 43 4 53
39 44 4 53
39 45 4 86
39 46 4 94
40 41 4 48
40 42 4 20
40 43 4 40
40 44 4 72
40 45 4 90
40 46 4 94
41 42 4 29
41 43 4 91
41 44 4 61
41 45 4 95
41 46 4 97
42 43 4 80
42 44 4 71
42 45 4 40
42 46 4 73
43 44 4 49
43 45 4 50
43 46 4 12
43 47 4 33
43 48 4 98
43 49 4 83
44 45 4 39
44 46 4 32
44 47 4 59
44 48 4 34
44 49 4 98
45 46 4 38
45 47 4 63
45 48 4 94
45 49 4 31
46 47 4 38
46 48 4 96
46 49 4 54
47 48 4 26
47 49 4 39
47 50 4 32
48 49 4 50
48 50 4 38
49 50 4 52

