1 2 1 93
1 3 1 49
1 4 1 32
1 5 1 78
1 6 1 48
2 3 1 38
2 4 1 14
2 5 1 21
2 6 1 30
2 7 1 74
2 8 1 80
2 9 1 92
2 10 1 78
2 11 1 84
3 4 1 22
3 5 1 39
3 6 1 35
3 7 1 42
3 8 1 49
3 9 1 94
3 10 1 45
3 11 1 77
4 5 1 14
4 6 1 27
4 7 1 71
4 8 1 79
4 9 1 64
4 10 1 30
4 11 1 98
5 6 1 48
5 7 1 91
5 8 1 42
5 9 1 81
5 10 1 76
5 11 1 45
6 7 1 72
6 8 1 100
6 9 1 84
6 10 1 50
6 11 1 59
7 8 1 39
7 9 1 38
7 10 1 22
7 11 1 20
7 12 1 61
7 13 1 90
7 14 1 88
7 15 1 92
7 16 1 33
7 17 1 36
8 9 1 19
8 10 1 20
8 11 1 29
8 12 1 69
8 13 1 65
8 14 1 36
8 15 1 38
8 16 1 75
8 17 1 44
9 10 1 27
9 11 1 41
9 12 1 75
9 13 1 36
9 14 1 93
9 15 1 48
9 16 1 45
9 17 1 38
10 11 1 23
10 12 1 35
10 13 1 42
10 14 1 37
10 15 1 41
10 16 1 54
10 17 1 79
11 12 1 73
11 13 1 35
11 14 1 63
11 15 1 57
11 16 1 64
11 17 1 52
12 13 1 50
12 14 1 27
12 15 1 47
12 16 1 42
12 17 1 29
12 18 1 55
12 19 1 46
12 20 1 41
12 21 1 97
12 22 1 77
13 14 1 22
13 15 1 12
13 16 1 16
13 17 1 43
13 18 1 64
13 19 1 51
13 20 1 73
13 21 1 69
13 22 1 31
14 15 1 14
14 16 1 12
14 17 1 18
14 18 1 81
14 19 1 64
14 20 1 75
14 21 1 92
14 22 1 54
15 16 1 22
15 17 1 20
15 18 1 31
15 19 1 31
15 20 1 55
15 21 1 62
15 22 1 57
16 17 1 20
16 18 1 42
16 19 1 42
16 20 1 49
16 21 1 87
16 22 1 39
17 18 1 50
17 19 1 56
17 20 1 43
17 21 1 45
17 22 1 39
18 19 1 43
18 20 1 45
18 21 1 29
18 22 1 45
18 23 1 71
18 24 1 80
18 25 1 80
18 26 1 35
19 20 1 44
19 21 1 24
19 22 1 16
19 23 1 93
19 24 1 70
19 25 1 41
19 26 1 94
20 21 1 20
20 22 1 46
20 23 1 43
20 24 1 58
20 25 1 92
20 26 1 42
21 22 1 14
21 23 1 98
21 24 1 56
21 25 1 72
21 26 1 31
22 23 1 52
22 24 1 59
22 25 1 71
22 26 1 78
23 24 1 47
23 25 1 45
23 26 1 40
23 27 1 40
23 28 1 78
23 29 1 64
23 30 1 51
24 25 1 38
24 26 1 23
24 27 1 56
24 28 1 45
24 29 1 51
24 30 1 44
25 26 1 44
25 27 1 44
25 28 1 53
25 29 1 54
25 30 1 80
26 27 1 46
26 28 1 64
26 29 1 84
26 30 1 78
27 28 1 41
27 29 1 20
27 30 1 45
27 31 1 33
27 32 1 91
27 33 1 66
27 34 1 72
27 35 1 99
28 29 1 24
28 30 1 30
28 31 1 60
28 32 1 87
28 33 1 60
28 34 1 53
28 35 1 78
29 30 1 28
29 31 1 83
29 32 1 47
29 33 1 70
29 34 1 89
29 35 1 43
30 31 1 88
30 32 1 33
30 33 1 85
30 34 1 74
30 35 1 31
31 32 1 33
31 33 1 31
31 34 1 17
31 35 1 21
31 36 1 66
31 37 1 49
31 38 1 99
31 39 1 69
32 33 1 28
32 34 1 46
32 35 1 24
32 36 1 44
32 37 1 57
32 38 1 77
32 39 1 94
33 34 1 45
33 35 1 37
33 36 1 44
33 37 1 52
33 38 1 77
33 39 1 37
34 35 1 27
34 36 1 33
34 37 1 37
34 38 1 74
34 39 1 100
35 36 1 52
35 37 1 33
35 38 1 50
35 39 1 33
36 37 1 37
36 38 1 42
36 39 1 38
36 40 1 94
36 41 1 48
36 42 1 49
36 43 1 82
36 44 1 62
37 38 1 31
37 39 1 14
37 40 1 96
37 41 1 89
37 42 1 95
37 43 1 85
37 44 1 37
38 39 1 11
38 40 1 86
38 41 1 99
38 42 1 36
38 43 1 88
38 44 1 49
39 40 1 68
39 41 1 41
39 42 1 54
39 43 1 65
39 44 1 58
40 41 1 16
40 42 1 19
40 43 1 30
40 44 1 23
40 45 1 50
40 46 1 59
40 47 1 92
40 48 1 92
40 49 1 73
41 42 1 28
41 43 1 46
41 44 1 36
41 45 1 85
41 46 1 40
41 47 1 45
41 48 1 68
41 49 1 81
42 43 1 27
42 44 1 27
42 45 1 44
42 46 1 63
42 47 1 41
42 48 1 100
42 49 1 56
43 44 1 16
43 45 1 61
43 46 1 42
43 47 1 48
43 48 1 81
43 49 1 93
44 45 1 87
44 46 1 99
44 47 1 34
44 48 1 33
44 49 1 87
45 46 1 50
45 47 1 36
45 48 1 39
45 49 1 15
45 50 1 88
46 47 1 11
46 48 1 20
46 49 1 25
46 50 1 90
47 48 1 23
47 49 1 27
47 50 1 94
48 49 1 10
48 50 1 38
49 50 1 67

1 2 2 91
1 3 2 85
1 4 2 44
1 5 2 60
1 6 2 51
2 3 2 32
2 4 2 40
2 5 2 38
2 6 2 16
2 7 2 37
2 8 2 36
2 9 2 42
2 10 2 70
2 11 2 95
3 4 2 30
3 5 2 24
3 6 2 32
3 7 2 52
3 8 2 72
3 9 2 75
3 10 2 36
3 11 2 78
4 5 2 39
4 6 2 37
4 7 2 82
4 8 2 82
4 9 2 85
4 10 2 37
4 11 2 87
5 6 2 36
5 7 2 74
5 8 2 69
5 9 2 63
5 10 2 35
5 11 2 60
6 7 2 96
6 8 2 96
6 9 2 38
6 10 2 82
6 11 2 35
7 8 2 23
7 9 2 50
7 10 2 47
7 11 2 42
7 12 2 53
7 13 2 99
7 14 2 97
7 15 2 51
7 16 2 88
7 17 2 98
8 9 2 13
8 10 2 27
8 11 2 12
8 12 2 98
8 13 2 45
8 14 2 41
8 15 2 66
8 16 2 67
8 17 2 81
9 10 2 40
9 11 2 27
9 12 2 96
9 13 2 36
9 14 2 83
9 15 2 85
9 16 2 43
9 17 2 83
10 11 2 11
10 12 2 65
10 13 2 38
10 14 2 37
10 15 2 65
10 16 2 60
10 17 2 90
11 12 2 37
11 13 2 47
11 14 2 62
11 15 2 76
11 16 2 55
11 17 2 97
12 13 2 24
12 14 2 22
12 15 2 35
12 16 2 18
12 17 2 27
12 18 2 80
12 19 2 87
12 20 2 54
12 21 2 54
12 22 2 91
13 14 2 29
13 15 2 17
13 16 2 42
13 17 2 39
13 18 2 89
13 19 2 75
13 20 2 77
13 21 2 42
13 22 2 99
14 15 2 10
14 16 2 15
14 17 2 31
14 18 2 43
14 19 2 30
14 20 2 33
14 21 2 92
14 22 2 30
15 16 2 37
15 17 2 24
15 18 2 45
15 19 2 65
15 20 2 30
15 21 2 82
15 22 2 42
16 17 2 31
16 18 2 33
16 19 2 33
16 20 2 51
16 21 2 84
16 22 2 92
17 18 2 98
17 19 2 57
17 20 2 67
17 21 2 70
17 22 2 77
18 19 2 30
18 20 2 37
18 21 2 38
18 22 2 39
18 23 2 55
18 24 2 94
18 25 2 62
18 26 2 61
19 20 2 42
19 21 2 26
19 22 2 32
19 23 2 89
19 24 2 32
19 25 2 56
19 26 2 99
20 21 2 17
20 22 2 20
20 23 2 96
20 24 2 61
20 25 2 84
20 26 2 58
21 22 2 25
21 23 2 31
21 24 2 80
21 25 2 100
21 26 2 66
22 23 2 58
22 24 2 68
22 25 2 37
22 26 2 82
23 24 2 24
23 25 2 26
23 26 2 12
23 27 2 69
23 28 2 81
23 29 2 65
23 30 2 31
24 25 2 19
24 26 2 25
24 27 2 75
24 28 2 90
24 29 2 59
24 30 2 92
25 26 2 21
25 27 2 84
25 28 2 65
25 29 2 70
25 30 2 38
26 27 2 37
26 28 2 72
26 29 2 76
26 30 2 65
27 28 2 17
27 29 2 38
27 30 2 29
27 31 2 68
27 32 2 42
27 33 2 64
27 34 2 39
27 35 2 100
28 29 2 31
28 30 2 21
28 31 2 85
28 32 2 67
28 33 2 30
28 34 2 77
28 35 2 87
29 30 2 36
29 31 2 99
29 32 2 90
29 33 2 100
29 34 2 31
29 35 2 49
30 31 2 76
30 32 2 43
30 33 2 34
30 34 2 47
30 35 2 74
31 32 2 18
31 33 2 37
31 34 2 22
31 35 2 24
31 36 2 86
31 37 2 46
31 38 2 39
31 39 2 78
32 33 2 24
32 34 2 19
32 35 2 20
32 36 2 49
32 37 2 71
32 38 2 47
32 39 2 65
33 34 2 43
33 35 2 34
33 36 2 77
33 37 2 99
33 38 2 33
33 39 2 45
34 35 2 39
34 36 2 94
34 37 2 98
34 38 2 79
34 39 2 72
35 36 2 31
35 37 2 65
35 38 2 71
35 39 2 38
36 37 2 35
36 38 2 16
36 39 2 50
36 40 2 61
36 41 2 51
36 42 2 96
36 43 2 87
36 44 2 78
37 38 2 30
37 39 2 23
37 40 2 45
37 41 2 35
37 42 2 77
37 43 2 52
37 44 2 33
38 39 2 30
38 40 2 90
38 41 2 32
38 42 2 59
38 43 2 91
38 44 2 61
39 40 2 30
39 41 2 58
39 42 2 65
39 43 2 74
39 44 2 92
40 41 2 27
40 42 2 11
40 43 2 49
40 44 2 46
40 45 2 64
40 46 2 51
40 47 2 69
40 48 2 64
40 49 2 72
41 42 2 10
41 43 2 36
41 44 2 14
41 45 2 97
41 46 2 74
41 47 2 54
41 48 2 39
41 49 2 93
42 43 2 24
42 44 2 18
42 45 2 57
42 46 2 61
42 47 2 55
42 48 2 85
42 49 2 65
43 44 2 29
43 45 2 90
43 46 2 30
43 47 2 77
43 48 2 97
43 49 2 34
44 45 2 45
44 46 2 89
44 47 2 44
44 48 2 34
44 49 2 51
45 46 2 15
45 47 2 11
45 48 2 35
45 49 2 49
45 50 2 31
46 47 2 34
46 48 2 44
46 49 2 38
46 50 2 60
47 48 2 18
47 49 2 46
47 50 2 84
48 49 2 16
48 50 2 49
49 50 2 71

1 2 3 71
1 3 3 49
1 4 3 40
1 5 3 55
1 6 3 61
2 3 3 39
2 4 3 18
2 5 3 28
2 6 3 38
2 7 3 60
2 8 3 59
2 9 3 81
2 10 3 55
2 11 3 84
3 4 3 45
3 5 3 25
3 6 3 35
3 7 3 61
3 8 3 66
3 9 3 90
3 10 3 65
3 11 3 57
4 5 3 29
4 6 3 48
4 7 3 96
4 8 3 84
4 9 3 83
4 10 3 93
4 11 3 45
5 6 3 45
5 7 3 88
5 8 3 85
5 9 3 53
5 10 3 50
5 11 3 77
6 7 3 93
6 8 3 99
6 9 3 79
6 10 3 72
6 11 3 100
7 8 3 22
7 9 3 11
7 10 3 18
7 11 3 30
7 12 3 55
7 13 3 75
7 14 3 79
7 15 3 72
7 16 3 31
7 17 3 96
8 9 3 15
8 10 3 29
8 11 3 29
8 12 3 87
8 13 3 45
8 14 3 93
8 15 3 95
8 16 3 63
8 17 3 72
9 10 3 40
9 11 3 33
9 12 3 47
9 13 3 30
9 14 3 89
9 15 3 93
9 16 3 44
9 17 3 83
10 11 3 19
10 12 3 85
10 13 3 76
10 14 3 79
10 15 3 87
10 16 3 77
10 17 3 84
11 12 3 93
11 13 3 56
11 14 3 45
11 15 3 57
11 16 3 64
11 17 3 60
12 13 3 38
12 14 3 18
12 15 3 30
12 16 3 48
12 17 3 12
12 18 3 97
12 19 3 75
12 20 3 89
12 21 3 71
12 22 3 84
13 14 3 50
13 15 3 29
13 16 3 40
13 17 3 48
13 18 3 57
13 19 3 77
13 20 3 67
13 21 3 50
13 22 3 53
14 15 3 10
14 16 3 12
14 17 3 18
14 18 3 49
14 19 3 93
14 20 3 92
14 21 3 93
14 22 3 71
15 16 3 37
15 17 3 36
15 18 3 75
15 19 3 77
15 20 3 81
15 21 3 65
15 22 3 79
16 17 3 44
16 18 3 42
16 19 3 75
16 20 3 81
16 21 3 94
16 22 3 44
17 18 3 68
17 19 3 38
17 20 3 52
17 21 3 36
17 22 3 88
18 19 3 34
18 20 3 14
18 21 3 41
18 22 3 40
18 23 3 74
18 24 3 30
18 25 3 44
18 26 3 51
19 20 3 37
19 21 3 25
19 22 3 12
19 23 3 61
19 24 3 51
19 25 3 41
19 26 3 57
20 21 3 45
20 22 3 28
20 23 3 58
20 24 3 36
20 25 3 33
20 26 3 47
21 22 3 14
21 23 3 92
21 24 3 51
21 25 3 36
21 26 3 49
22 23 3 31
22 24 3 33
22 25 3 69
22 26 3 83
23 24 3 15
23 25 3 31
23 26 3 21
23 27 3 35
23 28 3 70
23 29 3 90
23 30 3 99
24 25 3 31
24 26 3 22
24 27 3 45
24 28 3 45
24 29 3 34
24 30 3 81
25 26 3 34
25 27 3 38
25 28 3 53
25 29 3 79
25 30 3 41
26 27 3 97
26 28 3 39
26 29 3 73
26 30 3 50
27 28 3 10
27 29 3 44
27 30 3 18
27 31 3 35
27 32 3 31
27 33 3 37
27 34 3 44
27 35 3 40
28 29 3 12
28 30 3 28
28 31 3 47
28 32 3 92
28 33 3 82
28 34 3 43
28 35 3 72
29 30 3 22
29 31 3 50
29 32 3 35
29 33 3 69
29 34 3 94
29 35 3 83
30 31 3 61
30 32 3 45
30 33 3 34
30 34 3 66
30 35 3 72
31 32 3 30
31 33 3 50
31 34 3 11
31 35 3 22
31 36 3 80
31 37 3 98
31 38 3 73
31 39 3 55
32 33 3 43
32 34 3 32
32 35 3 19
32 36 3 63
32 37 3 55
32 38 3 39
32 39 3 66
33 34 3 45
33 35 3 10
33 36 3 64
33 37 3 70
33 38 3 63
33 39 3 99
34 35 3 15
34 36 3 93
34 37 3 46
34 38 3 46
34 39 3 61
35 36 3 68
35 37 3 62
35 38 3 54
35 39 3 30
36 37 3 35
36 38 3 50
36 39 3 25
36 40 3 39
36 41 3 77
36 42 3 58
36 43 3 35
36 44 3 49
37 38 3 24
37 39 3 46
37 40 3 39
37 41 3 45
37 42 3 35
37 43 3 32
37 44 3 84
38 39 3 29
38 40 3 93
38 41 3 44
38 42 3 40
38 43 3 74
38 44 3 66
39 40 3 98
39 41 3 38
39 42 3 73
39 43 3 62
39 44 3 72
40 41 3 49
40 42 3 18
40 43 3 38
40 44 3 22
40 45 3 93
40 46 3 95
40 47 3 43
40 48 3 79
40 49 3 31
41 42 3 42
41 43 3 16
41 44 3 42
41 45 3 93
41 46 3 49
41 47 3 36
41 48 3 32
41 49 3 34
42 43 3 35
42 44 3 50
42 45 3 70
42 46 3 31
42 47 3 54
42 48 3 61
42 49 3 48
43 44 3 17
43 45 3 74
43 46 3 93
43 47 3 77
43 48 3 32
43 49 3 48
44 45 3 51
44 46 3 91
44 47 3 99
44 48 3 41
44 49 3 90
45 46 3 24
45 47 3 27
45 48 3 21
45 49 3 46
45 50 3 30
46 47 3 20
46 48 3 35
46 49 3 49
46 50 3 99
47 48 3 19
47 49 3 24
47 50 3 41
48 49 3 46
48 50 3 55
49 50 3 55

1 2 4 42
1 3 4 35
1 4 4 32
1 5 4 100
1 6 4 83
2 3 4 27
2 4 4 27
2 5 4 24
2 6 4 42
2 7 4 74
2 8 4 50
2 9 4 71
2 10 4 45
2 11 4 38
3 4 4 25
3 5 4 35
3 6 4 13
3 7 4 66
3 8 4 100
3 9 4 68
3 10 4 90
3 11 4 46
4 5 4 43
4 6 4 11
4 7 4 54
4 8 4 54
4 9 4 97
4 10 4 71
4 11 4 79
5 6 4 35
5 7 4 70
5 8 4 32
5 9 4 85
5 10 4 55
5 11 4 77
6 7 4 100
6 8 4 33
6 9 4 57
6 10 4 87
6 11 4 51
7 8 4 47
7 9 4 14
7 10 4 15
7 11 4 43
7 12 4 67
7 13 4 90
7 14 4 84
7 15 4 89
7 16 4 95
7 17 4 32
8 9 4 50
8 10 4 46
8 11 4 47
8 12 4 91
8 13 4 88
8 14 4 44
8 15 4 34
8 16 4 43
8 17 4 74
9 10 4 33
9 11 4 22
9 12 4 54
9 13 4 40
9 14 4 63
9 15 4 73
9 16 4 72
9 17 4 80
10 11 4 49
10 12 4 59
10 13 4 61
10 14 4 82
10 15 4 96
10 16 4 35
10 17 4 71
11 12 4 45
11 13 4 93
11 14 4 94
11 15 4 46
11 16 4 93
11 17 4 72
12 13 4 43
12 14 4 33
12 15 4 12
12 16 4 27
12 17 4 27
12 18 4 74
12 19 4 78
12 20 4 54
12 21 4 59
12 22 4 86
13 14 4 40
13 15 4 46
13 16 4 37
13 17 4 17
13 18 4 93
13 19 4 74
13 20 4 81
13 21 4 98
13 22 4 63
14 15 4 31
14 16 4 23
14 17 4 48
14 18 4 65
14 19 4 63
14 20 4 35
14 21 4 90
14 22 4 86
15 16 4 25
15 17 4 40
15 18 4 90
15 19 4 47
15 20 4 55
15 21 4 77
15 22 4 51
16 17 4 38
16 18 4 54
16 19 4 88
16 20 4 75
16 21 4 47
16 22 4 91
17 18 4 62
17 19 4 96
17 20 4 88
17 21 4 93
17 22 4 39
18 19 4 22
18 20 4 11
18 21 4 18
18 22 4 24
18 23 4 83
18 24 4 39
18 25 4 50
18 26 4 96
19 20 4 36
19 21 4 49
19 22 4 36
19 23 4 70
19 24 4 84
19 25 4 59
19 26 4 54
20 21 4 46
20 22 4 27
20 23 4 40
20 24 4 100
20 25 4 54
20 26 4 84
21 22 4 41
21 23 4 59
21 24 4 86
21 25 4 59
21 26 4 30
22 23 4 58
22 24 4 100
22 25 4 34
22 26 4 91
23 24 4 19
23 25 4 16
23 26 4 43
23 27 4 54
23 28 4 31
23 29 4 60
23 30 4 94
24 25 4 21
24 26 4 47
24 27 4 61
24 28 4 78
24 29 4 93
24 30 4 70
25 26 4 13
25 27 4 79
25 28 4 70
25 29 4 43
25 30 4 68
26 27 4 57
26 28 4 65
26 29 4 83
26 30 4 62
27 28 4 39
27 29 4 48
27 30 4 23
27 31 4 90
27 32 4 35
27 33 4 67
27 34 4 98
27 35 4 72
28 29 4 44
28 30 4 15
28 31 4 61
28 32 4 54
28 33 4 53
28 34 4 75
28 35 4 74
29 30 4 11
29 31 4 98
29 32 4 38
29 33 4 36
29 34 4 89
29 35 4 41
30 31 4 66
30 32 4 59
30 33 4 35
30 34 4 32
30 35 4 81
31 32 4 44
31 33 4 34
31 34 4 37
31 35 4 11
31 36 4 44
31 37 4 48
31 38 4 44
31 39 4 84
32 33 4 30
32 34 4 32
32 35 4 46
32 36 4 66
32 37 4 55
32 38 4 73
32 39 4 86
33 34 4 21
33 35 4 38
33 36 4 89
33 37 4 62
33 38 4 32
33 39 4 64
34 35 4 45
34 36 4 66
34 37 4 77
34 38 4 92
34 39 4 93
35 36 4 78
35 37 4 92
35 38 4 68
35 39 4 42
36 37 4 43
36 38 4 25
36 39 4 10
36 40 4 44
36 41 4 47
36 42 4 92
36 43 4 66
36 44 4 91
37 38 4 29
37 39 4 26
37 40 4 67
37 41 4 38
37 42 4 61
37 43 4 54
37 44 4 70
38 39 4 17
38 40 4 37
38 41 4 46
38 42 4 39
38 43 4 73
38 44 4 78
39 40 4 65
39 41 4 52
39 42 4 55
39 43 4 77
39 44 4 99
40 41 4 13
40 42 4 36
40 43 4 46
40 44 4 34
40 45 4 69
40 46 4 85
40 47 4 63
40 48 4 58
40 49 4 73
41 42 4 45
41 43 4 15
41 44 4 21
41 45 4 99
41 46 4 69
41 47 4 36
41 48 4 35
41 49 4 84
42 43 4 42
42 44 4 20
42 45 4 83
42 46 4 96
42 47 4 52
42 48 4 97
42 49 4 82
43 44 4 38
43 45 4 47
43 46 4 56
43 47 4 35
43 48 4 30
43 49 4 70
44 45 4 76
44 46 4 82
44 47 4 62
44 48 4 85
44 49 4 69
45 46 4 40
45 47 4 17
45 48 4 28
45 49 4 33
45 50 4 79
46 47 4 16
46 48 4 47
46 49 4 33
46 50 4 92
47 48 4 31
47 49 4 32
47 50 4 76
48 49 4 31
48 50 4 95
49 50 4 92

