1 2 1 73
1 3 1 68
1 4 1 72
1 5 1 58
1 6 1 74
2 3 1 48
2 4 1 20
2 5 1 16
2 6 1 32
2 7 1 78
2 8 1 97
2 9 1 55
2 10 1 45
2 11 1 80
3 4 1 18
3 5 1 47
3 6 1 27
3 7 1 51
3 8 1 83
3 9 1 50
3 10 1 59
3 11 1 41
4 5 1 43
4 6 1 21
4 7 1 85
4 8 1 86
4 9 1 90
4 10 1 71
4 11 1 54
5 6 1 41
5 7 1 54
5 8 1 65
5 9 1 54
5 10 1 83
5 11 1 80
6 7 1 51
6 8 1 75
6 9 1 98
6 10 1 72
6 11 1 39
7 8 1 12
7 9 1 35
7 10 1 45
7 11 1 24
7 12 1 90
7 13 1 83
7 14 1 77
7 15 1 47
7 16 1 41
8 9 1 40
8 10 1 27
8 11 1 49
8 12 1 97
8 13 1 34
8 14 1 53
8 15 1 48
8 16 1 87
9 10 1 15
9 11 1 38
9 12 1 35
9 13 1 64
9 14 1 47
9 15 1 40
9 16 1 76
10 11 1 21
10 12 1 90
10 13 1 58
10 14 1 65
10 15 1 64
10 16 1 66
11 12 1 55
11 13 1 34
11 14 1 75
11 15 1 98
11 16 1 40
12 13 1 21
12 14 1 46
12 15 1 50
12 16 1 38
12 17 1 75
12 18 1 48
12 19 1 77
12 20 1 50
12 21 1 30
12 22 1 56
13 14 1 27
13 15 1 12
13 16 1 44
13 17 1 48
13 18 1 46
13 19 1 54
13 20 1 76
13 21 1 50
13 22 1 34
14 15 1 38
14 16 1 15
14 17 1 47
14 18 1 35
14 19 1 39
14 20 1 68
14 21 1 71
14 22 1 78
15 16 1 30
15 17 1 51
15 18 1 86
15 19 1 75
15 20 1 89
15 21 1 88
15 22 1 37
16 17 1 77
16 18 1 37
16 19 1 87
16 20 1 55
16 21 1 33
16 22 1 84
17 18 1 32
17 19 1 21
17 20 1 30
17 21 1 44
17 22 1 30
17 23 1 88
17 24 1 56
17 25 1 76
17 26 1 100
17 27 1 48
18 19 1 17
18 20 1 11
18 21 1 44
18 22 1 41
18 23 1 64
18 24 1 65
18 25 1 100
18 26 1 60
18 27 1 44
19 20 1 31
19 21 1 41
19 22 1 10
19 23 1 56
19 24 1 39
19 25 1 42
19 26 1 42
19 27 1 98
20 21 1 15
20 22 1 23
20 23 1 64
20 24 1 100
20 25 1 74
20 26 1 65
20 27 1 56
21 22 1 15
21 23 1 41
21 24 1 70
21 25 1 80
21 26 1 89
21 27 1 41
22 23 1 74
22 24 1 46
22 25 1 97
22 26 1 61
22 27 1 45
23 24 1 10
23 25 1 28
23 26 1 38
23 27 1 46
23 28 1 94
23 29 1 68
23 30 1 85
23 31 1 100
24 25 1 28
24 26 1 11
24 27 1 41
24 28 1 44
24 29 1 36
24 30 1 82
24 31 1 80
25 26 1 22
25 27 1 39
25 28 1 94
25 29 1 70
25 30 1 66
25 31 1 78
26 27 1 11
26 28 1 67
26 29 1 70
26 30 1 98
26 31 1 59
27 28 1 96
27 29 1 41
27 30 1 99
27 31 1 84
28 29 1 17
28 30 1 16
28 31 1 49
28 32 1 63
28 33 1 46
28 34 1 97
28 35 1 92
29 30 1 20
29 31 1 37
29 32 1 92
29 33 1 48
29 34 1 87
29 35 1 43
30 31 1 21
30 32 1 30
30 33 1 49
30 34 1 46
30 35 1 80
31 32 1 83
31 33 1 86
31 34 1 94
31 35 1 46
32 33 1 13
32 34 1 43
32 35 1 14
32 36 1 34
32 37 1 85
32 38 1 48
32 39 1 71
32 40 1 86
33 34 1 12
33 35 1 18
33 36 1 65
33 37 1 60
33 38 1 66
33 39 1 63
33 40 1 31
34 35 1 45
34 36 1 33
34 37 1 67
34 38 1 97
34 39 1 82
34 40 1 64
35 36 1 36
35 37 1 52
35 38 1 62
35 39 1 89
35 40 1 76
36 37 1 35
36 38 1 50
36 39 1 24
36 40 1 31
36 41 1 63
36 42 1 99
36 43 1 43
36 44 1 38
37 38 1 37
37 39 1 37
37 40 1 20
37 41 1 92
37 42 1 94
37 43 1 98
37 44 1 47
38 39 1 17
38 40 1 29
38 41 1 67
38 42 1 43
38 43 1 76
38 44 1 50
39 40 1 34
39 41 1 63
39 42 1 71
39 43 1 92
39 44 1 91
40 41 1 86
40 42 1 46
40 43 1 91
40 44 1 63
41 42 1 10
41 43 1 31
41 44 1 11
41 45 1 62
41 46 1 84
41 47 1 75
41 48 1 60
41 49 1 78
42 43 1 21
42 44 1 37
42 45 1 46
42 46 1 36
42 47 1 89
42 48 1 73
42 49 1 85
43 44 1 27
43 45 1 63
43 46 1 51
43 47 1 98
43 48 1 30
43 49 1 50
44 45 1 89
44 46 1 49
44 47 1 33
44 48 1 80
44 49 1 70
45 46 1 10
45 47 1 50
45 48 1 49
45 49 1 13
45 50 1 59
46 47 1 24
46 48 1 13
46 49 1 23
46 50 1 54
47 48 1 33
47 49 1 24
47 50 1 84
48 49 1 21
48 50 1 30
49 50 1 53

1 2 2 47
1 3 2 40
1 4 2 53
1 5 2 31
1 6 2 63
2 3 2 43
2 4 2 35
2 5 2 45
2 6 2 11
2 7 2 83
2 8 2 37
2 9 2 33
2 10 2 42
2 11 2 81
3 4 2 11
3 5 2 50
3 6 2 46
3 7 2 58
3 8 2 76
3 9 2 64
3 10 2 83
3 11 2 46
4 5 2 24
4 6 2 44
4 7 2 91
4 8 2 67
4 9 2 47
4 10 2 46
4 11 2 99
5 6 2 28
5 7 2 88
5 8 2 78
5 9 2 39
5 10 2 64
5 11 2 98
6 7 2 49
6 8 2 39
6 9 2 72
6 10 2 38
6 11 2 81
7 8 2 44
7 9 2 40
7 10 2 46
7 11 2 26
7 12 2 45
7 13 2 34
7 14 2 51
7 15 2 95
7 16 2 46
8 9 2 12
8 10 2 45
8 11 2 39
8 12 2 45
8 13 2 44
8 14 2 72
8 15 2 74
8 16 2 53
9 10 2 38
9 11 2 24
9 12 2 66
9 13 2 66
9 14 2 100
9 15 2 70
9 16 2 39
10 11 2 14
10 12 2 83
10 13 2 52
10 14 2 33
10 15 2 47
10 16 2 36
11 12 2 51
11 13 2 45
11 14 2 41
11 15 2 47
11 16 2 50
12 13 2 39
12 14 2 28
12 15 2 23
12 16 2 50
12 17 2 95
12 18 2 95
12 19 2 81
12 20 2 49
12 21 2 96
12 22 2 33
13 14 2 47
13 15 2 23
13 16 2 50
13 17 2 94
13 18 2 91
13 19 2 62
13 20 2 54
13 21 2 62
13 22 2 74
14 15 2 14
14 16 2 35
14 17 2 100
14 18 2 70
14 19 2 59
14 20 2 59
14 21 2 66
14 22 2 89
15 16 2 49
15 17 2 82
15 18 2 83
15 19 2 72
15 20 2 82
15 21 2 63
15 22 2 45
16 17 2 48
16 18 2 77
16 19 2 48
16 20 2 44
16 21 2 62
16 22 2 58
17 18 2 50
17 19 2 43
17 20 2 44
17 21 2 16
17 22 2 22
17 23 2 84
17 24 2 80
17 25 2 48
17 26 2 77
17 27 2 100
18 19 2 28
18 20 2 33
18 21 2 36
18 22 2 11
18 23 2 35
18 24 2 42
18 25 2 55
18 26 2 51
18 27 2 67
19 20 2 41
19 21 2 21
19 22 2 26
19 23 2 59
19 24 2 40
19 25 2 64
19 26 2 32
19 27 2 83
20 21 2 44
20 22 2 44
20 23 2 84
20 24 2 96
20 25 2 71
20 26 2 36
20 27 2 51
21 22 2 45
21 23 2 39
21 24 2 62
21 25 2 92
21 26 2 52
21 27 2 89
22 23 2 67
22 24 2 56
22 25 2 90
22 26 2 77
22 27 2 82
23 24 2 38
23 25 2 40
23 26 2 44
23 27 2 36
23 28 2 30
23 29 2 73
23 30 2 71
23 31 2 48
24 25 2 27
24 26 2 35
24 27 2 20
24 28 2 50
24 29 2 88
24 30 2 57
24 31 2 84
25 26 2 18
25 27 2 14
25 28 2 44
25 29 2 55
25 30 2 72
25 31 2 84
26 27 2 39
26 28 2 72
26 29 2 32
26 30 2 93
26 31 2 36
27 28 2 79
27 29 2 61
27 30 2 88
27 31 2 88
28 29 2 47
28 30 2 48
28 31 2 28
28 32 2 52
28 33 2 93
28 34 2 57
28 35 2 69
29 30 2 50
29 31 2 37
29 32 2 60
29 33 2 40
29 34 2 31
29 35 2 81
30 31 2 24
30 32 2 86
30 33 2 46
30 34 2 46
30 35 2 76
31 32 2 83
31 33 2 81
31 34 2 53
31 35 2 33
32 33 2 10
32 34 2 32
32 35 2 46
32 36 2 57
32 37 2 52
32 38 2 58
32 39 2 52
32 40 2 74
33 34 2 12
33 35 2 28
33 36 2 40
33 37 2 79
33 38 2 40
33 39 2 52
33 40 2 62
34 35 2 40
34 36 2 51
34 37 2 50
34 38 2 52
34 39 2 54
34 40 2 99
35 36 2 30
35 37 2 84
35 38 2 89
35 39 2 79
35 40 2 47
36 37 2 42
36 38 2 41
36 39 2 17
36 40 2 22
36 41 2 37
36 42 2 36
36 43 2 63
36 44 2 62
37 38 2 32
37 39 2 10
37 40 2 46
37 41 2 42
37 42 2 92
37 43 2 65
37 44 2 75
38 39 2 17
38 40 2 32
38 41 2 71
38 42 2 100
38 43 2 62
38 44 2 65
39 40 2 22
39 41 2 88
39 42 2 90
39 43 2 87
39 44 2 91
40 41 2 85
40 42 2 60
40 43 2 92
40 44 2 56
41 42 2 11
41 43 2 50
41 44 2 17
41 45 2 80
41 46 2 55
41 47 2 47
41 48 2 81
41 49 2 37
42 43 2 44
42 44 2 43
42 45 2 69
42 46 2 38
42 47 2 71
42 48 2 70
42 49 2 42
43 44 2 25
43 45 2 44
43 46 2 41
43 47 2 42
43 48 2 62
43 49 2 93
44 45 2 38
44 46 2 83
44 47 2 53
44 48 2 58
44 49 2 50
45 46 2 39
45 47 2 15
45 48 2 24
45 49 2 14
45 50 2 31
46 47 2 48
46 48 2 16
46 49 2 33
46 50 2 90
47 48 2 16
47 49 2 50
47 50 2 61
48 49 2 13
48 50 2 83
49 50 2 54

1 2 3 93
1 3 3 47
1 4 3 37
1 5 3 75
1 6 3 52
2 3 3 16
2 4 3 49
2 5 3 26
2 6 3 39
2 7 3 37
2 8 3 32
2 9 3 37
2 10 3 75
2 11 3 69
3 4 3 47
3 5 3 40
3 6 3 48
3 7 3 78
3 8 3 69
3 9 3 88
3 10 3 76
3 11 3 73
4 5 3 14
4 6 3 11
4 7 3 41
4 8 3 68
4 9 3 93
4 10 3 48
4 11 3 77
5 6 3 24
5 7 3 79
5 8 3 90
5 9 3 92
5 10 3 48
5 11 3 74
6 7 3 30
6 8 3 63
6 9 3 92
6 10 3 95
6 11 3 39
7 8 3 21
7 9 3 41
7 10 3 30
7 11 3 25
7 12 3 36
7 13 3 56
7 14 3 42
7 15 3 57
7 16 3 67
8 9 3 22
8 10 3 37
8 11 3 45
8 12 3 63
8 13 3 34
8 14 3 68
8 15 3 30
8 16 3 54
9 10 3 28
9 11 3 23
9 12 3 63
9 13 3 79
9 14 3 45
9 15 3 84
9 16 3 94
10 11 3 37
10 12 3 37
10 13 3 32
10 14 3 34
10 15 3 62
10 16 3 55
11 12 3 57
11 13 3 71
11 14 3 45
11 15 3 47
11 16 3 44
12 13 3 36
12 14 3 25
12 15 3 36
12 16 3 24
12 17 3 40
12 18 3 61
12 19 3 30
12 20 3 51
12 21 3 81
12 22 3 77
13 14 3 46
13 15 3 31
13 16 3 21
13 17 3 32
13 18 3 100
13 19 3 41
13 20 3 55
13 21 3 36
13 22 3 99
14 15 3 49
14 16 3 20
14 17 3 40
14 18 3 75
14 19 3 42
14 20 3 93
14 21 3 86
14 22 3 62
15 16 3 33
15 17 3 34
15 18 3 68
15 19 3 94
15 20 3 95
15 21 3 48
15 22 3 75
16 17 3 68
16 18 3 46
16 19 3 57
16 20 3 36
16 21 3 64
16 22 3 83
17 18 3 20
17 19 3 42
17 20 3 22
17 21 3 29
17 22 3 25
17 23 3 96
17 24 3 43
17 25 3 41
17 26 3 37
17 27 3 74
18 19 3 11
18 20 3 29
18 21 3 11
18 22 3 10
18 23 3 77
18 24 3 91
18 25 3 61
18 26 3 97
18 27 3 30
19 20 3 34
19 21 3 43
19 22 3 47
19 23 3 73
19 24 3 63
19 25 3 87
19 26 3 53
19 27 3 58
20 21 3 38
20 22 3 26
20 23 3 55
20 24 3 83
20 25 3 88
20 26 3 95
20 27 3 80
21 22 3 29
21 23 3 31
21 24 3 39
21 25 3 66
21 26 3 61
21 27 3 97
22 23 3 50
22 24 3 84
22 25 3 71
22 26 3 50
22 27 3 78
23 24 3 13
23 25 3 42
23 26 3 46
23 27 3 21
23 28 3 71
23 29 3 93
23 30 3 77
23 31 3 53
24 25 3 37
24 26 3 37
24 27 3 44
24 28 3 100
24 29 3 83
24 30 3 92
24 31 3 47
25 26 3 24
25 27 3 27
25 28 3 32
25 29 3 75
25 30 3 43
25 31 3 48
26 27 3 13
26 28 3 75
26 29 3 78
26 30 3 69
26 31 3 40
27 28 3 30
27 29 3 55
27 30 3 75
27 31 3 49
28 29 3 44
28 30 3 22
28 31 3 44
28 32 3 33
28 33 3 43
28 34 3 87
28 35 3 94
29 30 3 30
29 31 3 28
29 32 3 86
29 33 3 99
29 34 3 39
29 35 3 93
30 31 3 43
30 32 3 84
30 33 3 86
30 34 3 43
30 35 3 73
31 32 3 50
31 33 3 66
31 34 3 92
31 35 3 71
32 33 3 47
32 34 3 47
32 35 3 32
32 36 3 51
32 37 3 91
32 38 3 51
32 39 3 86
32 40 3 62
33 34 3 35
33 35 3 32
33 36 3 89
33 37 3 82
33 38 3 64
33 39 3 64
33 40 3 54
34 35 3 32
34 36 3 40
34 37 3 51
34 38 3 59
34 39 3 67
34 40 3 100
35 36 3 81
35 37 3 65
35 38 3 88
35 39 3 74
35 40 3 47
36 37 3 45
36 38 3 40
36 39 3 50
36 40 3 49
36 41 3 49
36 42 3 95
36 43 3 34
36 44 3 55
37 38 3 42
37 39 3 29
37 40 3 11
37 41 3 54
37 42 3 73
37 43 3 60
37 44 3 81
38 39 3 48
38 40 3 50
38 41 3 39
38 42 3 87
38 43 3 46
38 44 3 33
39 40 3 49
39 41 3 39
39 42 3 60
39 43 3 74
39 44 3 41
40 41 3 65
40 42 3 85
40 43 3 35
40 44 3 80
41 42 3 27
41 43 3 40
41 44 3 40
41 45 3 72
41 46 3 32
41 47 3 98
41 48 3 56
41 49 3 63
42 43 3 21
42 44 3 23
42 45 3 67
42 46 3 97
42 47 3 85
42 48 3 61
42 49 3 91
43 44 3 11
43 45 3 31
43 46 3 96
43 47 3 100
43 48 3 35
43 49 3 43
44 45 3 40
44 46 3 30
44 47 3 36
44 48 3 80
44 49 3 40
45 46 3 46
45 47 3 49
45 48 3 22
45 49 3 42
45 50 3 99
46 47 3 49
46 48 3 45
46 49 3 45
46 50 3 46
47 48 3 46
47 49 3 19
47 50 3 40
48 49 3 36
48 50 3 56
49 50 3 42

1 2 4 48
1 3 4 79
1 4 4 36
1 5 4 35
1 6 4 41
2 3 4 48
2 4 4 40
2 5 4 39
2 6 4 13
2 7 4 61
2 8 4 56
2 9 4 33
2 10 4 71
2 11 4 58
3 4 4 10
3 5 4 13
3 6 4 19
3 7 4 59
3 8 4 93
3 9 4 89
3 10 4 93
3 11 4 77
4 5 4 32
4 6 4 25
4 7 4 54
4 8 4 76
4 9 4 67
4 10 4 83
4 11 4 76
5 6 4 15
5 7 4 90
5 8 4 97
5 9 4 85
5 10 4 30
5 11 4 67
6 7 4 70
6 8 4 59
6 9 4 77
6 10 4 60
6 11 4 54
7 8 4 15
7 9 4 25
7 10 4 28
7 11 4 33
7 12 4 54
7 13 4 81
7 14 4 85
7 15 4 100
7 16 4 98
8 9 4 13
8 10 4 25
8 11 4 24
8 12 4 76
8 13 4 82
8 14 4 88
8 15 4 43
8 16 4 78
9 10 4 24
9 11 4 49
9 12 4 68
9 13 4 51
9 14 4 57
9 15 4 80
9 16 4 99
10 11 4 17
10 12 4 33
10 13 4 92
10 14 4 97
10 15 4 85
10 16 4 68
11 12 4 79
11 13 4 55
11 14 4 30
11 15 4 96
11 16 4 38
12 13 4 11
12 14 4 38
12 15 4 46
12 16 4 22
12 17 4 78
12 18 4 45
12 19 4 83
12 20 4 72
12 21 4 93
12 22 4 63
13 14 4 30
13 15 4 44
13 16 4 26
13 17 4 66
13 18 4 77
13 19 4 81
13 20 4 88
13 21 4 79
13 22 4 83
14 15 4 24
14 16 4 36
14 17 4 35
14 18 4 88
14 19 4 35
14 20 4 73
14 21 4 81
14 22 4 30
15 16 4 32
15 17 4 90
15 18 4 59
15 19 4 64
15 20 4 58
15 21 4 46
15 22 4 61
16 17 4 57
16 18 4 93
16 19 4 70
16 20 4 53
16 21 4 35
16 22 4 32
17 18 4 25
17 19 4 19
17 20 4 36
17 21 4 27
17 22 4 34
17 23 4 58
17 24 4 32
17 25 4 30
17 26 4 49
17 27 4 40
18 19 4 30
18 20 4 34
18 21 4 31
18 22 4 36
18 23 4 69
18 24 4 98
18 25 4 49
18 26 4 31
18 27 4 71
19 20 4 16
19 21 4 13
19 22 4 20
19 23 4 60
19 24 4 42
19 25 4 93
19 26 4 37
19 27 4 74
20 21 4 15
20 22 4 31
20 23 4 84
20 24 4 48
20 25 4 40
20 26 4 31
20 27 4 87
21 22 4 46
21 23 4 98
21 24 4 87
21 25 4 85
21 26 4 51
21 27 4 79
22 23 4 42
22 24 4 89
22 25 4 42
22 26 4 88
22 27 4 72
23 24 4 35
23 25 4 32
23 26 4 43
23 27 4 16
23 28 4 88
23 29 4 47
23 30 4 70
23 31 4 48
24 25 4 50
24 26 4 25
24 27 4 16
24 28 4 71
24 29 4 46
24 30 4 73
24 31 4 42
25 26 4 39
25 27 4 12
25 28 4 75
25 29 4 77
25 30 4 52
25 31 4 51
26 27 4 14
26 28 4 97
26 29 4 34
26 30 4 56
26 31 4 87
27 28 4 86
27 29 4 39
27 30 4 58
27 31 4 53
28 29 4 28
28 30 4 24
28 31 4 35
28 32 4 31
28 33 4 68
28 34 4 62
28 35 4 87
29 30 4 31
29 31 4 35
29 32 4 68
29 33 4 41
29 34 4 41
29 35 4 99
30 31 4 33
30 32 4 67
30 33 4 42
30 34 4 53
30 35 4 58
31 32 4 60
31 33 4 59
31 34 4 78
31 35 4 30
32 33 4 34
32 34 4 36
32 35 4 35
32 36 4 94
32 37 4 41
32 38 4 85
32 39 4 65
32 40 4 85
33 34 4 33
33 35 4 28
33 36 4 54
33 37 4 60
33 38 4 97
33 39 4 82
33 40 4 41
34 35 4 35
34 36 4 55
34 37 4 94
34 38 4 56
34 39 4 32
34 40 4 45
35 36 4 79
35 37 4 50
35 38 4 37
35 39 4 54
35 40 4 93
36 37 4 45
36 38 4 43
36 39 4 27
36 40 4 37
36 41 4 50
36 42 4 64
36 43 4 98
36 44 4 33
37 38 4 12
37 39 4 37
37 40 4 10
37 41 4 40
37 42 4 76
37 43 4 86
37 44 4 96
38 39 4 38
38 40 4 26
38 41 4 51
38 42 4 74
38 43 4 85
38 44 4 35
39 40 4 44
39 41 4 45
39 42 4 42
39 43 4 54
39 44 4 35
40 41 4 30
40 42 4 82
40 43 4 79
40 44 4 80
41 42 4 10
41 43 4 46
41 44 4 10
41 45 4 57
41 46 4 65
41 47 4 36
41 48 4 94
41 49 4 56
42 43 4 32
42 44 4 33
42 45 4 92
42 46 4 89
42 47 4 45
42 48 4 45
42 49 4 67
43 44 4 23
43 45 4 34
43 46 4 70
43 47 4 81
43 48 4 60
43 49 4 55
44 45 4 39
44 46 4 39
44 47 4 75
44 48 4 39
44 49 4 95
45 46 4 17
45 47 4 23
45 48 4 13
45 49 4 32
45 50 4 77
46 47 4 10
46 48 4 31
46 49 4 36
46 50 4 89
47 48 4 40
47 49 4 46
47 50 4 81
48 49 4 22
48 50 4 66
49 50 4 47

