1 2 1 88
1 3 1 32
1 4 1 79
1 5 1 55
1 6 1 78
2 3 1 43
2 4 1 26
2 5 1 32
2 6 1 30
2 7 1 38
2 8 1 89
2 9 1 94
2 10 1 33
2 11 1 43
3 4 1 27
3 5 1 49
3 6 1 12
3 7 1 83
3 8 1 58
3 9 1 37
3 10 1 49
3 11 1 55
4 5 1 41
4 6 1 42
4 7 1 63
4 8 1 97
4 9 1 79
4 10 1 59
4 11 1 74
5 6 1 11
5 7 1 39
5 8 1 33
5 9 1 53
5 10 1 57
5 11 1 30
6 7 1 31
6 8 1 92
6 9 1 89
6 10 1 64
6 11 1 68
7 8 1 30
7 9 1 48
7 10 1 35
7 11 1 46
7 12 1 95
7 13 1 43
7 14 1 53
7 15 1 80
7 16 1 63
8 9 1 26
8 10 1 34
8 11 1 16
8 12 1 88
8 13 1 35
8 14 1 81
8 15 1 91
8 16 1 39
9 10 1 50
9 11 1 38
9 12 1 60
9 13 1 78
9 14 1 49
9 15 1 92
9 16 1 36
10 11 1 34
10 12 1 49
10 13 1 72
10 14 1 46
10 15 1 58
10 16 1 33
11 12 1 78
11 13 1 77
11 14 1 61
11 15 1 40
11 16 1 78
12 13 1 11
12 14 1 10
12 15 1 41
12 16 1 45
12 17 1 70
12 18 1 96
12 19 1 52
12 20 1 30
12 21 1 72
13 14 1 30
13 15 1 16
13 16 1 22
13 17 1 50
13 18 1 57
13 19 1 70
13 20 1 70
13 21 1 38
14 15 1 35
14 16 1 49
14 17 1 43
14 18 1 69
14 19 1 100
14 20 1 99
14 21 1 47
15 16 1 26
15 17 1 63
15 18 1 100
15 19 1 65
15 20 1 39
15 21 1 72
16 17 1 35
16 18 1 50
16 19 1 94
16 20 1 47
16 21 1 32
17 18 1 14
17 19 1 11
17 20 1 41
17 21 1 44
17 22 1 52
17 23 1 89
17 24 1 35
17 25 1 37
17 26 1 63
18 19 1 25
18 20 1 41
18 21 1 11
18 22 1 95
18 23 1 94
18 24 1 50
18 25 1 48
18 26 1 87
19 20 1 32
19 21 1 43
19 22 1 80
19 23 1 58
19 24 1 33
19 25 1 37
19 26 1 45
20 21 1 26
20 22 1 61
20 23 1 50
20 24 1 43
20 25 1 56
20 26 1 68
21 22 1 89
21 23 1 49
21 24 1 56
21 25 1 85
21 26 1 57
22 23 1 24
22 24 1 45
22 25 1 46
22 26 1 27
22 27 1 86
22 28 1 38
22 29 1 46
22 30 1 46
22 31 1 30
22 32 1 44
23 24 1 43
23 25 1 23
23 26 1 26
23 27 1 33
23 28 1 97
23 29 1 33
23 30 1 73
23 31 1 46
23 32 1 38
24 25 1 50
24 26 1 28
24 27 1 49
24 28 1 76
24 29 1 94
24 30 1 66
24 31 1 70
24 32 1 55
25 26 1 15
25 27 1 80
25 28 1 78
25 29 1 57
25 30 1 41
25 31 1 63
25 32 1 70
26 27 1 46
26 28 1 100
26 29 1 89
26 30 1 40
26 31 1 35
26 32 1 58
27 28 1 25
27 29 1 43
27 30 1 43
27 31 1 39
27 32 1 26
27 33 1 34
27 34 1 89
27 35 1 64
27 36 1 75
27 37 1 50
28 29 1 14
28 30 1 41
28 31 1 33
28 32 1 28
28 33 1 34
28 34 1 89
28 35 1 95
28 36 1 70
28 37 1 38
29 30 1 39
29 31 1 50
29 32 1 26
29 33 1 47
29 34 1 89
29 35 1 62
29 36 1 90
29 37 1 85
30 31 1 47
30 32 1 10
30 33 1 37
30 34 1 67
30 35 1 81
30 36 1 70
30 37 1 36
31 32 1 12
31 33 1 46
31 34 1 68
31 35 1 97
31 36 1 63
31 37 1 61
32 33 1 83
32 34 1 50
32 35 1 49
32 36 1 93
32 37 1 54
33 34 1 42
33 35 1 47
33 36 1 46
33 37 1 30
33 38 1 81
33 39 1 88
33 40 1 75
33 41 1 96
34 35 1 12
34 36 1 44
34 37 1 10
34 38 1 46
34 39 1 54
34 40 1 59
34 41 1 66
35 36 1 24
35 37 1 37
35 38 1 84
35 39 1 54
35 40 1 89
35 41 1 99
36 37 1 42
36 38 1 53
36 39 1 38
36 40 1 100
36 41 1 61
37 38 1 59
37 39 1 56
37 40 1 64
37 41 1 43
38 39 1 23
38 40 1 23
38 41 1 39
38 42 1 63
38 43 1 75
38 44 1 38
38 45 1 35
39 40 1 39
39 41 1 15
39 42 1 68
39 43 1 37
39 44 1 63
39 45 1 58
40 41 1 11
40 42 1 75
40 43 1 62
40 44 1 58
40 45 1 79
41 42 1 57
41 43 1 42
41 44 1 45
41 45 1 38
42 43 1 47
42 44 1 50
42 45 1 32
42 46 1 94
42 47 1 86
42 48 1 61
42 49 1 45
43 44 1 29
43 45 1 17
43 46 1 55
43 47 1 32
43 48 1 63
43 49 1 85
44 45 1 37
44 46 1 69
44 47 1 75
44 48 1 54
44 49 1 44
45 46 1 58
45 47 1 48
45 48 1 60
45 49 1 45
46 47 1 15
46 48 1 18
46 49 1 49
46 50 1 56
47 48 1 43
47 49 1 33
47 50 1 68
48 49 1 33
48 50 1 61
49 50 1 65

1 2 2 53
1 3 2 85
1 4 2 58
1 5 2 84
1 6 2 85
2 3 2 41
2 4 2 14
2 5 2 32
2 6 2 20
2 7 2 34
2 8 2 98
2 9 2 52
2 10 2 92
2 11 2 58
3 4 2 45
3 5 2 16
3 6 2 46
3 7 2 68
3 8 2 44
3 9 2 93
3 10 2 86
3 11 2 39
4 5 2 10
4 6 2 43
4 7 2 79
4 8 2 39
4 9 2 81
4 10 2 32
4 11 2 88
5 6 2 34
5 7 2 60
5 8 2 70
5 9 2 96
5 10 2 69
5 11 2 87
6 7 2 47
6 8 2 85
6 9 2 30
6 10 2 31
6 11 2 92
7 8 2 23
7 9 2 37
7 10 2 49
7 11 2 18
7 12 2 48
7 13 2 74
7 14 2 82
7 15 2 66
7 16 2 61
8 9 2 36
8 10 2 38
8 11 2 33
8 12 2 62
8 13 2 90
8 14 2 48
8 15 2 52
8 16 2 77
9 10 2 30
9 11 2 39
9 12 2 63
9 13 2 92
9 14 2 95
9 15 2 30
9 16 2 99
10 11 2 11
10 12 2 33
10 13 2 67
10 14 2 36
10 15 2 49
10 16 2 53
11 12 2 83
11 13 2 69
11 14 2 39
11 15 2 63
11 16 2 34
12 13 2 23
12 14 2 47
12 15 2 42
12 16 2 46
12 17 2 78
12 18 2 72
12 19 2 76
12 20 2 70
12 21 2 43
13 14 2 31
13 15 2 11
13 16 2 40
13 17 2 31
13 18 2 37
13 19 2 46
13 20 2 57
13 21 2 84
14 15 2 24
14 16 2 23
14 17 2 80
14 18 2 95
14 19 2 33
14 20 2 81
14 21 2 80
15 16 2 43
15 17 2 58
15 18 2 32
15 19 2 73
15 20 2 77
15 21 2 45
16 17 2 56
16 18 2 34
16 19 2 73
16 20 2 32
16 21 2 97
17 18 2 26
17 19 2 31
17 20 2 17
17 21 2 19
17 22 2 88
17 23 2 40
17 24 2 89
17 25 2 83
17 26 2 38
18 19 2 14
18 20 2 28
18 21 2 42
18 22 2 58
18 23 2 39
18 24 2 84
18 25 2 35
18 26 2 85
19 20 2 15
19 21 2 18
19 22 2 81
19 23 2 87
19 24 2 34
19 25 2 50
19 26 2 35
20 21 2 46
20 22 2 47
20 23 2 48
20 24 2 56
20 25 2 83
20 26 2 59
21 22 2 43
21 23 2 67
21 24 2 67
21 25 2 47
21 26 2 48
22 23 2 36
22 24 2 35
22 25 2 50
22 26 2 35
22 27 2 36
22 28 2 39
22 29 2 39
22 30 2 32
22 31 2 52
22 32 2 49
23 24 2 50
23 25 2 44
23 26 2 13
23 27 2 46
23 28 2 87
23 29 2 98
23 30 2 58
23 31 2 44
23 32 2 84
24 25 2 45
24 26 2 20
24 27 2 55
24 28 2 92
24 29 2 38
24 30 2 100
24 31 2 47
24 32 2 65
25 26 2 17
25 27 2 33
25 28 2 92
25 29 2 72
25 30 2 51
25 31 2 43
25 32 2 70
26 27 2 82
26 28 2 45
26 29 2 51
26 30 2 62
26 31 2 45
26 32 2 59
27 28 2 46
27 29 2 30
27 30 2 12
27 31 2 17
27 32 2 23
27 33 2 96
27 34 2 36
27 35 2 55
27 36 2 91
27 37 2 67
28 29 2 18
28 30 2 37
28 31 2 15
28 32 2 12
28 33 2 76
28 34 2 68
28 35 2 80
28 36 2 55
28 37 2 80
29 30 2 32
29 31 2 41
29 32 2 50
29 33 2 52
29 34 2 72
29 35 2 54
29 36 2 87
29 37 2 46
30 31 2 35
30 32 2 40
30 33 2 49
30 34 2 75
30 35 2 86
30 36 2 32
30 37 2 31
31 32 2 20
31 33 2 54
31 34 2 56
31 35 2 42
31 36 2 80
31 37 2 72
32 33 2 33
32 34 2 85
32 35 2 33
32 36 2 80
32 37 2 54
33 34 2 40
33 35 2 37
33 36 2 16
33 37 2 22
33 38 2 98
33 39 2 37
33 40 2 52
33 41 2 73
34 35 2 16
34 36 2 26
34 37 2 23
34 38 2 66
34 39 2 66
34 40 2 75
34 41 2 32
35 36 2 20
35 37 2 27
35 38 2 54
35 39 2 94
35 40 2 83
35 41 2 66
36 37 2 23
36 38 2 74
36 39 2 45
36 40 2 38
36 41 2 44
37 38 2 75
37 39 2 42
37 40 2 83
37 41 2 47
38 39 2 44
38 40 2 18
38 41 2 50
38 42 2 64
38 43 2 69
38 44 2 79
38 45 2 32
39 40 2 28
39 41 2 20
39 42 2 48
39 43 2 94
39 44 2 35
39 45 2 71
40 41 2 18
40 42 2 71
40 43 2 68
40 44 2 85
40 45 2 63
41 42 2 55
41 43 2 57
41 44 2 94
41 45 2 93
42 43 2 22
42 44 2 37
42 45 2 26
42 46 2 77
42 47 2 48
42 48 2 99
42 49 2 89
43 44 2 41
43 45 2 33
43 46 2 36
43 47 2 49
43 48 2 66
43 49 2 31
44 45 2 44
44 46 2 33
44 47 2 39
44 48 2 82
44 49 2 35
45 46 2 45
45 47 2 59
45 48 2 59
45 49 2 56
46 47 2 16
46 48 2 47
46 49 2 20
46 50 2 35
47 48 2 29
47 49 2 34
47 50 2 50
48 49 2 25
48 50 2 52
49 50 2 65

1 2 3 35
1 3 3 84
1 4 3 32
1 5 3 98
1 6 3 98
2 3 3 19
2 4 3 48
2 5 3 17
2 6 3 45
2 7 3 72
2 8 3 69
2 9 3 79
2 10 3 57
2 11 3 76
3 4 3 33
3 5 3 50
3 6 3 40
3 7 3 80
3 8 3 35
3 9 3 48
3 10 3 76
3 11 3 58
4 5 3 19
4 6 3 24
4 7 3 37
4 8 3 30
4 9 3 97
4 10 3 59
4 11 3 30
5 6 3 14
5 7 3 69
5 8 3 32
5 9 3 74
5 10 3 50
5 11 3 57
6 7 3 59
6 8 3 73
6 9 3 64
6 10 3 97
6 11 3 84
7 8 3 21
7 9 3 42
7 10 3 22
7 11 3 40
7 12 3 33
7 13 3 56
7 14 3 88
7 15 3 47
7 16 3 65
8 9 3 49
8 10 3 14
8 11 3 46
8 12 3 46
8 13 3 91
8 14 3 39
8 15 3 47
8 16 3 93
9 10 3 30
9 11 3 13
9 12 3 88
9 13 3 88
9 14 3 75
9 15 3 78
9 16 3 36
10 11 3 35
10 12 3 99
10 13 3 89
10 14 3 38
10 15 3 77
10 16 3 61
11 12 3 46
11 13 3 60
11 14 3 46
11 15 3 96
11 16 3 75
12 13 3 24
12 14 3 49
12 15 3 23
12 16 3 14
12 17 3 60
12 18 3 39
12 19 3 88
12 20 3 71
12 21 3 45
13 14 3 29
13 15 3 36
13 16 3 41
13 17 3 47
13 18 3 78
13 19 3 37
13 20 3 60
13 21 3 48
14 15 3 22
14 16 3 24
14 17 3 39
14 18 3 58
14 19 3 92
14 20 3 45
14 21 3 56
15 16 3 29
15 17 3 51
15 18 3 67
15 19 3 84
15 20 3 97
15 21 3 45
16 17 3 54
16 18 3 37
16 19 3 36
16 20 3 98
16 21 3 75
17 18 3 34
17 19 3 20
17 20 3 12
17 21 3 28
17 22 3 56
17 23 3 87
17 24 3 35
17 25 3 62
17 26 3 77
18 19 3 50
18 20 3 32
18 21 3 29
18 22 3 83
18 23 3 54
18 24 3 89
18 25 3 51
18 26 3 46
19 20 3 15
19 21 3 19
19 22 3 81
19 23 3 78
19 24 3 72
19 25 3 91
19 26 3 53
20 21 3 10
20 22 3 53
20 23 3 32
20 24 3 52
20 25 3 64
20 26 3 70
21 22 3 52
21 23 3 97
21 24 3 50
21 25 3 50
21 26 3 56
22 23 3 40
22 24 3 15
22 25 3 20
22 26 3 31
22 27 3 78
22 28 3 35
22 29 3 44
22 30 3 77
22 31 3 90
22 32 3 78
23 24 3 14
23 25 3 24
23 26 3 19
23 27 3 35
23 28 3 55
23 29 3 64
23 30 3 34
23 31 3 33
23 32 3 36
24 25 3 23
24 26 3 25
24 27 3 51
24 28 3 49
24 29 3 49
24 30 3 58
24 31 3 96
24 32 3 90
25 26 3 24
25 27 3 34
25 28 3 40
25 29 3 62
25 30 3 40
25 31 3 77
25 32 3 40
26 27 3 93
26 28 3 75
26 29 3 68
26 30 3 90
26 31 3 40
26 32 3 61
27 28 3 22
27 29 3 12
27 30 3 15
27 31 3 35
27 32 3 32
27 33 3 92
27 34 3 67
27 35 3 35
27 36 3 43
27 37 3 87
28 29 3 17
28 30 3 29
28 31 3 32
28 32 3 46
28 33 3 59
28 34 3 31
28 35 3 32
28 36 3 48
28 37 3 39
29 30 3 34
29 31 3 35
29 32 3 30
29 33 3 90
29 34 3 41
29 35 3 66
29 36 3 87
29 37 3 33
30 31 3 13
30 32 3 29
30 33 3 62
30 34 3 78
30 35 3 70
30 36 3 46
30 37 3 50
31 32 3 39
31 33 3 36
31 34 3 34
31 35 3 80
31 36 3 69
31 37 3 86
32 33 3 100
32 34 3 41
32 35 3 43
32 36 3 64
32 37 3 52
33 34 3 24
33 35 3 47
33 36 3 39
33 37 3 17
33 38 3 32
33 39 3 78
33 40 3 35
33 41 3 74
34 35 3 40
34 36 3 31
34 37 3 22
34 38 3 32
34 39 3 32
34 40 3 45
34 41 3 33
35 36 3 31
35 37 3 48
35 38 3 81
35 39 3 82
35 40 3 42
35 41 3 45
36 37 3 41
36 38 3 45
36 39 3 61
36 40 3 38
36 41 3 46
37 38 3 72
37 39 3 97
37 40 3 91
37 41 3 98
38 39 3 28
38 40 3 26
38 41 3 39
38 42 3 96
38 43 3 72
38 44 3 83
38 45 3 45
39 40 3 11
39 41 3 11
39 42 3 55
39 43 3 74
39 44 3 89
39 45 3 62
40 41 3 45
40 42 3 44
40 43 3 93
40 44 3 75
40 45 3 94
41 42 3 69
41 43 3 37
41 44 3 95
41 45 3 38
42 43 3 11
42 44 3 10
42 45 3 49
42 46 3 71
42 47 3 62
42 48 3 54
42 49 3 54
43 44 3 13
43 45 3 29
43 46 3 35
43 47 3 42
43 48 3 53
43 49 3 82
44 45 3 33
44 46 3 38
44 47 3 36
44 48 3 59
44 49 3 31
45 46 3 53
45 47 3 51
45 48 3 93
45 49 3 75
46 47 3 18
46 48 3 30
46 49 3 47
46 50 3 47
47 48 3 10
47 49 3 11
47 50 3 44
48 49 3 48
48 50 3 43
49 50 3 73

1 2 4 33
1 3 4 36
1 4 4 83
1 5 4 53
1 6 4 66
2 3 4 26
2 4 4 38
2 5 4 35
2 6 4 33
2 7 4 94
2 8 4 36
2 9 4 33
2 10 4 90
2 11 4 46
3 4 4 45
3 5 4 24
3 6 4 48
3 7 4 40
3 8 4 39
3 9 4 61
3 10 4 51
3 11 4 44
4 5 4 41
4 6 4 16
4 7 4 53
4 8 4 83
4 9 4 81
4 10 4 31
4 11 4 82
5 6 4 15
5 7 4 37
5 8 4 96
5 9 4 65
5 10 4 91
5 11 4 38
6 7 4 73
6 8 4 58
6 9 4 65
6 10 4 82
6 11 4 74
7 8 4 36
7 9 4 45
7 10 4 49
7 11 4 47
7 12 4 85
7 13 4 53
7 14 4 73
7 15 4 85
7 16 4 65
8 9 4 15
8 10 4 27
8 11 4 14
8 12 4 71
8 13 4 69
8 14 4 79
8 15 4 39
8 16 4 48
9 10 4 18
9 11 4 11
9 12 4 45
9 13 4 59
9 14 4 39
9 15 4 35
9 16 4 35
10 11 4 39
10 12 4 77
10 13 4 75
10 14 4 78
10 15 4 65
10 16 4 74
11 12 4 75
11 13 4 87
11 14 4 72
11 15 4 92
11 16 4 43
12 13 4 50
12 14 4 48
12 15 4 28
12 16 4 24
12 17 4 68
12 18 4 70
12 19 4 62
12 20 4 58
12 21 4 70
13 14 4 11
13 15 4 25
13 16 4 30
13 17 4 32
13 18 4 98
13 19 4 66
13 20 4 53
13 21 4 76
14 15 4 40
14 16 4 46
14 17 4 86
14 18 4 32
14 19 4 86
14 20 4 45
14 21 4 52
15 16 4 18
15 17 4 96
15 18 4 84
15 19 4 61
15 20 4 96
15 21 4 98
16 17 4 73
16 18 4 88
16 19 4 94
16 20 4 63
16 21 4 74
17 18 4 42
17 19 4 18
17 20 4 29
17 21 4 14
17 22 4 44
17 23 4 84
17 24 4 51
17 25 4 39
17 26 4 40
18 19 4 44
18 20 4 27
18 21 4 21
18 22 4 43
18 23 4 54
18 24 4 100
18 25 4 98
18 26 4 89
19 20 4 41
19 21 4 49
19 22 4 48
19 23 4 98
19 24 4 59
19 25 4 58
19 26 4 62
20 21 4 37
20 22 4 53
20 23 4 62
20 24 4 62
20 25 4 66
20 26 4 60
21 22 4 50
21 23 4 47
21 24 4 93
21 25 4 52
21 26 4 35
22 23 4 33
22 24 4 45
22 25 4 24
22 26 4 45
22 27 4 46
22 28 4 41
22 29 4 51
22 30 4 56
22 31 4 79
22 32 4 49
23 24 4 14
23 25 4 32
23 26 4 27
23 27 4 73
23 28 4 55
23 29 4 43
23 30 4 32
23 31 4 81
23 32 4 42
24 25 4 31
24 26 4 37
24 27 4 87
24 28 4 91
24 29 4 31
24 30 4 64
24 31 4 78
24 32 4 75
25 26 4 43
25 27 4 89
25 28 4 69
25 29 4 42
25 30 4 40
25 31 4 34
25 32 4 86
26 27 4 50
26 28 4 42
26 29 4 50
26 30 4 71
26 31 4 31
26 32 4 43
27 28 4 26
27 29 4 38
27 30 4 33
27 31 4 32
27 32 4 31
27 33 4 70
27 34 4 88
27 35 4 42
27 36 4 68
27 37 4 94
28 29 4 49
28 30 4 12
28 31 4 41
28 32 4 25
28 33 4 66
28 34 4 57
28 35 4 58
28 36 4 36
28 37 4 83
29 30 4 36
29 31 4 13
29 32 4 48
29 33 4 65
29 34 4 61
29 35 4 79
29 36 4 32
29 37 4 89
30 31 4 41
30 32 4 37
30 33 4 48
30 34 4 57
30 35 4 32
30 36 4 96
30 37 4 55
31 32 4 21
31 33 4 43
31 34 4 54
31 35 4 36
31 36 4 73
31 37 4 41
32 33 4 62
32 34 4 36
32 35 4 79
32 36 4 50
32 37 4 30
33 34 4 17
33 35 4 22
33 36 4 25
33 37 4 46
33 38 4 96
33 39 4 38
33 40 4 48
33 41 4 38
34 35 4 30
34 36 4 27
34 37 4 38
34 38 4 30
34 39 4 54
34 40 4 88
34 41 4 76
35 36 4 18
35 37 4 35
35 38 4 100
35 39 4 57
35 40 4 54
35 41 4 96
36 37 4 45
36 38 4 52
36 39 4 54
36 40 4 59
36 41 4 62
37 38 4 32
37 39 4 63
37 40 4 93
37 41 4 73
38 39 4 50
38 40 4 42
38 41 4 25
38 42 4 79
38 43 4 89
38 44 4 63
38 45 4 50
39 40 4 11
39 41 4 41
39 42 4 86
39 43 4 31
39 44 4 59
39 45 4 73
40 41 4 20
40 42 4 51
40 43 4 32
40 44 4 40
40 45 4 95
41 42 4 86
41 43 4 52
41 44 4 62
41 45 4 46
42 43 4 19
42 44 4 21
42 45 4 35
42 46 4 30
42 47 4 30
42 48 4 49
42 49 4 57
43 44 4 46
43 45 4 39
43 46 4 64
43 47 4 42
43 48 4 40
43 49 4 84
44 45 4 16
44 46 4 88
44 47 4 51
44 48 4 32
44 49 4 67
45 46 4 41
45 47 4 63
45 48 4 92
45 49 4 81
46 47 4 35
46 48 4 27
46 49 4 10
46 50 4 63
47 48 4 39
47 49 4 18
47 50 4 49
48 49 4 28
48 50 4 86
49 50 4 89

