1 2 1 72
1 3 1 58
1 4 1 52
1 5 1 47
1 6 1 71
2 3 1 10
2 4 1 47
2 5 1 13
2 6 1 27
2 7 1 63
2 8 1 48
2 9 1 91
2 10 1 50
2 11 1 80
3 4 1 41
3 5 1 47
3 6 1 27
3 7 1 73
3 8 1 47
3 9 1 31
3 10 1 97
3 11 1 98
4 5 1 43
4 6 1 12
4 7 1 30
4 8 1 38
4 9 1 88
4 10 1 40
4 11 1 60
5 6 1 10
5 7 1 71
5 8 1 68
5 9 1 94
5 10 1 53
5 11 1 77
6 7 1 55
6 8 1 73
6 9 1 68
6 10 1 32
6 11 1 94
7 8 1 46
7 9 1 27
7 10 1 48
7 11 1 29
7 12 1 30
7 13 1 40
7 14 1 90
7 15 1 76
7 16 1 93
8 9 1 32
8 10 1 19
8 11 1 37
8 12 1 89
8 13 1 49
8 14 1 99
8 15 1 61
8 16 1 87
9 10 1 31
9 11 1 17
9 12 1 50
9 13 1 51
9 14 1 56
9 15 1 32
9 16 1 51
10 11 1 43
10 12 1 33
10 13 1 73
10 14 1 70
10 15 1 99
10 16 1 78
11 12 1 88
11 13 1 89
11 14 1 32
11 15 1 39
11 16 1 66
12 13 1 22
12 14 1 17
12 15 1 28
12 16 1 24
12 17 1 55
12 18 1 86
12 19 1 37
12 20 1 82
12 21 1 72
13 14 1 35
13 15 1 46
13 16 1 20
13 17 1 63
13 18 1 49
13 19 1 30
13 20 1 63
13 21 1 34
14 15 1 27
14 16 1 31
14 17 1 46
14 18 1 69
14 19 1 85
14 20 1 98
14 21 1 71
15 16 1 18
15 17 1 87
15 18 1 93
15 19 1 67
15 20 1 56
15 21 1 98
16 17 1 54
16 18 1 32
16 19 1 93
16 20 1 90
16 21 1 88
17 18 1 13
17 19 1 15
17 20 1 34
17 21 1 27
17 22 1 46
17 23 1 60
17 24 1 63
17 25 1 75
17 26 1 40
17 27 1 40
18 19 1 45
18 20 1 47
18 21 1 40
18 22 1 43
18 23 1 42
18 24 1 84
18 25 1 49
18 26 1 97
18 27 1 45
19 20 1 21
19 21 1 20
19 22 1 36
19 23 1 67
19 24 1 96
19 25 1 81
19 26 1 43
19 27 1 48
20 21 1 24
20 22 1 32
20 23 1 41
20 24 1 50
20 25 1 35
20 26 1 64
20 27 1 65
21 22 1 36
21 23 1 52
21 24 1 48
21 25 1 53
21 26 1 64
21 27 1 68
22 23 1 28
22 24 1 27
22 25 1 16
22 26 1 45
22 27 1 44
22 28 1 96
22 29 1 94
22 30 1 57
22 31 1 38
22 32 1 87
23 24 1 48
23 25 1 22
23 26 1 18
23 27 1 12
23 28 1 67
23 29 1 57
23 30 1 78
23 31 1 65
23 32 1 58
24 25 1 41
24 26 1 38
24 27 1 50
24 28 1 97
24 29 1 34
24 30 1 42
24 31 1 79
24 32 1 62
25 26 1 28
25 27 1 38
25 28 1 56
25 29 1 63
25 30 1 89
25 31 1 71
25 32 1 99
26 27 1 19
26 28 1 40
26 29 1 58
26 30 1 31
26 31 1 89
26 32 1 62
27 28 1 61
27 29 1 67
27 30 1 58
27 31 1 60
27 32 1 74
28 29 1 40
28 30 1 12
28 31 1 24
28 32 1 27
28 33 1 50
28 34 1 78
28 35 1 56
28 36 1 44
29 30 1 38
29 31 1 43
29 32 1 41
29 33 1 37
29 34 1 31
29 35 1 63
29 36 1 73
30 31 1 46
30 32 1 11
30 33 1 67
30 34 1 31
30 35 1 36
30 36 1 66
31 32 1 12
31 33 1 84
31 34 1 80
31 35 1 34
31 36 1 30
32 33 1 84
32 34 1 58
32 35 1 58
32 36 1 48
33 34 1 23
33 35 1 14
33 36 1 21
33 37 1 59
33 38 1 68
33 39 1 93
33 40 1 98
34 35 1 47
34 36 1 14
34 37 1 97
34 38 1 81
34 39 1 52
34 40 1 49
35 36 1 26
35 37 1 42
35 38 1 98
35 39 1 40
35 40 1 47
36 37 1 33
36 38 1 48
36 39 1 66
36 40 1 86
37 38 1 32
37 39 1 46
37 40 1 13
37 41 1 77
37 42 1 53
37 43 1 62
37 44 1 57
37 45 1 30
38 39 1 20
38 40 1 25
38 41 1 100
38 42 1 96
38 43 1 84
38 44 1 42
38 45 1 88
39 40 1 12
39 41 1 33
39 42 1 50
39 43 1 61
39 44 1 95
39 45 1 94
40 41 1 56
40 42 1 64
40 43 1 37
40 44 1 85
40 45 1 74
41 42 1 32
41 43 1 19
41 44 1 27
41 45 1 39
41 46 1 76
41 47 1 41
41 48 1 75
41 49 1 75
42 43 1 48
42 44 1 22
42 45 1 29
42 46 1 52
42 47 1 76
42 48 1 81
42 49 1 50
43 44 1 14
43 45 1 45
43 46 1 56
43 47 1 89
43 48 1 95
43 49 1 84
44 45 1 10
44 46 1 90
44 47 1 97
44 48 1 32
44 49 1 61
45 46 1 39
45 47 1 86
45 48 1 87
45 49 1 38
46 47 1 34
46 48 1 14
46 49 1 32
46 50 1 99
47 48 1 17
47 49 1 35
47 50 1 52
48 49 1 21
48 50 1 64
49 50 1 71

1 2 2 61
1 3 2 79
1 4 2 41
1 5 2 41
1 6 2 50
2 3 2 36
2 4 2 50
2 5 2 14
2 6 2 44
2 7 2 56
2 8 2 72
2 9 2 46
2 10 2 62
2 11 2 73
3 4 2 28
3 5 2 47
3 6 2 46
3 7 2 89
3 8 2 47
3 9 2 48
3 10 2 60
3 11 2 51
4 5 2 15
4 6 2 47
4 7 2 55
4 8 2 92
4 9 2 58
4 10 2 44
4 11 2 96
5 6 2 31
5 7 2 58
5 8 2 33
5 9 2 98
5 10 2 98
5 11 2 49
6 7 2 48
6 8 2 34
6 9 2 81
6 10 2 76
6 11 2 36
7 8 2 49
7 9 2 46
7 10 2 33
7 11 2 27
7 12 2 43
7 13 2 82
7 14 2 55
7 15 2 68
7 16 2 47
8 9 2 32
8 10 2 36
8 11 2 12
8 12 2 75
8 13 2 40
8 14 2 55
8 15 2 100
8 16 2 75
9 10 2 40
9 11 2 29
9 12 2 100
9 13 2 60
9 14 2 91
9 15 2 72
9 16 2 59
10 11 2 45
10 12 2 83
10 13 2 93
10 14 2 100
10 15 2 99
10 16 2 49
11 12 2 65
11 13 2 88
11 14 2 98
11 15 2 61
11 16 2 49
12 13 2 25
12 14 2 42
12 15 2 16
12 16 2 39
12 17 2 37
12 18 2 42
12 19 2 42
12 20 2 58
12 21 2 53
13 14 2 38
13 15 2 48
13 16 2 48
13 17 2 72
13 18 2 33
13 19 2 86
13 20 2 90
13 21 2 76
14 15 2 49
14 16 2 13
14 17 2 38
14 18 2 37
14 19 2 55
14 20 2 72
14 21 2 36
15 16 2 36
15 17 2 86
15 18 2 60
15 19 2 55
15 20 2 74
15 21 2 60
16 17 2 67
16 18 2 52
16 19 2 91
16 20 2 94
16 21 2 86
17 18 2 35
17 19 2 46
17 20 2 37
17 21 2 34
17 22 2 41
17 23 2 92
17 24 2 33
17 25 2 73
17 26 2 46
17 27 2 86
18 19 2 17
18 20 2 43
18 21 2 48
18 22 2 88
18 23 2 65
18 24 2 74
18 25 2 97
18 26 2 83
18 27 2 92
19 20 2 46
19 21 2 16
19 22 2 88
19 23 2 40
19 24 2 45
19 25 2 33
19 26 2 41
19 27 2 53
20 21 2 50
20 22 2 53
20 23 2 97
20 24 2 37
20 25 2 51
20 26 2 50
20 27 2 38
21 22 2 62
21 23 2 38
21 24 2 35
21 25 2 84
21 26 2 83
21 27 2 82
22 23 2 48
22 24 2 42
22 25 2 35
22 26 2 37
22 27 2 43
22 28 2 51
22 29 2 32
22 30 2 33
22 31 2 43
22 32 2 40
23 24 2 25
23 25 2 18
23 26 2 32
23 27 2 41
23 28 2 48
23 29 2 45
23 30 2 55
23 31 2 75
23 32 2 58
24 25 2 32
24 26 2 17
24 27 2 17
24 28 2 88
24 29 2 64
24 30 2 86
24 31 2 99
24 32 2 92
25 26 2 44
25 27 2 32
25 28 2 46
25 29 2 43
25 30 2 45
25 31 2 46
25 32 2 55
26 27 2 32
26 28 2 61
26 29 2 49
26 30 2 83
26 31 2 65
26 32 2 60
27 28 2 67
27 29 2 55
27 30 2 78
27 31 2 43
27 32 2 63
28 29 2 13
28 30 2 21
28 31 2 24
28 32 2 19
28 33 2 65
28 34 2 63
28 35 2 44
28 36 2 90
29 30 2 45
29 31 2 32
29 32 2 26
29 33 2 100
29 34 2 98
29 35 2 48
29 36 2 74
30 31 2 35
30 32 2 23
30 33 2 83
30 34 2 66
30 35 2 84
30 36 2 65
31 32 2 41
31 33 2 75
31 34 2 34
31 35 2 90
31 36 2 46
32 33 2 44
32 34 2 70
32 35 2 68
32 36 2 36
33 34 2 40
33 35 2 39
33 36 2 41
33 37 2 75
33 38 2 99
33 39 2 95
33 40 2 68
34 35 2 40
34 36 2 17
34 37 2 47
34 38 2 49
34 39 2 63
34 40 2 72
35 36 2 45
35 37 2 33
35 38 2 45
35 39 2 88
35 40 2 78
36 37 2 53
36 38 2 95
36 39 2 42
36 40 2 98
37 38 2 11
37 39 2 31
37 40 2 27
37 41 2 83
37 42 2 86
37 43 2 97
37 44 2 60
37 45 2 77
38 39 2 10
38 40 2 38
38 41 2 53
38 42 2 49
38 43 2 83
38 44 2 94
38 45 2 91
39 40 2 24
39 41 2 79
39 42 2 70
39 43 2 39
39 44 2 60
39 45 2 54
40 41 2 65
40 42 2 58
40 43 2 51
40 44 2 95
40 45 2 92
41 42 2 40
41 43 2 38
41 44 2 26
41 45 2 18
41 46 2 54
41 47 2 82
41 48 2 44
41 49 2 39
42 43 2 45
42 44 2 24
42 45 2 32
42 46 2 62
42 47 2 47
42 48 2 78
42 49 2 70
43 44 2 17
43 45 2 24
43 46 2 66
43 47 2 44
43 48 2 98
43 49 2 85
44 45 2 29
44 46 2 56
44 47 2 67
44 48 2 32
44 49 2 67
45 46 2 40
45 47 2 36
45 48 2 43
45 49 2 56
46 47 2 37
46 48 2 26
46 49 2 39
46 50 2 77
47 48 2 17
47 49 2 45
47 50 2 79
48 49 2 13
48 50 2 98
49 50 2 67

1 2 3 94
1 3 3 49
1 4 3 38
1 5 3 30
1 6 3 87
2 3 3 11
2 4 3 38
2 5 3 24
2 6 3 12
2 7 3 48
2 8 3 75
2 9 3 65
2 10 3 31
2 11 3 100
3 4 3 32
3 5 3 24
3 6 3 15
3 7 3 38
3 8 3 46
3 9 3 45
3 10 3 60
3 11 3 36
4 5 3 38
4 6 3 34
4 7 3 58
4 8 3 99
4 9 3 57
4 10 3 53
4 11 3 55
5 6 3 11
5 7 3 57
5 8 3 61
5 9 3 33
5 10 3 59
5 11 3 35
6 7 3 100
6 8 3 37
6 9 3 50
6 10 3 76
6 11 3 43
7 8 3 35
7 9 3 30
7 10 3 34
7 11 3 44
7 12 3 98
7 13 3 61
7 14 3 38
7 15 3 79
7 16 3 37
8 9 3 28
8 10 3 11
8 11 3 46
8 12 3 56
8 13 3 44
8 14 3 85
8 15 3 58
8 16 3 83
9 10 3 23
9 11 3 12
9 12 3 81
9 13 3 41
9 14 3 70
9 15 3 55
9 16 3 61
10 11 3 47
10 12 3 95
10 13 3 39
10 14 3 46
10 15 3 89
10 16 3 37
11 12 3 56
11 13 3 43
11 14 3 56
11 15 3 32
11 16 3 67
12 13 3 33
12 14 3 21
12 15 3 34
12 16 3 28
12 17 3 33
12 18 3 34
12 19 3 66
12 20 3 53
12 21 3 74
13 14 3 32
13 15 3 14
13 16 3 16
13 17 3 56
13 18 3 61
13 19 3 33
13 20 3 61
13 21 3 51
14 15 3 21
14 16 3 45
14 17 3 74
14 18 3 33
14 19 3 81
14 20 3 42
14 21 3 82
15 16 3 10
15 17 3 38
15 18 3 94
15 19 3 79
15 20 3 81
15 21 3 64
16 17 3 44
16 18 3 85
16 19 3 68
16 20 3 67
16 21 3 87
17 18 3 39
17 19 3 16
17 20 3 38
17 21 3 29
17 22 3 47
17 23 3 100
17 24 3 64
17 25 3 54
17 26 3 75
17 27 3 60
18 19 3 29
18 20 3 49
18 21 3 26
18 22 3 94
18 23 3 93
18 24 3 77
18 25 3 57
18 26 3 56
18 27 3 69
19 20 3 48
19 21 3 31
19 22 3 91
19 23 3 59
19 24 3 87
19 25 3 31
19 26 3 98
19 27 3 57
20 21 3 31
20 22 3 73
20 23 3 34
20 24 3 100
20 25 3 60
20 26 3 75
20 27 3 50
21 22 3 41
21 23 3 69
21 24 3 36
21 25 3 33
21 26 3 76
21 27 3 45
22 23 3 28
22 24 3 42
22 25 3 12
22 26 3 28
22 27 3 22
22 28 3 90
22 29 3 83
22 30 3 94
22 31 3 59
22 32 3 51
23 24 3 25
23 25 3 40
23 26 3 10
23 27 3 19
23 28 3 61
23 29 3 56
23 30 3 80
23 31 3 81
23 32 3 67
24 25 3 43
24 26 3 14
24 27 3 12
24 28 3 57
24 29 3 92
24 30 3 94
24 31 3 48
24 32 3 51
25 26 3 42
25 27 3 49
25 28 3 92
25 29 3 43
25 30 3 33
25 31 3 66
25 32 3 70
26 27 3 30
26 28 3 92
26 29 3 79
26 30 3 70
26 31 3 82
26 32 3 71
27 28 3 89
27 29 3 74
27 30 3 58
27 31 3 52
27 32 3 89
28 29 3 36
28 30 3 46
28 31 3 31
28 32 3 10
28 33 3 70
28 34 3 35
28 35 3 42
28 36 3 36
29 30 3 31
29 31 3 35
29 32 3 17
29 33 3 60
29 34 3 30
29 35 3 65
29 36 3 46
30 31 3 17
30 32 3 17
30 33 3 31
30 34 3 81
30 35 3 95
30 36 3 37
31 32 3 41
31 33 3 32
31 34 3 52
31 35 3 32
31 36 3 92
32 33 3 46
32 34 3 32
32 35 3 82
32 36 3 47
33 34 3 49
33 35 3 28
33 36 3 30
33 37 3 30
33 38 3 41
33 39 3 30
33 40 3 55
34 35 3 25
34 36 3 12
34 37 3 89
34 38 3 34
34 39 3 68
34 40 3 91
35 36 3 36
35 37 3 53
35 38 3 95
35 39 3 70
35 40 3 82
36 37 3 44
36 38 3 92
36 39 3 62
36 40 3 63
37 38 3 25
37 39 3 31
37 40 3 21
37 41 3 48
37 42 3 73
37 43 3 88
37 44 3 94
37 45 3 35
38 39 3 36
38 40 3 40
38 41 3 77
38 42 3 55
38 43 3 70
38 44 3 53
38 45 3 46
39 40 3 36
39 41 3 32
39 42 3 46
39 43 3 87
39 44 3 76
39 45 3 78
40 41 3 54
40 42 3 90
40 43 3 30
40 44 3 91
40 45 3 53
41 42 3 21
41 43 3 49
41 44 3 17
41 45 3 25
41 46 3 47
41 47 3 60
41 48 3 40
41 49 3 41
42 43 3 48
42 44 3 26
42 45 3 29
42 46 3 92
42 47 3 78
42 48 3 78
42 49 3 40
43 44 3 29
43 45 3 49
43 46 3 33
43 47 3 49
43 48 3 84
43 49 3 68
44 45 3 32
44 46 3 76
44 47 3 88
44 48 3 50
44 49 3 32
45 46 3 98
45 47 3 87
45 48 3 44
45 49 3 90
46 47 3 21
46 48 3 12
46 49 3 10
46 50 3 57
47 48 3 10
47 49 3 43
47 50 3 55
48 49 3 30
48 50 3 72
49 50 3 58

1 2 4 68
1 3 4 89
1 4 4 70
1 5 4 57
1 6 4 83
2 3 4 16
2 4 4 19
2 5 4 35
2 6 4 42
2 7 4 73
2 8 4 32
2 9 4 99
2 10 4 69
2 11 4 48
3 4 4 50
3 5 4 29
3 6 4 14
3 7 4 33
3 8 4 97
3 9 4 44
3 10 4 36
3 11 4 67
4 5 4 37
4 6 4 46
4 7 4 61
4 8 4 95
4 9 4 33
4 10 4 93
4 11 4 84
5 6 4 11
5 7 4 49
5 8 4 76
5 9 4 77
5 10 4 62
5 11 4 82
6 7 4 83
6 8 4 36
6 9 4 92
6 10 4 53
6 11 4 41
7 8 4 20
7 9 4 30
7 10 4 46
7 11 4 41
7 12 4 97
7 13 4 68
7 14 4 80
7 15 4 45
7 16 4 96
8 9 4 30
8 10 4 39
8 11 4 21
8 12 4 75
8 13 4 97
8 14 4 58
8 15 4 71
8 16 4 35
9 10 4 10
9 11 4 49
9 12 4 51
9 13 4 83
9 14 4 79
9 15 4 62
9 16 4 79
10 11 4 19
10 12 4 78
10 13 4 49
10 14 4 33
10 15 4 60
10 16 4 70
11 12 4 56
11 13 4 46
11 14 4 60
11 15 4 86
11 16 4 67
12 13 4 35
12 14 4 45
12 15 4 20
12 16 4 32
12 17 4 85
12 18 4 67
12 19 4 98
12 20 4 68
12 21 4 35
13 14 4 34
13 15 4 30
13 16 4 12
13 17 4 97
13 18 4 60
13 19 4 52
13 20 4 100
13 21 4 56
14 15 4 31
14 16 4 42
14 17 4 69
14 18 4 51
14 19 4 78
14 20 4 59
14 21 4 80
15 16 4 29
15 17 4 81
15 18 4 94
15 19 4 67
15 20 4 34
15 21 4 40
16 17 4 61
16 18 4 44
16 19 4 84
16 20 4 34
16 21 4 79
17 18 4 33
17 19 4 46
17 20 4 33
17 21 4 16
17 22 4 91
17 23 4 82
17 24 4 80
17 25 4 52
17 26 4 88
17 27 4 76
18 19 4 10
18 20 4 35
18 21 4 49
18 22 4 99
18 23 4 51
18 24 4 54
18 25 4 70
18 26 4 89
18 27 4 30
19 20 4 30
19 21 4 29
19 22 4 81
19 23 4 83
19 24 4 70
19 25 4 65
19 26 4 70
19 27 4 46
20 21 4 20
20 22 4 86
20 23 4 61
20 24 4 100
20 25 4 96
20 26 4 70
20 27 4 78
21 22 4 32
21 23 4 95
21 24 4 80
21 25 4 90
21 26 4 77
21 27 4 31
22 23 4 36
22 24 4 14
22 25 4 26
22 26 4 12
22 27 4 31
22 28 4 84
22 29 4 47
22 30 4 59
22 31 4 30
22 32 4 36
23 24 4 45
23 25 4 40
23 26 4 35
23 27 4 12
23 28 4 71
23 29 4 47
23 30 4 75
23 31 4 67
23 32 4 91
24 25 4 17
24 26 4 46
24 27 4 45
24 28 4 48
24 29 4 87
24 30 4 33
24 31 4 51
24 32 4 100
25 26 4 26
25 27 4 30
25 28 4 53
25 29 4 63
25 30 4 89
25 31 4 98
25 32 4 55
26 27 4 40
26 28 4 99
26 29 4 33
26 30 4 61
26 31 4 72
26 32 4 97
27 28 4 64
27 29 4 78
27 30 4 100
27 31 4 42
27 32 4 98
28 29 4 18
28 30 4 50
28 31 4 45
28 32 4 44
28 33 4 43
28 34 4 92
28 35 4 73
28 36 4 54
29 30 4 21
29 31 4 10
29 32 4 48
29 33 4 32
29 34 4 45
29 35 4 45
29 36 4 60
30 31 4 28
30 32 4 28
30 33 4 45
30 34 4 85
30 35 4 76
30 36 4 94
31 32 4 50
31 33 4 50
31 34 4 41
31 35 4 68
31 36 4 48
32 33 4 99
32 34 4 51
32 35 4 45
32 36 4 85
33 34 4 38
33 35 4 13
33 36 4 21
33 37 4 100
33 38 4 97
33 39 4 78
33 40 4 36
34 35 4 10
34 36 4 49
34 37 4 40
34 38 4 99
34 39 4 49
34 40 4 34
35 36 4 22
35 37 4 79
35 38 4 80
35 39 4 93
35 40 4 56
36 37 4 75
36 38 4 66
36 39 4 30
36 40 4 55
37 38 4 41
37 39 4 21
37 40 4 48
37 41 4 76
37 42 4 31
37 43 4 94
37 44 4 82
37 45 4 85
38 39 4 42
38 40 4 16
38 41 4 60
38 42 4 42
38 43 4 78
38 44 4 87
38 45 4 55
39 40 4 15
39 41 4 62
39 42 4 70
39 43 4 78
39 44 4 59
39 45 4 92
40 41 4 33
40 42 4 65
40 43 4 77
40 44 4 70
40 45 4 91
41 42 4 43
41 43 4 43
41 44 4 13
41 45 4 32
41 46 4 36
41 47 4 64
41 48 4 97
41 49 4 57
42 43 4 46
42 44 4 45
42 45 4 18
42 46 4 92
42 47 4 34
42 48 4 95
42 49 4 97
43 44 4 31
43 45 4 43
43 46 4 87
43 47 4 86
43 48 4 89
43 49 4 56
44 45 4 18
44 46 4 81
44 47 4 33
44 48 4 30
44 49 4 60
45 46 4 69
45 47 4 78
45 48 4 66
45 49 4 53
46 47 4 25
46 48 4 47
46 49 4 38
46 50 4 75
47 48 4 14
47 49 4 35
47 50 4 74
48 49 4 19
48 50 4 59
49 50 4 100

